10100,106315,1,0
10100,13156,2,0
10100,13157,3,0
10100,6317,4,0
10100,13098,5,0
10100,6896,6,0
10100,13185,7,0
10100,6402,8,0
10100,6403,9,0
10100,6404,10,0
10100,6405,11,0
10100,13057,12,0
10100,6623,13,0
10100,6624,14,0
10100,6625,15,0
10100,15808,16,0
10100,6247,17,0
10100,6627,18,0
10100,6629,19,0
10100,15809,20,0
10100,6811,21,0
10100,6165,22,0
10100,6909,23,0
10100,6910,24,0
10100,6911,25,0
10100,13096,26,1
10101,13096,1,0
10101,6134,2,0
10101,6912,3,0
10101,6913,4,0
10101,13154,5,0
10101,15830,6,0
10101,6804,7,0
10101,6669,8,0
10101,6211,9,0
10101,13066,10,0
10101,6213,11,0
10101,6214,12,0
10101,6215,13,0
10101,6216,14,0
10101,6217,15,0
10101,6218,16,0
10101,6219,17,0
10101,6221,18,0
10101,13054,19,0
10101,6398,20,0
10101,6896,21,0
10101,13185,22,0
10101,6897,23,0
10101,13098,24,0
10101,14866,25,0
10101,106315,26,1
10200,15810,1,0
10200,13041,2,0
10200,6497,3,0
10200,13115,4,0
10200,6103,5,0
10200,6104,6,0
10200,6106,7,0
10200,6107,8,0
10200,13171,9,0
10200,6109,10,0
10200,6110,11,0
10200,6111,12,0
10200,6112,13,0
10200,6113,14,0
10200,13029,15,0
10200,6115,16,0
10200,6914,17,0
10200,6563,18,0
10200,15879,19,0
10200,6120,20,0
10200,6121,21,0
10200,6174,22,0
10200,13144,23,0
10200,13145,24,0
10200,6801,25,0
10200,6550,26,0
10200,6551,27,0
10200,6634,28,0
10200,13106,29,0
10200,6636,30,0
10200,6530,31,0
10200,6531,32,0
10200,13152,33,0
10200,13146,34,0
10200,13109,35,0
10200,6123,36,0
10200,6124,37,0
10200,6714,38,0
10200,6130,39,0
10200,6131,40,0
10200,6132,41,0
10200,6268,42,0
10200,13096,43,1
10201,13096,1,0
10201,6160,2,0
10201,6161,3,0
10201,13086,4,0
10201,6711,5,0
10201,6169,6,0
10201,6170,7,0
10201,13144,8,0
10201,13145,9,0
10201,6801,10,0
10201,6550,11,0
10201,6551,12,0
10201,6634,13,0
10201,13106,14,0
10201,6636,15,0
10201,6530,16,0
10201,6531,17,0
10201,13152,18,0
10201,13146,19,0
10201,13109,20,0
10201,6172,21,0
10201,6173,22,0
10201,6498,23,0
10201,6658,24,0
10201,6178,25,0
10201,15854,26,0
10201,6180,27,0
10201,6181,28,0
10201,6182,29,0
10201,6183,30,0
10201,6184,31,0
10201,6185,32,0
10201,15810,33,1
10300,13096,1,0
10300,6253,2,0
10300,6254,3,0
10300,6255,4,0
10300,6256,5,0
10300,6257,6,0
10300,6258,7,0
10300,6259,8,0
10300,6260,9,0
10300,6682,10,0
10300,6683,11,0
10300,15906,12,0
10300,6715,13,0
10300,6716,14,0
10300,6707,15,0
10300,6703,16,0
10300,15905,17,0
10300,6812,18,0
10300,106267,19,0
10300,6226,20,0
10300,6227,21,0
10300,6692,22,0
10300,13089,23,0
10300,6229,24,0
10300,6835,25,0
10300,13099,26,0
10300,6398,27,0
10300,6896,28,0
10300,13185,29,0
10300,6897,30,0
10300,14866,31,0
10300,106315,32,1
10301,106315,1,0
10301,13156,2,0
10301,13157,3,0
10301,6317,4,0
10301,6896,5,0
10301,13185,6,0
10301,6897,7,0
10301,6401,8,0
10301,15905,9,0
10301,6812,10,0
10301,106267,11,0
10301,6226,12,0
10301,6227,13,0
10301,6692,14,0
10301,13089,15,0
10301,6229,16,0
10301,6835,17,0
10301,13099,18,0
10301,6638,19,0
10301,6238,20,0
10301,6239,21,0
10301,6240,22,0
10301,13062,23,0
10301,6242,24,0
10301,6243,25,0
10301,6244,26,0
10301,6245,27,0
10301,6246,28,0
10301,6261,29,0
10301,6262,30,0
10301,6263,31,0
10301,106264,32,0
10301,6418,33,0
10301,6201,34,0
10301,13096,35,1
10400,14857,1,0
10400,6186,2,0
10400,6187,3,0
10400,6188,4,0
10400,6189,5,0
10400,6193,6,0
10400,14859,7,0
10400,13115,8,0
10400,6103,9,0
10400,6104,10,0
10400,6106,11,0
10400,13130,12,0
10400,6194,13,0
10400,6195,14,0
10400,6197,15,0
10400,6198,16,0
10400,6199,17,0
10400,6207,18,0
10400,13180,19,0
10400,6281,20,0
10400,6282,21,0
10400,13079,22,0
10400,6895,23,0
10400,6204,24,0
10400,6206,25,0
10400,13096,26,1
10401,13096,1,0
10401,6268,2,0
10401,6269,3,0
10401,6894,4,0
10401,8270,5,0
10401,6271,6,0
10401,6285,7,0
10401,15855,8,0
10401,6251,9,0
10401,13174,10,0
10401,6276,11,0
10401,6277,12,0
10401,6278,13,0
10401,6279,14,0
10401,6280,15,0
10401,14857,16,1
10500,106315,1,0
10500,13156,2,0
10500,13157,3,0
10500,6317,4,0
10500,13098,5,0
10500,6318,6,0
10500,6319,7,0
10500,6861,8,0
10500,6851,9,0
10500,6717,10,0
10500,6710,11,0
10500,13037,12,0
10500,6889,13,0
10500,6862,14,0
10500,6320,15,0
10500,6321,16,0
10500,6322,17,0
10500,6323,18,0
10500,6346,19,0
10500,6820,20,0
10500,6347,21,0
10500,13092,22,0
10500,6906,23,0
10500,6907,24,0
10500,6908,25,0
10500,6915,26,0
10500,5106520,27,0
10500,6351,28,0
10500,6352,29,0
10500,6353,30,0
10500,6354,31,0
10500,13123,32,0
10500,6356,33,0
10500,6357,34,0
10500,6678,35,0
10500,6679,36,0
10500,6359,37,0
10500,6360,38,0
10500,15829,39,0
10500,6362,40,0
10500,6806,41,0
10500,6453,42,0
10500,13110,43,1
10501,13110,1,0
10501,6460,2,0
10501,5106461,3,0
10501,6619,4,0
10501,6620,5,0
10501,14864,6,0
10501,13090,7,0
10501,6549,8,0
10501,6284,9,0
10501,6678,10,0
10501,6700,11,0
10501,13188,12,0
10501,6519,13,0
10501,5106522,14,0
10501,5106523,15,0
10501,5106524,16,0
10501,6521,17,0
10501,6674,18,0
10501,6675,19,0
10501,6676,20,0
10501,6330,21,0
10501,6301,22,0
10501,6890,23,0
10501,6302,24,0
10501,6821,25,0
10501,13091,26,0
10501,6309,27,0
10501,6800,28,0
10501,6310,29,0
10501,6311,30,0
10501,6659,31,0
10501,6861,32,0
10501,6851,33,0
10501,6717,34,0
10501,6710,35,0
10501,13037,36,0
10501,6889,37,0
10501,6312,38,0
10501,6313,39,0
10501,13098,40,0
10501,14866,41,0
10501,106315,42,1
10600,6584,1,0
10600,6585,2,0
10600,6586,3,0
10600,6599,4,0
10600,6600,5,0
10600,6601,6,0
10600,6815,7,0
10600,6589,8,0
10600,6590,9,0
10600,13082,10,0
10600,6592,11,0
10600,6593,12,0
10600,6594,13,0
10600,6595,14,0
10600,1000001,15,0
10600,6597,16,0
10600,6598,17,0
10600,14856,18,0
10600,6164,19,0
10600,6415,20,0
10600,6416,21,0
10600,6417,22,0
10600,6695,23,0
10600,15809,24,0
10600,6811,25,0
10600,6165,26,0
10600,13112,27,0
10600,6909,28,0
10600,6910,29,0
10600,6911,30,0
10600,13096,31,1
10601,13096,1,0
10601,6134,2,0
10601,6912,3,0
10601,6913,4,0
10601,13154,5,0
10601,6810,6,0
10601,15830,7,0
10601,6804,8,0
10601,6140,9,0
10601,6141,10,0
10601,6142,11,0
10601,6470,12,0
10601,6471,13,0
10601,6150,14,0
10601,14856,15,0
10601,6579,16,0
10601,6580,17,0
10601,1000002,18,0
10601,6583,19,0
10601,6584,20,1
10700,13096,1,0
10700,6160,2,0
10700,6161,3,0
10700,5006162,4,0
10700,6168,5,0
10700,6126,6,0
10700,6127,7,0
10700,6547,8,0
10700,6548,9,0
10700,15929,10,0
10700,6540,11,0
10700,6541,12,0
10700,6542,13,0
10700,6543,14,0
10700,6544,15,0
10700,6545,16,0
10700,6546,17,0
10700,6466,18,0
10700,6467,19,0
10700,13162,20,1
10701,13162,1,0
10701,6468,2,0
10701,6469,3,0
10701,6484,4,0
10701,6485,5,0
10701,6486,6,0
10701,6487,7,0
10701,6488,8,0
10701,6489,9,0
10701,6490,10,0
10701,6491,11,0
10701,6492,12,0
10701,13048,13,0
10701,6494,14,0
10701,6685,15,0
10701,6645,16,0
10701,13047,17,0
10701,6128,18,0
10701,6129,19,0
10701,6252,20,0
10701,6445,21,0
10701,6446,22,0
10701,6824,23,0
10701,6650,24,0
10701,6849,25,0
10701,6825,26,0
10701,6652,27,0
10701,13063,28,0
10701,6533,29,0
10701,6534,30,0
10701,6166,31,0
10701,6167,32,0
10701,13172,33,0
10701,6130,34,0
10701,6131,35,0
10701,6132,36,0
10701,13096,37,1
10800,13115,1,0
10800,6725,2,0
10800,6421,3,0
10800,6422,4,0
10800,6423,5,0
10800,6424,6,0
10800,6425,7,0
10800,6426,8,0
10800,6427,9,0
10800,13080,10,0
10800,6429,11,0
10800,6431,12,0
10800,6432,13,0
10800,6434,14,0
10800,6289,15,0
10800,6566,16,0
10800,6567,17,0
10800,13168,18,0
10800,6569,19,0
10800,6648,20,0
10800,6466,21,0
10800,6467,22,0
10800,13125,23,0
10800,6412,24,0
10800,6380,25,0
10800,6381,26,0
10800,6382,27,0
10800,6383,28,0
10800,6384,29,0
10800,6385,30,0
10800,6386,31,0
10800,6526,32,0
10800,6527,33,0
10800,6528,34,0
10800,6529,35,0
10800,6644,36,0
10800,6634,37,0
10800,13106,38,1
10801,13106,1,0
10801,6636,2,0
10801,6552,3,0
10801,6553,4,0
10801,6554,5,0
10801,6555,6,0
10801,6556,7,0
10801,6387,8,0
10801,14863,9,0
10801,6559,10,0
10801,6560,11,0
10801,6561,12,0
10801,6562,13,0
10801,13162,14,0
10801,6445,15,0
10801,6446,16,0
10801,6647,17,0
10801,6574,18,0
10801,13168,19,0
10801,6558,20,0
10801,6135,21,0
10801,6136,22,0
10801,6478,23,0
10801,6480,24,0
10801,6481,25,0
10801,6483,26,0
10801,6143,27,0
10801,6144,28,0
10801,6145,29,0
10801,6146,30,0
10801,6147,31,0
10801,6148,32,0
10801,6193,33,0
10801,14859,34,0
10801,13115,35,1
10900,13106,1,0
10900,6636,2,0
10900,6644,3,0
10900,6553,4,0
10900,6554,5,0
10900,6555,6,0
10900,13155,7,0
10900,6452,8,0
10900,6453,9,1
10901,6453,1,0
10901,13110,2,0
10901,6454,3,0
10901,6458,4,0
10901,6457,5,0
10901,6456,6,0
10901,6455,7,0
10901,6459,8,0
10901,15832,9,0
10901,6460,10,0
10901,6802,11,0
10901,13158,12,0
10901,13056,13,0
10901,6527,14,0
10901,6528,15,0
10901,6529,16,0
10901,13055,17,0
10901,6634,18,0
10901,13106,19,1
11000,13096,1,0
11000,6253,2,0
11000,6254,3,0
11000,6255,4,0
11000,6256,5,0
11000,6418,6,0
11000,13061,7,0
11000,6613,8,0
11000,6615,9,0
11000,13065,10,0
11000,6547,11,0
11000,6548,12,0
11000,6801,13,0
11000,6550,14,0
11000,6551,15,0
11000,6634,16,0
11000,13106,17,1
11001,13106,1,0
11001,6636,2,0
11001,6530,3,0
11001,6531,4,0
11001,13107,5,0
11001,6533,6,0
11001,6534,7,0
11001,13065,8,0
11001,6618,9,0
11001,6621,10,0
11001,13061,11,0
11001,6892,12,0
11001,14860,13,0
11001,6265,14,0
11001,6266,15,0
11001,6237,16,0
11001,13096,17,1
11100,13106,1,0
11100,6636,2,0
11100,6829,3,0
11100,6663,4,0
11100,6664,5,0
11100,13149,6,0
11100,15805,7,0
11100,6395,8,0
11100,6396,9,0
11100,6397,10,0
11100,6847,11,0
11100,6217,12,0
11100,6218,13,0
11100,6219,14,0
11100,6221,15,0
11100,6222,16,0
11100,6398,17,0
11100,106399,18,0
11100,14866,19,0
11100,106315,20,1
11101,106315,1,0
11101,13156,2,0
11101,13157,3,0
11101,6317,4,0
11101,6401,5,0
11101,6402,6,0
11101,6403,7,0
11101,6404,8,0
11101,6405,9,0
11101,6406,10,0
11101,6407,11,0
11101,6408,12,0
11101,6440,13,0
11101,6441,14,0
11101,13058,15,0
11101,6665,16,0
11101,6666,17,0
11101,6667,18,0
11101,6668,19,0
11101,6634,20,0
11101,13106,21,1
11200,6688,1,0
11200,6689,2,0
11200,13186,3,0
11200,6838,4,0
11200,6698,5,0
11200,6699,6,0
11200,6852,7,0
11200,6601,8,0
11200,6815,9,0
11200,6816,10,0
11200,6589,11,0
11200,6590,12,0
11200,13082,13,0
11200,6592,14,0
11200,6593,15,0
11200,6594,16,0
11200,6595,17,0
11200,1000001,18,0
11200,6597,19,0
11200,6598,20,0
11200,13142,21,0
11200,6680,22,0
11200,6152,23,0
11200,6153,24,0
11200,15830,25,0
11200,6804,26,0
11200,6140,27,0
11200,6141,28,0
11200,6142,29,0
11200,6470,30,0
11200,13034,31,0
11200,6690,32,0
11200,6643,33,0
11200,6706,34,0
11200,6715,35,0
11200,6716,36,0
11200,6707,37,0
11200,6703,38,0
11200,6704,39,0
11200,6708,40,0
11200,6398,41,0
11200,6896,42,0
11200,13185,43,0
11200,6897,44,0
11200,14866,45,0
11200,106315,46,1
11201,106315,1,0
11201,13156,2,0
11201,13157,3,0
11201,6317,4,0
11201,6896,5,0
11201,13185,6,0
11201,6897,7,0
11201,6401,8,0
11201,6686,9,0
11201,6638,10,0
11201,6238,11,0
11201,6240,12,0
11201,6239,13,0
11201,6639,14,0
11201,6640,15,0
11201,15955,16,0
11201,6415,17,0
11201,6416,18,0
11201,6417,19,0
11201,6695,20,0
11201,15809,21,0
11201,6576,22,0
11201,6577,23,0
11201,6681,24,0
11201,13141,25,0
11201,6579,26,0
11201,6580,27,0
11201,1000002,28,0
11201,6583,29,0
11201,6584,30,0
11201,6701,31,0
11201,6837,32,0
11201,6718,33,0
11201,6688,34,1
11300,106315,1,0
11300,13156,2,0
11300,13157,3,0
11300,6317,4,0
11300,13098,5,0
11300,6388,6,0
11300,6389,7,0
11300,6390,8,0
11300,6391,9,0
11300,6392,10,0
11300,15754,11,0
11300,6223,12,0
11300,6224,13,0
11300,6225,14,0
11300,6230,15,0
11300,6231,16,0
11300,6232,17,0
11300,6233,18,0
11300,6248,19,0
11300,6453,20,1
11301,6453,1,0
11301,13110,2,0
11301,6454,3,0
11301,6458,4,0
11301,6457,5,0
11301,6456,6,0
11301,6455,7,0
11301,6459,8,0
11301,6460,9,0
11301,5106461,10,0
11301,6364,11,0
11301,6365,12,0
11301,6366,13,0
11301,6807,14,0
11301,6808,15,0
11301,13103,16,0
11301,6369,17,0
11301,6370,18,0
11301,6371,19,0
11301,6372,20,0
11301,6373,21,0
11301,13105,22,0
11301,13098,23,0
11301,14866,24,0
11301,106315,25,0
11301,6733,26,0
11301,6735,27,0
11301,6734,28,0
11301,6312,29,0
11301,6313,30,1
11400,13106,1,0
11400,6636,2,0
11400,6552,3,0
11400,6553,4,0
11400,6554,5,0
11400,6555,6,0
11400,6556,7,0
11400,6571,8,0
11400,6572,9,0
11400,6573,10,0
11400,6466,11,0
11400,6467,12,0
11400,13125,13,1
11401,13125,1,0
11401,6412,2,0
11401,6413,3,0
11401,6414,4,0
11401,6500,5,0
11401,6501,6,0
11401,6502,7,0
11401,6503,8,0
11401,6504,9,0
11401,6505,10,0
11401,6654,11,0
11401,6655,12,0
11401,6513,13,0
11401,6514,14,0
11401,6516,15,0
11401,6656,16,0
11401,6657,17,0
11401,6560,18,0
11401,6561,19,0
11401,6562,20,0
11401,13162,21,0
11401,6445,22,0
11401,6446,23,0
11401,6447,24,0
11401,6448,25,0
11401,6449,26,0
11401,6450,27,0
11401,6526,28,0
11401,6527,29,0
11401,6528,30,0
11401,6529,31,0
11401,6644,32,0
11401,13106,33,1
20300,13096,1,0
20300,6253,2,0
20300,6254,3,0
20300,6255,4,0
20300,6256,5,0
20300,6418,6,0
20300,13061,7,0
20300,6892,8,0
20300,6257,9,0
20300,6258,10,0
20300,6259,11,0
20300,13060,12,0
20300,6213,13,0
20300,6214,14,0
20300,6215,15,0
20300,6216,16,0
20300,6217,17,0
20300,6218,18,0
20300,6219,19,0
20300,6221,20,0
20300,13054,21,0
20300,6398,22,0
20300,106399,23,0
20300,14866,24,0
20300,106315,25,1
20301,106315,1,0
20301,13156,2,0
20301,13157,3,0
20301,6317,4,0
20301,6896,5,0
20301,13185,6,0
20301,6897,7,0
20301,6401,8,0
20301,6686,9,0
20301,6638,10,0
20301,6238,11,0
20301,6239,12,0
20301,6240,13,0
20301,13062,14,0
20301,6242,15,0
20301,6243,16,0
20301,6244,17,0
20301,6245,18,0
20301,6260,19,0
20301,6261,20,0
20301,6262,21,0
20301,6263,22,0
20301,106264,23,0
20301,6418,24,0
20301,6201,25,0
20301,13096,26,0
20301,13115,27,1
20400,14857,1,0
20400,6186,2,0
20400,6187,3,0
20400,6188,4,0
20400,6189,5,0
20400,6193,6,0
20400,14859,7,0
20400,13115,8,0
20400,6103,9,0
20400,6104,10,0
20400,6106,11,0
20400,13173,12,0
20400,6194,13,0
20400,6195,14,0
20400,6197,15,0
20400,6198,16,0
20400,6199,17,0
20400,6207,18,0
20400,13180,19,0
20400,6281,20,0
20400,6282,21,0
20400,13182,22,0
20400,6895,23,0
20400,6204,24,0
20400,13096,25,1
20401,13096,1,0
20401,14865,2,0
20401,6269,3,0
20401,6894,4,0
20401,6270,5,0
20401,6271,6,0
20401,6285,7,0
20401,15855,8,0
20401,6251,9,0
20401,6275,10,0
20401,6276,11,0
20401,6277,12,0
20401,6278,13,0
20401,6279,14,0
20401,6280,15,0
20401,14857,16,1
20500,13110,1,0
20500,6460,2,0
20500,5106461,3,0
20500,6619,4,0
20500,6620,5,0
20500,14864,6,0
20500,13090,7,0
20500,6549,8,0
20500,6284,9,0
20500,6678,10,0
20500,6700,11,0
20500,13188,12,0
20500,6519,13,0
20500,5106522,14,0
20500,5106523,15,0
20500,5106524,16,0
20500,6521,17,0
20500,6674,18,0
20500,6675,19,0
20500,6676,20,0
20500,6330,21,0
20500,6301,22,0
20500,6890,23,0
20500,6302,24,0
20500,6821,25,0
20500,6309,26,0
20500,6800,27,0
20500,6310,28,0
20500,6311,29,0
20500,6312,30,0
20500,6313,31,0
20500,14866,32,0
20500,106315,33,1
20501,106315,1,0
20501,13156,2,0
20501,13157,3,0
20501,6317,4,0
20501,6318,5,0
20501,6319,6,0
20501,6862,7,0
20501,6320,8,0
20501,6321,9,0
20501,6322,10,0
20501,6323,11,0
20501,6346,12,0
20501,6820,13,0
20501,6347,14,0
20501,13092,15,0
20501,6906,16,0
20501,6907,17,0
20501,6908,18,0
20501,6915,19,0
20501,5106520,20,0
20501,6351,21,0
20501,6352,22,0
20501,6353,23,0
20501,6354,24,0
20501,13123,25,0
20501,6356,26,0
20501,6357,27,0
20501,6678,28,0
20501,6679,29,0
20501,6359,30,0
20501,6360,31,0
20501,15829,32,0
20501,6362,33,0
20501,6806,34,0
20501,6453,35,0
20501,13110,36,1
20600,14857,1,0
20600,6186,2,0
20600,6187,3,0
20600,6188,4,0
20600,6189,5,0
20600,6193,6,0
20600,14859,7,0
20600,13115,8,0
20600,6584,9,0
20600,6585,10,0
20600,6586,11,0
20600,6599,12,0
20600,6600,13,0
20600,6601,14,0
20600,6815,15,0
20600,6589,16,0
20600,6590,17,0
20600,13082,18,0
20600,6592,19,0
20600,6593,20,0
20600,6594,21,0
20600,6595,22,0
20600,1000001,23,0
20600,6597,24,0
20600,6598,25,0
20600,14856,26,0
20600,6164,27,0
20600,6415,28,0
20600,6416,29,0
20600,6417,30,0
20600,6695,31,0
20600,15809,32,0
20600,6811,33,0
20600,6165,34,0
20600,13112,35,0
20600,6909,36,0
20600,6910,37,0
20600,6911,38,0
20600,13096,39,1
20601,13096,1,0
20601,14865,2,0
20601,6269,3,0
20601,6894,4,0
20601,6270,5,0
20601,6271,6,0
20601,6285,7,0
20601,15855,8,0
20601,6251,9,0
20601,6275,10,0
20601,6276,11,0
20601,6277,12,0
20601,6278,13,0
20601,6279,14,0
20601,6280,15,0
20601,14857,16,0
20601,6134,17,0
20601,6912,18,0
20601,6913,19,0
20601,13154,20,0
20601,6810,21,0
20601,15830,22,0
20601,6804,23,0
20601,6140,24,0
20601,6141,25,0
20601,6142,26,0
20601,6470,27,0
20601,6471,28,0
20601,6150,29,0
20601,14856,30,0
20601,6579,31,0
20601,6580,32,0
20601,1000002,33,0
20601,6583,34,0
20601,6584,35,1
20900,13106,1,0
20900,6636,2,0
20900,13055,3,0
20900,6552,4,0
20900,6553,5,0
20900,6554,6,0
20900,6555,7,0
20900,13155,8,0
20900,6452,9,0
20900,6453,10,1
20901,6453,1,0
20901,13110,2,0
20901,6454,3,0
20901,6458,4,0
20901,6457,5,0
20901,6456,6,0
20901,6455,7,0
20901,6459,8,0
20901,15832,9,0
20901,6460,10,0
20901,6802,11,0
20901,13158,12,0
20901,13056,13,0
20901,6527,14,0
20901,6528,15,0
20901,6529,16,0
20901,6644,17,0
20901,6634,18,0
20901,13106,19,1
21000,13106,1,0
21000,6636,2,0
21000,6530,3,0
21000,6531,4,0
21000,13107,5,0
21000,6533,6,0
21000,6534,7,0
21000,6166,8,0
21000,6167,9,0
21000,6168,10,0
21000,6130,11,0
21000,6131,12,0
21000,6132,13,0
21000,6268,14,0
21000,13096,15,1
21001,13096,1,0
21001,6160,2,0
21001,6161,3,0
21001,13086,4,0
21001,6125,5,0
21001,6126,6,0
21001,13170,7,0
21001,6547,8,0
21001,6548,9,0
21001,6801,10,0
21001,6550,11,0
21001,6551,12,0
21001,6634,13,0
21001,13106,14,1
21100,13106,1,0
21100,6636,2,0
21100,6829,3,0
21100,6663,4,0
21100,6664,5,0
21100,13149,6,0
21100,15805,7,0
21100,6395,8,0
21100,6396,9,0
21100,6397,10,0
21100,6847,11,0
21100,6217,12,0
21100,6218,13,0
21100,6219,14,0
21100,6221,15,0
21100,6222,16,0
21100,6398,17,0
21100,106399,18,0
21100,14866,19,0
21100,106315,20,1
21101,106315,1,0
21101,13156,2,0
21101,13157,3,0
21101,6317,4,0
21101,6401,5,0
21101,6402,6,0
21101,6403,7,0
21101,6404,8,0
21101,6405,9,0
21101,6406,10,0
21101,6407,11,0
21101,6408,12,0
21101,6440,13,0
21101,6441,14,0
21101,13058,15,0
21101,6665,16,0
21101,6666,17,0
21101,6667,18,0
21101,6668,19,0
21101,6634,20,0
21101,13106,21,1
21300,6453,1,0
21300,13110,2,0
21300,6454,3,0
21300,6458,4,0
21300,6457,5,0
21300,6456,6,0
21300,6455,7,0
21300,6459,8,0
21300,6460,9,0
21300,5106461,10,0
21300,6364,11,0
21300,6365,12,0
21300,6366,13,0
21300,6807,14,0
21300,6808,15,0
21300,13103,16,0
21300,6369,17,0
21300,6370,18,0
21300,6371,19,0
21300,6372,20,0
21300,6373,21,0
21300,13105,22,0
21300,13098,23,0
21300,14866,24,0
21300,106315,25,1
21301,106315,1,0
21301,13156,2,0
21301,13157,3,0
21301,6317,4,0
21301,13098,5,0
21301,6388,6,0
21301,6389,7,0
21301,6390,8,0
21301,6391,9,0
21301,6392,10,0
21301,15754,11,0
21301,6223,12,0
21301,6224,13,0
21301,6225,14,0
21301,6230,15,0
21301,6231,16,0
21301,6232,17,0
21301,6233,18,0
21301,6248,19,0
21301,6453,20,1
21400,13106,1,0
21400,6636,2,0
21400,6552,3,0
21400,6553,4,0
21400,6554,5,0
21400,6555,6,0
21400,6556,7,0
21400,6571,8,0
21400,13153,9,0
21400,6572,10,0
21400,6573,11,0
21400,6466,12,0
21400,6467,13,0
21400,13125,14,1
21401,13125,1,0
21401,6469,2,0
21401,6484,3,0
21401,6485,4,0
21401,6486,5,0
21401,6487,6,0
21401,6488,7,0
21401,6489,8,0
21401,6490,9,0
21401,6491,10,0
21401,13085,11,0
21401,6493,12,0
21401,6494,13,0
21401,6685,14,0
21401,6645,15,0
21401,6646,16,0
21401,13151,17,0
21401,6500,18,0
21401,6501,19,0
21401,6502,20,0
21401,6503,21,0
21401,6504,22,0
21401,6505,23,0
21401,13147,24,0
21401,13148,25,0
21401,13121,26,0
21401,6560,27,0
21401,6561,28,0
21401,6562,29,0
21401,13162,30,0
21401,6445,31,0
21401,6446,32,0
21401,6447,33,0
21401,6448,34,0
21401,6449,35,0
21401,6450,36,0
21401,13056,37,0
21401,6527,38,0
21401,6528,39,0
21401,6529,40,0
21401,6644,41,0
21401,6634,42,0
21401,13106,43,1
