20300,6133,1,0
20300,6200,2,0
20300,6892,3,0
20300,6257,4,0
20300,6258,5,0
20300,6259,6,0
20300,13060,7,0
20300,6213,8,0
20300,6214,9,0
20300,6215,10,0
20300,6216,11,0
20300,6217,12,0
20300,6218,13,0
20300,6219,14,0
20300,6221,15,0
20300,13054,16,0
20300,6398,17,0
20300,6399,18,0
20300,6726,19,0
20300,106315,20,1
20301,106315,1,0
20301,13156,2,0
20301,13157,3,0
20301,6317,4,0
20301,6896,5,0
20301,13185,6,0
20301,6897,7,0
20301,6401,8,0
20301,6686,9,0
20301,6638,10,0
20301,6238,11,0
20301,6239,12,0
20301,6240,13,0
20301,13062,14,0
20301,6242,15,0
20301,6243,16,0
20301,6244,17,0
20301,6245,18,0
20301,6246,19,0
20301,6201,20,0
20301,6133,21,1
20400,6190,1,0
20400,6186,2,0
20400,6187,3,0
20400,6188,4,0
20400,6189,5,0
20400,6725,6,0
20400,6193,7,0
20400,6192,8,0
20400,13115,9,0
20400,6103,10,0
20400,6104,11,0
20400,6106,12,0
20400,13173,13,0
20400,6194,14,0
20400,6195,15,0
20400,6197,16,0
20400,6198,17,0
20400,6199,18,0
20400,6207,19,0
20400,6250,20,0
20400,6209,21,0
20400,6210,22,0
20400,13079,23,0
20400,6895,24,0
20400,6204,25,0
20400,6133,26,1
20401,6133,1,0
20401,6472,2,0
20401,6269,3,0
20401,3894,4,0
20401,6270,5,0
20401,6271,6,0
20401,6249,7,0
20401,13180,8,0
20401,6251,9,0
20401,6275,10,0
20401,6276,11,0
20401,6277,12,0
20401,6278,13,0
20401,6279,14,0
20401,6280,15,0
20401,6190,16,1
20500,13110,1,0
20500,6460,2,0
20500,6461,3,0
20500,6619,4,0
20500,6620,5,0
20500,14864,6,0
20500,13090,7,0
20500,6549,8,0
20500,6284,9,0
20500,6678,10,0
20500,6700,11,0
20500,3273,12,0
20500,6354,13,0
20500,6353,14,0
20500,6352,15,0
20500,6524,16,0
20500,6674,17,0
20500,6675,18,0
20500,6676,19,0
20500,6330,20,0
20500,6301,21,0
20500,6890,22,0
20500,6302,23,0
20500,6821,24,0
20500,6309,25,0
20500,6800,26,0
20500,6310,27,0
20500,6311,28,0
20500,6312,29,0
20500,6313,30,0
20500,6726,31,0
20500,106315,32,1
20501,106315,1,0
20501,13156,2,0
20501,13157,3,0
20501,6317,4,0
20501,6318,5,0
20501,6319,6,0
20501,6862,7,0
20501,6320,8,0
20501,6321,9,0
20501,6322,10,0
20501,6323,11,0
20501,6346,12,0
20501,6820,13,0
20501,6347,14,0
20501,13092,15,0
20501,6906,16,0
20501,6907,17,0
20501,6908,18,0
20501,6915,19,0
20501,6351,20,0
20501,6523,21,0
20501,6522,22,0
20501,6519,23,0
20501,3355,24,0
20501,6356,25,0
20501,6357,26,0
20501,6678,27,0
20501,6679,28,0
20501,6359,29,0
20501,6360,30,0
20501,6361,31,0
20501,6362,32,0
20501,6806,33,0
20501,6453,34,0
20501,13110,35,1
20600,6190,1,0
20600,6186,2,0
20600,6187,3,0
20600,6188,4,0
20600,6189,5,0
20600,6725,6,0
20600,6193,7,0
20600,6192,8,0
20600,13115,9,0
20600,6584,10,0
20600,6585,11,0
20600,6586,12,0
20600,6599,13,0
20600,6600,14,0
20600,6601,15,0
20600,6815,16,0
20600,6816,17,0
20600,6589,18,0
20600,6590,19,0
20600,13082,20,0
20600,6592,21,0
20600,6593,22,0
20600,6594,23,0
20600,6595,24,0
20600,1000001,25,0
20600,6597,26,0
20600,6598,27,0
20600,14856,28,0
20600,6164,29,0
20600,6415,30,0
20600,6416,31,0
20600,6417,32,0
20600,6695,33,0
20600,15809,34,0
20600,6811,35,0
20600,6165,36,0
20600,3909,37,0
20600,6909,38,0
20600,6910,39,0
20600,6911,40,0
20600,6133,41,1
20601,6133,1,0
20601,6472,2,0
20601,6269,3,0
20601,3894,4,0
20601,6270,5,0
20601,6271,6,0
20601,6249,7,0
20601,6250,8,0
20601,6251,9,0
20601,6275,10,0
20601,6276,11,0
20601,6277,12,0
20601,6278,13,0
20601,6279,14,0
20601,206280,15,0
20601,6190,16,0
20601,6134,17,0
20601,6912,18,0
20601,6913,19,0
20601,13154,20,0
20601,6810,21,0
20601,15830,22,0
20601,6804,23,0
20601,6140,24,0
20601,6141,25,0
20601,6142,26,0
20601,6470,27,0
20601,6471,28,0
20601,6150,29,0
20601,6154,30,0
20601,6579,31,0
20601,6580,32,0
20601,1000002,33,0
20601,6583,34,0
20601,6584,35,1
20900,3634,1,0
20900,6636,2,0
20900,6552,3,0
20900,6553,4,0
20900,6554,5,0
20900,6555,6,0
20900,13155,7,0
20900,6452,8,0
20900,6453,9,1
20901,6453,1,0
20901,13110,2,0
20901,6454,3,0
20901,6458,4,0
20901,6457,5,0
20901,6456,6,0
20901,6455,7,0
20901,6459,8,0
20901,6435,9,0
20901,6460,10,0
20901,6802,11,0
20901,13158,12,0
20901,13056,13,0
20901,6527,14,0
20901,6528,15,0
20901,6529,16,0
20901,6644,17,0
20901,6634,18,0
20901,3634,19,1
21000,3634,1,0
21000,6636,2,0
21000,6530,3,0
21000,6531,4,0
21000,13107,5,0
21000,6533,6,0
21000,6534,7,0
21000,6166,8,0
21000,6167,9,0
21000,6168,10,0
21000,6130,11,0
21000,6131,12,0
21000,6132,13,0
21000,6133,14,1
21001,6133,1,0
21001,6160,2,0
21001,6161,3,0
21001,13086,4,0
21001,6125,5,0
21001,6126,6,0
21001,13170,7,0
21001,6547,8,0
21001,6548,9,0
21001,6801,10,0
21001,6550,11,0
21001,6551,12,0
21001,6634,13,0
21001,3634,14,1
21100,3634,1,0
21100,6636,2,0
21100,6829,3,0
21100,6663,4,0
21100,6664,5,0
21100,6304,6,0
21100,6394,7,0
21100,6395,8,0
21100,6396,9,0
21100,6397,10,0
21100,6847,11,0
21100,6217,12,0
21100,6218,13,0
21100,6219,14,0
21100,6221,15,0
21100,6222,16,0
21100,6398,17,0
21100,6399,18,0
21100,6726,19,0
21100,106315,20,1
21101,106315,1,0
21101,13156,2,0
21101,13157,3,0
21101,6317,4,0
21101,6401,5,0
21101,6402,6,0
21101,6403,7,0
21101,6404,8,0
21101,6405,9,0
21101,6406,10,0
21101,6407,11,0
21101,6408,12,0
21101,6440,13,0
21101,6441,14,0
21101,13058,15,0
21101,6665,16,0
21101,6666,17,0
21101,6667,18,0
21101,6668,19,0
21101,6634,20,0
21101,3634,21,1
21300,6453,1,0
21300,13110,2,0
21300,6454,3,0
21300,6458,4,0
21300,6457,5,0
21300,6456,6,0
21300,6455,7,0
21300,6459,8,0
21300,6460,9,0
21300,6461,10,0
21300,6364,11,0
21300,6365,12,0
21300,6366,13,0
21300,6807,14,0
21300,6808,15,0
21300,6367,16,0
21300,6369,17,0
21300,6370,18,0
21300,6371,19,0
21300,6372,20,0
21300,6373,21,0
21300,13105,22,0
21300,6375,23,0
21300,6376,24,0
21300,6377,25,0
21300,6378,26,0
21300,6819,27,0
21300,6379,28,0
21300,13098,29,0
21300,6726,30,0
21300,106315,31,1
21301,106315,1,0
21301,13156,2,0
21301,13157,3,0
21301,6317,4,0
21301,13098,5,0
21301,6388,6,0
21301,6389,7,0
21301,6390,8,0
21301,6391,9,0
21301,6392,10,0
21301,6393,11,0
21301,6223,12,0
21301,6224,13,0
21301,6225,14,0
21301,6230,15,0
21301,6231,16,0
21301,6232,17,0
21301,6233,18,0
21301,6248,19,0
21301,6453,20,1
21400,3634,1,0
21400,6636,2,0
21400,6552,3,0
21400,6553,4,0
21400,6554,5,0
21400,6555,6,0
21400,6556,7,0
21400,6571,8,0
21400,13153,9,0
21400,6572,10,0
21400,6573,11,0
21400,6466,12,0
21400,6467,13,0
21400,13125,14,1
21401,13125,1,0
21401,6468,2,0
21401,6469,3,0
21401,6484,4,0
21401,6485,5,0
21401,6486,6,0
21401,6487,7,0
21401,6488,8,0
21401,6489,9,0
21401,6490,10,0
21401,6491,11,0
21401,13085,12,0
21401,6493,13,0
21401,6494,14,0
21401,6685,15,0
21401,6645,16,0
21401,6646,17,0
21401,6499,18,0
21401,6500,19,0
21401,6501,20,0
21401,6502,21,0
21401,6503,22,0
21401,6504,23,0
21401,6505,24,0
21401,6202,25,0
21401,6272,26,0
21401,13121,27,0
21401,6560,28,0
21401,6561,29,0
21401,6562,30,0
21401,13162,31,0
21401,6445,32,0
21401,6446,33,0
21401,6447,34,0
21401,6448,35,0
21401,6449,36,0
21401,6450,37,0
21401,13056,38,0
21401,6527,39,0
21401,6528,40,0
21401,6529,41,0
21401,6644,42,0
21401,6634,43,0
21401,3634,44,1
