'1',10501,62600,4,'',0,10000,4,'',0,3000,4,'',0,7000,4,'',0,3000,4,'',0,7000,4,'',0,3000,4,'',0,7000,4,'',0,10000,4,'',0,10000,4,'',0,10000,4,'',0,10000,4,'',0,10000,4,'',0,3000,4,'',0,7000,4,'',0,3000,4,'',0,7000,4,'',0,3000,4,'',0,7000,4,'',0
'13',10501,62600,4,'',0,10000,4,'',0,3000,4,'',0,7000,4,'',0,3000,4,'',0,7000,4,'',0,3000,4,'',0,7000,4,'',0,10000,4,'',0,10000,4,'',0,10000,4,'',0,10000,4,'',0,10000,4,'',0,3000,4,'',0,7000,4,'',0,3000,4,'',0,7000,4,'',0,3000,4,'',0,7000,4,'',0
'17',10501,62600,4,'',0,10000,4,'',0,3000,4,'',0,7000,4,'',0,3000,4,'',0,7000,4,'',0,3000,4,'',0,7000,4,'',0,10000,4,'',0,10000,4,'',0,10000,4,'',0,10000,4,'',0,10000,4,'',0,3000,4,'',0,7000,4,'',0,3000,4,'',0,7000,4,'',0,3000,4,'',0,7000,4,'',0
'19',10501,62600,4,'',0,10000,4,'',0,3000,4,'',0,7000,4,'',0,3000,4,'',0,7000,4,'',0,3000,4,'',0,7000,4,'',0,10000,4,'',0,10000,4,'',0,10000,4,'',0,10000,4,'',0,10000,4,'',0,3000,4,'',0,7000,4,'',0,3000,4,'',0,7000,4,'',0,3000,4,'',0,7000,4,'',0
'21',10501,62600,4,'',0,10000,4,'',0,3000,4,'',0,7000,4,'',0,3000,4,'',0,7000,4,'',0,3000,4,'',0,7000,4,'',0,10000,4,'',0,10000,4,'',0,10000,4,'',0,10000,4,'',0,10000,4,'',0,3000,4,'',0,7000,4,'',0,3000,4,'',0,7000,4,'',0,3000,4,'',0,7000,4,'',0
'22',10501,62600,4,'',0,10000,4,'',0,3000,4,'',0,7000,4,'',0,3000,4,'',0,7000,4,'',0,3000,4,'',0,7000,4,'',0,10000,4,'',0,10000,4,'',0,10000,4,'',0,10000,4,'',0,10000,4,'',0,3000,4,'',0,7000,4,'',0,3000,4,'',0,7000,4,'',0,3000,4,'',0,7000,4,'',0
'3',10501,62600,4,'',0,10000,4,'',0,3000,4,'',0,7000,4,'',0,3000,4,'',0,7000,4,'',0,3000,4,'',0,7000,4,'',0,10000,4,'',0,10000,4,'',0,10000,4,'',0,10000,4,'',0,10000,4,'',0,3000,4,'',0,7000,4,'',0,3000,4,'',0,7000,4,'',0,3000,4,'',0,7000,4,'',0
'5',10501,62600,4,'',0,10000,4,'',0,3000,4,'',0,7000,4,'',0,3000,4,'',0,7000,4,'',0,3000,4,'',0,7000,4,'',0,10000,4,'',0,10000,4,'',0,10000,4,'',0,10000,4,'',0,10000,4,'',0,3000,4,'',0,7000,4,'',0,3000,4,'',0,7000,4,'',0,3000,4,'',0,7000,4,'',0
'1',20501,192300,4,'',0,200,,'',0,9800,4,'',0,200,,'',0,9800,4,'',0,200,,'',0,9800,4,'',0,200,,'',0
'11',20501,72300,4,'',0,200,,'',0,9800,4,'',0,200,,'',0,9800,4,'',0,200,,'',0,9800,4,'',0,200,,'',0,9800,4,'',0,200,,'',0,9800,4,'',0,200,,'',0,9800,4,'',0,200,,'',0,9800,4,'',0,200,,'',0,9800,4,'',0,200,,'',0,9800,4,'',0,200,,'',0,9800,4,'',0,200,,'',0,9800,4,'',0,200,,'',0,9800,4,'',0,200,,'',0,9800,4,'',0,200,,'',0
'13',20501,192300,4,'',0,200,,'',0,9800,4,'',0,200,,'',0,9800,4,'',0,200,,'',0,9800,4,'',0,200,,'',0
'17',20501,192300,4,'',0,200,,'',0,9800,4,'',0,200,,'',0,9800,4,'',0,200,,'',0,9800,4,'',0,200,,'',0
'19',20501,192300,4,'',0,200,,'',0,9800,4,'',0,200,,'',0,9800,4,'',0,200,,'',0,9800,4,'',0,200,,'',0
'21',20501,192300,4,'',0,200,,'',0,9800,4,'',0,200,,'',0,9800,4,'',0,200,,'',0,9800,4,'',0,200,,'',0
'22',20501,192300,4,'',0,200,,'',0,9800,4,'',0,200,,'',0,9800,4,'',0,200,,'',0,9800,4,'',0,200,,'',0
'3',20501,192300,4,'',0,200,,'',0,9800,4,'',0,200,,'',0,9800,4,'',0,200,,'',0,9800,4,'',0,200,,'',0
'5',20501,192300,4,'',0,200,,'',0,9800,4,'',0,200,,'',0,9800,4,'',0,200,,'',0,9800,4,'',0,200,,'',0
'8',20501,72300,4,'',0,200,,'',0,9800,4,'',0,200,,'',0,9800,4,'',0,200,,'',0,9800,4,'',0,200,,'',0,9800,4,'',0,200,,'',0,9800,4,'',0,200,,'',0,9800,4,'',0,200,,'',0,9800,4,'',0,200,,'',0,9800,4,'',0,200,,'',0,9800,4,'',0,200,,'',0,9800,4,'',0,200,,'',0,9800,4,'',0,200,,'',0,9800,4,'',0,200,,'',0,9800,4,'',0,200,,'',0
