10100,106133,1,0
10100,6911,2,0
10100,6912,3,0
10100,6913,4,0
10100,9612,5,0
10100,6810,6,0
10100,6138,7,0
10100,6804,8,0
10100,6669,9,0
10100,6211,10,0
10100,6212,11,0
10100,6213,12,0
10100,6214,13,0
10100,6215,14,0
10100,6216,15,0
10100,6217,16,0
10100,6218,17,0
10100,6219,18,0
10100,6221,19,0
10100,6222,20,0
10100,6398,21,0
10100,6896,22,0
10100,6893,23,0
10100,6897,24,0
10100,6719,25,0
10100,6817,26,0
10100,6818,27,0
10100,6721,28,0
10100,6722,29,0
10100,6959,30,0
10100,106315,31,1
10101,106315,1,0
10101,6317,2,0
10101,6817,3,0
10101,6818,4,0
10101,6896,5,0
10101,6893,6,0
10101,6897,7,0
10101,6401,8,0
10101,6686,9,0
10101,6402,10,0
10101,6403,11,0
10101,6404,12,0
10101,6405,13,0
10101,6406,14,0
10101,6623,15,0
10101,6624,16,0
10101,6625,17,0
10101,6626,18,0
10101,6247,19,0
10101,6627,20,0
10101,6629,21,0
10101,6630,22,0
10101,6811,23,0
10101,6165,24,0
10101,6909,25,0
10101,6910,26,0
10101,6134,27,0
10101,206159,28,1
10200,6102,1,0
10200,6103,2,0
10200,6104,3,0
10200,6106,4,0
10200,6107,5,0
10200,6108,6,0
10200,6109,7,0
10200,6110,8,0
10200,6111,9,0
10200,6112,10,0
10200,6113,11,0
10200,6114,12,0
10200,6115,13,0
10200,5106525,14,0
10200,6914,15,0
10200,6563,16,0
10200,6173,17,0
10200,6120,18,0
10200,6121,19,0
10200,6174,20,0
10200,7000,21,0
10200,7001,22,0
10200,6100006,23,0
10200,6550,24,0
10200,6551,25,0
10200,6634,26,0
10200,6635,27,0
10200,6636,28,0
10200,6530,29,0
10200,6531,30,0
10200,106532,31,0
10200,7002,32,0
10200,7004,33,0
10200,6123,34,0
10200,6124,35,0
10200,6714,36,0
10200,6130,37,0
10200,6131,38,0
10200,6132,39,0
10200,206133,40,0
10200,106133,41,1
10201,206159,1,0
10201,6160,2,0
10201,6161,3,0
10201,5006162,4,0
10201,6711,5,0
10201,6169,6,0
10201,6170,7,0
10201,7000,8,0
10201,7001,9,0
10201,6100006,10,0
10201,6550,11,0
10201,6551,12,0
10201,6634,13,0
10201,6635,14,0
10201,6636,15,0
10201,6530,16,0
10201,6531,17,0
10201,106532,18,0
10201,7002,19,0
10201,7004,20,0
10201,6171,21,0
10201,6172,22,0
10201,7005,23,0
10201,6498,24,0
10201,6658,25,0
10201,6178,26,0
10201,6179,27,0
10201,6180,28,0
10201,6181,29,0
10201,6182,30,0
10201,6183,31,0
10201,6184,32,0
10201,6185,33,0
10201,6826,34,0
10201,6827,35,0
10201,6102,36,1
10300,206133,1,0
10300,6253,2,0
10300,6254,3,0
10300,6255,4,0
10300,6256,5,0
10300,6257,6,0
10300,6258,7,0
10300,6259,8,0
10300,6260,9,0
10300,6682,10,0
10300,6683,11,0
10300,6684,12,0
10300,6715,13,0
10300,6716,14,0
10300,6707,15,0
10300,6703,16,0
10300,106266,17,0
10300,6812,18,0
10300,106267,19,0
10300,6226,20,0
10300,6227,21,0
10300,6692,22,0
10300,6228,23,0
10300,6229,24,0
10300,6835,25,0
10300,6836,26,0
10300,6398,27,0
10300,6896,28,0
10300,6893,29,0
10300,6897,30,0
10300,6719,31,0
10300,6721,32,0
10300,6722,33,0
10300,6959,34,0
10300,106315,35,1
10301,106315,1,0
10301,6317,2,0
10301,6720,3,0
10301,6896,4,0
10301,6893,5,0
10301,6897,6,0
10301,6401,7,0
10301,106266,8,0
10301,6812,9,0
10301,106267,10,0
10301,6226,11,0
10301,6227,12,0
10301,6692,13,0
10301,6228,14,0
10301,6229,15,0
10301,6835,16,0
10301,6836,17,0
10301,6638,18,0
10301,6238,19,0
10301,6239,20,0
10301,6240,21,0
10301,6241,22,0
10301,6242,23,0
10301,6243,24,0
10301,6244,25,0
10301,6245,26,0
10301,6246,27,0
10301,6261,28,0
10301,6262,29,0
10301,6263,30,0
10301,106264,31,0
10301,6418,32,0
10301,6201,33,0
10301,206133,34,1
10400,106159,1,0
10400,6268,2,0
10400,6269,3,0
10400,6894,4,0
10400,6270,5,0
10400,6271,6,0
10400,6249,7,0
10400,6250,8,0
10400,6251,9,0
10400,6275,10,0
10400,6276,11,0
10400,6277,12,0
10400,6278,13,0
10400,6279,14,0
10400,6280,15,0
10400,6186,16,0
10400,6187,17,0
10400,6188,18,0
10400,6189,19,0
10400,6725,20,0
10400,6193,21,0
10400,6419,22,0
10400,6102,23,1
10401,6102,1,0
10401,6103,2,0
10401,6104,3,0
10401,6106,4,0
10401,6107,5,0
10401,6194,6,0
10401,6195,7,0
10401,6196,8,0
10401,6197,9,0
10401,6198,10,0
10401,6199,11,0
10401,6207,12,0
10401,6200000,13,0
10401,6209,14,0
10401,6210,15,0
10401,6203,16,0
10401,6895,17,0
10401,8204,18,0
10401,8206,19,0
10401,206133,20,0
10401,106133,21,1
10500,106315,1,0
10500,6317,2,0
10500,6817,3,0
10500,6818,4,0
10500,6318,5,0
10500,6319,6,0
10500,6861,7,0
10500,6851,8,0
10500,6717,9,0
10500,6710,10,0
10500,6848,11,0
10500,6889,12,0
10500,6862,13,0
10500,6320,14,0
10500,6321,15,0
10500,6322,16,0
10500,6323,17,0
10500,6346,18,0
10500,6820,19,0
10500,6347,20,0
10500,6330,21,0
10500,6906,22,0
10500,6907,23,0
10500,6908,24,0
10500,6915,25,0
10500,6520,26,0
10500,6351,27,0
10500,6352,28,0
10500,6353,29,0
10500,6354,30,0
10500,6355,31,0
10500,6356,32,0
10500,6357,33,0
10500,6678,34,0
10500,6679,35,0
10500,6359,36,0
10500,6360,37,0
10500,6361,38,0
10500,6362,39,0
10500,6806,40,0
10500,6453,41,0
10500,6443,42,1
10501,6443,1,0
10501,6460,2,0
10501,5106461,3,0
10501,6619,4,0
10501,6620,5,0
10501,6622,6,0
10501,6532,7,0
10501,6549,8,0
10501,6284,9,0
10501,6285,10,0
10501,6700,11,0
10501,6273,12,0
10501,6519,13,0
10501,5106522,14,0
10501,5106523,15,0
10501,5106524,16,0
10501,5106520,17,0
10501,6674,18,0
10501,6675,19,0
10501,6676,20,0
10501,6303,21,0
10501,6301,22,0
10501,6890,23,0
10501,6302,24,0
10501,6821,25,0
10501,6309,26,0
10501,6800,27,0
10501,6310,28,0
10501,6311,29,0
10501,6659,30,0
10501,6861,31,0
10501,6851,32,0
10501,6717,33,0
10501,6710,34,0
10501,6848,35,0
10501,6889,36,0
10501,6312,37,0
10501,6313,38,0
10501,6817,39,0
10501,6818,40,0
10501,6721,41,0
10501,6722,42,0
10501,6959,43,0
10501,106315,44,1
10600,306133,1,0
10600,6134,2,0
10600,6912,3,0
10600,6913,4,0
10600,9612,5,0
10600,6810,6,0
10600,6138,7,0
10600,6804,8,0
10600,6140,9,0
10600,6141,10,0
10600,6142,11,0
10600,6471,12,0
10600,6150,13,0
10600,6159,14,0
10600,6579,15,0
10600,6580,16,0
10600,6581,17,0
10600,6583,18,0
10600,6584,19,0
10600,6585,20,0
10600,6586,21,0
10600,6599,22,0
10600,6600,23,0
10600,6601,24,0
10600,6815,25,0
10600,6816,26,0
10600,6589,27,0
10600,6590,28,0
10600,6591,29,1
10601,6585,1,0
10601,6586,2,0
10601,6599,3,0
10601,6600,4,0
10601,6601,5,0
10601,6815,6,0
10601,6816,7,0
10601,6589,8,0
10601,6590,9,0
10601,6591,10,0
10601,6592,11,0
10601,6593,12,0
10601,6594,13,0
10601,6595,14,0
10601,6596,15,0
10601,6597,16,0
10601,6598,17,0
10601,6163,18,0
10601,6164,19,0
10601,6415,20,0
10601,6416,21,0
10601,6417,22,0
10601,6695,23,0
10601,6630,24,0
10601,6811,25,0
10601,6165,26,0
10601,6909,27,0
10601,6910,28,0
10601,6911,29,0
10601,206159,30,1
10700,206159,1,0
10700,6160,2,0
10700,6161,3,0
10700,5006162,4,0
10700,6125,5,0
10700,6126,6,0
10700,6127,7,0
10700,6547,8,0
10700,6548,9,0
10700,6539,10,0
10700,6540,11,0
10700,6541,12,0
10700,6542,13,0
10700,6543,14,0
10700,6544,15,0
10700,6545,16,0
10700,6546,17,0
10700,6466,18,0
10700,6467,19,0
10700,6444,20,1
10701,6444,1,0
10701,6468,2,0
10701,6469,3,0
10701,6484,4,0
10701,6485,5,0
10701,6486,6,0
10701,6487,7,0
10701,6488,8,0
10701,6489,9,0
10701,6490,10,0
10701,6491,11,0
10701,6492,12,0
10701,6493,13,0
10701,6494,14,0
10701,6685,15,0
10701,6645,16,0
10701,6646,17,0
10701,6128,18,0
10701,6129,19,0
10701,6252,20,0
10701,6445,21,0
10701,6446,22,0
10701,6824,23,0
10701,6650,24,0
10701,6849,25,0
10701,6825,26,0
10701,6652,27,0
10701,6631,28,0
10701,6533,29,0
10701,6534,30,0
10701,6166,31,0
10701,6167,32,0
10701,6168,33,0
10701,6130,34,0
10701,6131,35,0
10701,6132,36,0
10701,306133,37,1
10800,6635,1,0
10800,6636,2,0
10800,6552,3,0
10800,6553,4,0
10800,6554,5,0
10800,6555,6,0
10800,6556,7,0
10800,6387,8,0
10800,106399,9,0
10800,6559,10,0
10800,6560,11,0
10800,6561,12,0
10800,6562,13,0
10800,6444,14,0
10800,6445,15,0
10800,6446,16,0
10800,6647,17,0
10800,6574,18,0
10800,106558,19,0
10800,6558,20,0
10800,6135,21,0
10800,6136,22,0
10800,6478,23,0
10800,6480,24,0
10800,6481,25,0
10800,6483,26,0
10800,6143,27,0
10800,6144,28,0
10800,6145,29,0
10800,6146,30,0
10800,6147,31,0
10800,6148,32,0
10800,6193,33,0
10800,6419,34,0
10800,6102,35,1
10801,6102,1,0
10801,6725,2,0
10801,6421,3,0
10801,6422,4,0
10801,6423,5,0
10801,6424,6,0
10801,6425,7,0
10801,6426,8,0
10801,6427,9,0
10801,6428,10,0
10801,6429,11,0
10801,6431,12,0
10801,6432,13,0
10801,6434,14,0
10801,6289,15,0
10801,6566,16,0
10801,6567,17,0
10801,6568,18,0
10801,6569,19,0
10801,6648,20,0
10801,6466,21,0
10801,6467,22,0
10801,6290,23,0
10801,6412,24,0
10801,6380,25,0
10801,6381,26,0
10801,6382,27,0
10801,6383,28,0
10801,6384,29,0
10801,6385,30,0
10801,6386,31,0
10801,6526,32,0
10801,6527,33,0
10801,6528,34,0
10801,6529,35,0
10801,6644,36,0
10801,6634,37,0
10801,6635,38,1
10900,6635,1,0
10900,6636,2,0
10900,6552,3,0
10900,6553,4,0
10900,6554,5,0
10900,6555,6,0
10900,6801,7,0
10900,6452,8,0
10900,6453,9,0
10900,6443,10,0
10900,6454,11,0
10900,6458,12,0
10900,6457,13,0
10900,6456,14,0
10900,6455,15,0
10900,6459,16,1
10901,6443,1,0
10901,6460,2,0
10901,6802,3,0
10901,6901,4,0
10901,6526,5,0
10901,6527,6,0
10901,6528,7,0
10901,6529,8,0
10901,6644,9,0
10901,6634,10,0
10901,6635,11,1
11000,106133,1,0
11000,206133,2,0
11000,6253,3,0
11000,6254,4,0
11000,6255,5,0
11000,6256,6,0
11000,6418,7,0
11000,6201,8,0
11000,6613,9,0
11000,6615,10,0
11000,6617,11,0
11000,6547,12,0
11000,6548,13,0
11000,6100006,14,0
11000,6550,15,0
11000,6551,16,0
11000,6634,17,0
11000,6635,18,1
11001,6635,1,0
11001,6636,2,0
11001,6530,3,0
11001,6531,4,0
11001,106532,5,0
11001,6533,6,0
11001,6534,7,0
11001,6616,8,0
11001,6618,9,0
11001,6621,10,0
11001,6200,11,0
11001,6892,12,0
11001,6264,13,0
11001,6265,14,0
11001,6266,15,0
11001,6267,16,0
11001,106159,17,1
11100,6635,1,0
11100,6636,2,0
11100,6829,3,0
11100,6663,4,0
11100,6664,5,0
11100,6394,6,0
11100,6395,7,0
11100,6396,8,0
11100,6397,9,0
11100,6847,10,0
11100,6217,11,0
11100,6218,12,0
11100,6219,13,0
11100,6221,14,0
11100,6222,15,0
11100,6398,16,0
11100,6719,17,0
11100,6721,18,0
11100,6722,19,0
11100,6959,20,0
11100,106315,21,1
11101,106315,1,0
11101,6317,2,0
11101,6720,3,0
11101,6401,4,0
11101,6402,5,0
11101,6403,6,0
11101,6404,7,0
11101,6405,8,0
11101,6406,9,0
11101,6407,10,0
11101,6408,11,0
11101,6440,12,0
11101,6441,13,0
11101,6442,14,0
11101,6665,15,0
11101,6666,16,0
11101,6667,17,0
11101,6668,18,0
11101,6634,19,0
11101,6635,20,1
11200,106315,1,0
11200,6317,2,0
11200,6720,3,0
11200,6896,4,0
11200,6893,5,0
11200,6897,6,0
11200,6401,7,0
11200,6686,8,0
11200,6638,9,0
11200,6238,10,0
11200,6239,11,0
11200,6240,12,0
11200,6639,13,0
11200,6640,14,0
11200,6149,15,0
11200,6415,16,0
11200,6416,17,0
11200,6417,18,0
11200,6695,19,0
11200,6630,20,0
11200,6576,21,0
11200,6577,22,0
11200,6681,23,0
11200,6578,24,0
11200,6579,25,0
11200,6580,26,0
11200,6581,27,0
11200,6583,28,0
11200,6584,29,0
11200,6701,30,0
11200,6837,31,0
11200,6688,32,0
11200,6689,33,0
11200,6697,34,0
11200,6838,35,0
11200,6698,36,0
11200,6699,37,0
11200,6852,38,0
11200,6601,39,0
11200,6815,40,0
11200,6816,41,0
11200,6589,42,0
11200,6590,43,0
11200,6591,44,1
11201,6591,1,0
11201,6592,2,0
11201,6593,3,0
11201,6594,4,0
11201,6595,5,0
11201,6596,6,0
11201,6597,7,0
11201,6598,8,0
11201,6151,9,0
11201,6680,10,0
11201,6152,11,0
11201,6153,12,0
11201,6138,13,0
11201,6804,14,0
11201,6140,15,0
11201,6141,16,0
11201,6142,17,0
11201,6471,18,0
11201,6690,19,0
11201,6643,20,0
11201,6706,21,0
11201,6715,22,0
11201,6716,23,0
11201,6707,24,0
11201,6703,25,0
11201,6704,26,0
11201,6708,27,0
11201,6398,28,0
11201,6896,29,0
11201,6893,30,0
11201,6897,31,0
11201,6719,32,0
11201,6721,33,0
11201,6722,34,0
11201,6959,35,0
11201,106315,36,1
11300,106315,1,0
11300,6317,2,0
11300,6720,3,0
11300,6817,4,0
11300,6388,5,0
11300,6389,6,0
11300,6390,7,0
11300,6391,8,0
11300,6392,9,0
11300,6393,10,0
11300,6223,11,0
11300,6224,12,0
11300,6225,13,0
11300,6230,14,0
11300,6231,15,0
11300,6232,16,0
11300,6233,17,0
11300,6248,18,0
11300,6453,19,0
11300,6443,20,1
11301,6443,1,0
11301,6454,2,0
11301,6458,3,0
11301,6457,4,0
11301,6456,5,0
11301,6455,6,0
11301,6459,7,0
11301,6460,8,0
11301,6364,9,0
11301,6365,10,0
11301,6366,11,0
11301,6807,12,0
11301,6808,13,0
11301,6367,14,0
11301,6369,15,0
11301,6370,16,0
11301,6371,17,0
11301,6372,18,0
11301,6373,19,0
11301,6374,20,0
11301,6375,21,0
11301,6376,22,0
11301,6377,23,0
11301,6378,24,0
11301,6819,25,0
11301,6379,26,0
11301,6817,27,0
11301,6818,28,0
11301,6721,29,0
11301,6722,30,0
11301,6959,31,0
11301,106315,32,1
11400,6635,1,0
11400,6636,2,0
11400,6552,3,0
11400,6553,4,0
11400,6554,5,0
11400,6555,6,0
11400,6556,7,0
11400,6571,8,0
11400,6572,9,0
11400,6573,10,0
11400,6466,11,0
11400,6467,12,0
11400,6290,13,0
11400,6412,14,0
11400,6413,15,0
11400,6414,16,0
11400,6500,17,0
11400,6501,18,0
11400,6502,19,0
11400,6503,20,0
11400,6504,21,0
11400,6505,22,0
11400,6654,23,0
11400,6655,24,0
11400,6513,25,0
11400,6514,26,1
11401,6514,1,0
11401,6516,2,0
11401,6656,3,0
11401,6657,4,0
11401,6559,5,0
11401,6560,6,0
11401,6561,7,0
11401,6562,8,0
11401,6444,9,0
11401,6445,10,0
11401,6446,11,0
11401,6447,12,0
11401,6448,13,0
11401,6449,14,0
11401,6450,15,0
11401,6526,16,0
11401,6527,17,0
11401,6528,18,0
11401,6529,19,0
11401,6634,20,0
11401,6635,21,1
20300,206159,1,0
20300,6200,2,0
20300,6892,3,0
20300,6257,4,0
20300,6258,5,0
20300,6259,6,0
20300,6260,7,0
20300,6213,8,0
20300,6214,9,0
20300,6215,10,0
20300,6216,11,0
20300,6217,12,0
20300,6218,13,0
20300,6219,14,0
20300,6221,15,0
20300,6222,16,0
20300,6398,17,0
20300,6719,18,0
20300,6721,19,0
20300,6722,20,0
20300,6959,21,0
20300,106315,22,1
20301,106315,1,0
20301,6317,2,0
20301,6720,3,0
20301,6896,4,0
20301,6893,5,0
20301,6897,6,0
20301,6401,7,0
20301,6686,8,0
20301,6638,9,0
20301,6238,10,0
20301,6239,11,0
20301,6240,12,0
20301,6241,13,0
20301,6242,14,0
20301,6243,15,0
20301,6244,16,0
20301,6245,17,0
20301,6246,18,0
20301,6261,19,0
20301,6262,20,0
20301,6263,21,0
20301,106264,22,0
20301,6418,23,0
20301,6201,24,0
20301,8268,25,0
20301,6102,26,0
20301,306133,27,1
20400,106159,1,0
20400,6268,2,0
20400,6269,3,0
20400,6894,4,0
20400,6270,5,0
20400,6271,6,0
20400,6249,7,0
20400,6250,8,0
20400,6251,9,0
20400,6275,10,0
20400,6276,11,0
20400,6277,12,0
20400,6278,13,0
20400,6279,14,0
20400,6280,15,0
20400,6186,16,0
20400,6187,17,0
20400,6188,18,0
20400,6189,19,0
20400,6725,20,0
20400,6193,21,0
20400,6419,22,0
20400,6102,23,1
20401,6102,1,0
20401,6103,2,0
20401,6104,3,0
20401,6106,4,0
20401,6107,5,0
20401,6194,6,0
20401,6195,7,0
20401,6196,8,0
20401,6197,9,0
20401,6198,10,0
20401,6199,11,0
20401,6207,12,0
20401,6209,13,0
20401,6210,14,0
20401,6203,15,0
20401,6895,16,0
20401,6204,17,0
20401,106159,18,1
20500,106315,1,0
20500,6317,2,0
20500,6318,3,0
20500,6319,4,0
20500,6862,5,0
20500,6320,6,0
20500,6321,7,0
20500,6322,8,0
20500,6323,9,0
20500,6346,10,0
20500,6820,11,0
20500,6347,12,0
20500,6330,13,0
20500,6906,14,0
20500,6907,15,0
20500,6908,16,0
20500,6915,17,0
20500,6520,18,0
20500,6351,19,0
20500,6352,20,0
20500,6353,21,0
20500,6354,22,0
20500,6355,23,0
20500,6356,24,0
20500,6357,25,0
20500,6678,26,0
20500,6679,27,0
20500,6359,28,0
20500,6360,29,0
20500,6361,30,0
20500,6362,31,0
20500,6806,32,0
20500,6453,33,0
20500,6443,34,1
20501,6443,1,0
20501,6460,2,0
20501,5106461,3,0
20501,6619,4,0
20501,6620,5,0
20501,6622,6,0
20501,6532,7,0
20501,6549,8,0
20501,6284,9,0
20501,6285,10,0
20501,6700,11,0
20501,6273,12,0
20501,6519,13,0
20501,5106522,14,0
20501,5106523,15,0
20501,5106524,16,0
20501,5106520,17,0
20501,6674,18,0
20501,6675,19,0
20501,6676,20,0
20501,6303,21,0
20501,6301,22,0
20501,6890,23,0
20501,6302,24,0
20501,6821,25,0
20501,6309,26,0
20501,6800,27,0
20501,6310,28,0
20501,6311,29,0
20501,6312,30,0
20501,6313,31,0
20501,6721,32,0
20501,6722,33,0
20501,6959,34,0
20501,106315,35,1
20600,306133,1,0
20600,6134,2,0
20600,6912,3,0
20600,6913,4,0
20600,9612,5,0
20600,6810,6,0
20600,6138,7,0
20600,6804,8,0
20600,6140,9,0
20600,6141,10,0
20600,6142,11,0
20600,6471,12,0
20600,6150,13,0
20600,6159,14,0
20600,6579,15,0
20600,6580,16,0
20600,6581,17,0
20600,6583,18,0
20600,6584,19,0
20600,6585,20,0
20600,6586,21,0
20600,6599,22,0
20600,6600,23,0
20600,6601,24,0
20600,6815,25,0
20600,6816,26,0
20600,6589,27,0
20600,6590,28,0
20600,6591,29,1
20601,6591,1,0
20601,6592,2,0
20601,6593,3,0
20601,6594,4,0
20601,6595,5,0
20601,6596,6,0
20601,6597,7,0
20601,6598,8,0
20601,6163,9,0
20601,6164,10,0
20601,6415,11,0
20601,6416,12,0
20601,6417,13,0
20601,6695,14,0
20601,6630,15,0
20601,6811,16,0
20601,6165,17,0
20601,6909,18,0
20601,6910,19,0
20601,6911,20,0
20601,206159,21,1
20900,6635,1,0
20900,6636,2,0
20900,6552,3,0
20900,6553,4,0
20900,6554,5,0
20900,6555,6,0
20900,6801,7,0
20900,6452,8,0
20900,6453,9,0
20900,6443,10,0
20900,6454,11,0
20900,6458,12,0
20900,6457,13,0
20900,6456,14,0
20900,6455,15,0
20900,6459,16,1
20901,6443,1,0
20901,6460,2,0
20901,6802,3,0
20901,6901,4,0
20901,6526,5,0
20901,6527,6,0
20901,6528,7,0
20901,6529,8,0
20901,6644,9,0
20901,6634,10,0
20901,6635,11,1
21000,106159,1,0
21000,6160,2,0
21000,6161,3,0
21000,5006162,4,0
21000,6125,5,0
21000,6126,6,0
21000,6127,7,0
21000,6547,8,0
21000,6548,9,0
21000,6100006,10,0
21000,6550,11,0
21000,6551,12,0
21000,6634,13,0
21000,6635,14,1
21001,6635,1,0
21001,6636,2,0
21001,6530,3,0
21001,6531,4,0
21001,106532,5,0
21001,6533,6,0
21001,6534,7,0
21001,6166,8,0
21001,6167,9,0
21001,6168,10,0
21001,6130,11,0
21001,6131,12,0
21001,6132,13,0
21001,106159,14,1
21100,6635,1,0
21100,6636,2,0
21100,6829,3,0
21100,6663,4,0
21100,6664,5,0
21100,6394,6,0
21100,6395,7,0
21100,6396,8,0
21100,6397,9,0
21100,6847,10,0
21100,6217,11,0
21100,6218,12,0
21100,6219,13,0
21100,6221,14,0
21100,6222,15,0
21100,6398,16,0
21100,6719,17,0
21100,6721,18,0
21100,6722,19,0
21100,6959,20,0
21100,106315,21,1
21101,106315,1,0
21101,6317,2,0
21101,6720,3,0
21101,6401,4,0
21101,6402,5,0
21101,6403,6,0
21101,6404,7,0
21101,6405,8,0
21101,6406,9,0
21101,6407,10,0
21101,6408,11,0
21101,6440,12,0
21101,6441,13,0
21101,6442,14,0
21101,6665,15,0
21101,6666,16,0
21101,6667,17,0
21101,6668,18,0
21101,6634,19,0
21101,6635,20,1
21300,106315,1,0
21300,6317,2,0
21300,6817,3,0
21300,6388,4,0
21300,6389,5,0
21300,6390,6,0
21300,6391,7,0
21300,6392,8,0
21300,6393,9,0
21300,6223,10,0
21300,6224,11,0
21300,6225,12,0
21300,6230,13,0
21300,6231,14,0
21300,6232,15,0
21300,6233,16,0
21300,6248,17,0
21300,6453,18,0
21300,6443,19,1
21301,6443,1,0
21301,6454,2,0
21301,6458,3,0
21301,6457,4,0
21301,6456,5,0
21301,6455,6,0
21301,6459,7,0
21301,6460,8,0
21301,6364,9,0
21301,6365,10,0
21301,6366,11,0
21301,6807,12,0
21301,6808,13,0
21301,6367,14,0
21301,6369,15,0
21301,6370,16,0
21301,6371,17,0
21301,6372,18,0
21301,6373,19,0
21301,6374,20,0
21301,6375,21,0
21301,6376,22,0
21301,6377,23,0
21301,6378,24,0
21301,6819,25,0
21301,6379,26,0
21301,6817,27,0
21301,6818,28,0
21301,6721,29,0
21301,6722,30,0
21301,6959,31,0
21301,106315,32,1
21400,6635,1,0
21400,6636,2,0
21400,6552,3,0
21400,6553,4,0
21400,6554,5,0
21400,6555,6,0
21400,6556,7,0
21400,6571,8,0
21400,6572,9,0
21400,6573,10,0
21400,6466,11,0
21400,6467,12,0
21400,6468,13,0
21400,6469,14,0
21400,6484,15,0
21400,6485,16,0
21400,6486,17,0
21400,6487,18,0
21400,6488,19,0
21400,6489,20,0
21400,6490,21,0
21400,6491,22,0
21400,6492,23,1
21401,6492,1,0
21401,6493,2,0
21401,6494,3,0
21401,6685,4,0
21401,6645,5,0
21401,6646,6,0
21401,6500,7,0
21401,6501,8,0
21401,6502,9,0
21401,6503,10,0
21401,6504,11,0
21401,6505,12,0
21401,6559,13,0
21401,6560,14,0
21401,6561,15,0
21401,6562,16,0
21401,6412,17,0
21401,6444,18,0
21401,6445,19,0
21401,6446,20,0
21401,6447,21,0
21401,6448,22,0
21401,6449,23,0
21401,6450,24,0
21401,6526,25,0
21401,6527,26,0
21401,6528,27,0
21401,6529,28,0
21401,6644,29,0
21401,6634,30,0
21401,6635,31,1
