10601,'14',559,,4011,9,,,1,100,,4014,9,,,1,70,,4018,9,,,1,30,,4007,9,,,1,70,,4016,9,,,1,30,,4022,9,,,1,71,,4013,9,0,17,1,29,,4019,9,,,1,100,,1560,9,,,1,100,,4008,9,,,1,100,,4020,9,,,1,100,,2330,9,,,1,70,,4010,9,,,1,30,,4021,9,,,1,70,,4009,9,,,1,30,,4017,9,,,1,70,,4006,9,,,1,30,,773,9,,,1,70,,4015,9,,,1,30,,4012,9,,,1
10601,'18',559,,4029,9,,,1,100,,4033,9,,,1,70,,4038,9,,,1,30,,4024,9,,,1,70,,4036,9,,,1,30,,4042,9,,,1,71,,4032,9,0,17,1,29,,4039,9,,,1,100,,4031,9,,,1,100,,4026,9,,,1,100,,4040,9,,,1,100,,4025,9,,,1,70,,4028,9,,,1,30,,4041,9,,,1,70,,4027,9,,,1,30,,4037,9,,,1,70,,4023,9,,,1,30,,4034,9,,,1,70,,4035,9,,,1,30,,4030,9,,,1
10601,'20',559,,4049,9,,,1,100,,4052,9,,,1,70,,4055,9,,,1,30,,4044,9,,,1,70,,4053,9,,,1,30,,4058,9,,,1,71,,4051,9,0,17,1,29,,4056,9,,,1,100,,1524,9,,,1,100,,4046,9,,,1,100,,1237,9,,,1,100,,4045,9,,,1,70,,4048,9,,,1,30,,4057,9,,,1,70,,4047,9,,,1,30,,4054,9,,,1,70,,4043,9,,,1,30,,713,9,,,1,70,,2265,9,,,1,30,,4050,9,,,1
10601,'8',559,,4065,9,,,1,100,,4069,9,,,1,70,,4074,9,,,1,30,,4060,9,,,1,70,,4072,9,,,1,30,,4078,9,,,1,71,,4068,9,0,17,1,29,,4075,9,,,1,100,,4067,9,,,1,100,,4062,9,,,1,100,,4076,9,,,1,100,,4061,9,,,1,70,,4064,9,,,1,30,,4077,9,,,1,70,,4063,9,,,1,30,,4073,9,,,1,70,,4059,9,,,1,30,,4070,9,,,1,70,,4071,9,,,1,30,,4066,9,,,1
11201,'14',713,,5240,11,,,1,100,,5249,11,,,1,100,,5245,11,,,1,100,,2743,11,,,1,100,,5241,11,,,1,100,,1109,11,,,1,100,,5236,11,,,1,100,,5247,11,,,1,100,,5246,11,,,1,100,,751,11,,,1,100,,5250,11,0,17,1
11201,'18',713,,5261,11,,,1,100,,5271,11,,,1,100,,5267,11,,,1,100,,5256,11,,,1,100,,5262,11,,,1,100,,5266,11,,,1,100,,5255,11,,,1,100,,5269,11,,,1,100,,5268,11,,,1,100,,5257,11,,,1,100,,5272,11,0,17,1
11201,'20',713,,5280,11,,,1,100,,5288,11,,,1,100,,5281,11,,,1,100,,5289,11,,,1,100,,5282,11,,,1,100,,1084,11,,,1,100,,5278,11,,,1,100,,5286,11,,,1,100,,5285,11,,,1,100,,691,11,,,1,100,,5291,11,0,17,1
11201,'8',713,,5301,11,,,1,100,,5310,11,,,1,100,,5302,11,,,1,100,,5311,11,,,1,100,,5303,11,,,1,100,,5306,11,,,1,100,,5298,11,,,1,100,,5308,11,,,1,100,,5307,11,,,1,100,,5299,11,,,1,100,,5313,11,0,17,1
20601,'11',657,,6914,9,,,1,70,,6908,9,,,1,30,,6934,9,,,1,70,,2574,9,,,1,30,,6938,9,,,1,70,,6926,9,,,1,30,,6915,9,,,1,70,,6911,9,,,1,30,,6907,9,,,1,70,,6939,9,,,1,30,,6906,9,,,1,70,,6952,9,,,1,30,,6949,9,,,1,70,,6935,9,,,1,30,,6909,9,,,1,70,,6943,9,,,1,30,,6929,9,,,1,70,,6954,9,,,1,30,,6947,9,,,1,70,,2825,9,,,1,30,,6932,9,,,1,70,,6937,9,,,1,30,,6941,9,,,1,70,,6940,9,,,1,30,,6922,9,,,1,70,,6910,9,,,1,30,,2586,9,,,1,70,,6913,9,,,1
20601,'14',1827,,6972,9,,,1,30,,544,9,,,1,70,,6962,9,,,1,30,,6971,9,,,1,70,,6968,9,,,1,30,,6967,9,,,1,70,,6965,9,,,1,30,,367,9,,,1,70,,6966,9,,,1,30,,6959,9,,,1
20601,'18',1827,,6992,9,,,1,30,,6984,9,,,1,70,,6980,9,,,1,30,,6991,9,,,1,70,,6988,9,,,1,30,,6987,9,,,1,70,,6985,9,,,1,30,,6975,9,,,1,70,,6986,9,,,1,30,,6977,9,,,1
20601,'20',1827,,7009,9,,,1,30,,506,9,,,1,70,,6999,9,,,1,30,,7008,9,,,1,70,,7005,9,,,1,30,,7004,9,,,1,70,,7002,9,,,1,30,,317,9,,,1,70,,7003,9,,,1,30,,6996,9,,,1
20601,'4',657,,7019,9,,,1,70,,7013,9,,,1,30,,7041,9,,,1,70,,7034,9,,,1,30,,7046,9,,,1,70,,7032,9,,,1,30,,7020,9,,,1,70,,7016,9,,,1,30,,7012,9,,,1,70,,7047,9,,,1,30,,7011,9,,,1,70,,7062,9,,,1,30,,7059,9,,,1,70,,7043,9,,,1,30,,7014,9,,,1,70,,7053,9,,,1,30,,7036,9,,,1,70,,7064,9,,,1,30,,7057,9,,,1,70,,7050,9,,,1,30,,7039,9,,,1,70,,7045,9,,,1,30,,7051,9,,,1,70,,7049,9,,,1,30,,7027,9,,,1,70,,7015,9,,,1,30,,7048,9,,,1,70,,7018,9,,,1
20601,'8',1827,,7085,9,,,1,30,,7077,9,,,1,70,,7073,9,,,1,30,,7084,9,,,1,70,,7081,9,,,1,30,,7080,9,,,1,70,,7078,9,,,1,30,,7068,9,,,1,70,,7079,9,,,1,30,,7070,9,,,1
