10500,'14',555,,3666,14,4,,1,2,,3682,1,,,1,98,,3654,14,4,,1,2,,3668,1,,,1,68,,3673,14,4,,1,2,,3649,1,,,1,28,,3656,14,4,,1,2,,3679,1,,,1,68,,3652,14,4,,1,2,,3650,1,,,1,28,,3674,14,4,,1,2,,3678,1,,,1,68,,3669,14,4,,1,2,,3665,1,,,1,28,,3676,14,4,,1,2,,3648,1,,,1,98,,3658,14,4,,1,2,,3664,1,,,1,98,,67,14,4,,1,2,,1449,1,,,1,98,,3655,14,4,,1,2,,3662,1,,,1,98,,3681,14,4,,1,2,,3661,1,,,1,98,,3670,14,4,,1,2,,3657,1,,,1,68,,3663,14,4,,1,2,,3653,1,,,1,28,,3677,14,4,,1,2,,3667,1,,,1,68,,3672,14,4,,1,2,,3671,1,,,1,28,,3675,14,4,,1,2,,1017,1,,,1,68,,3659,14,4,,1,2,,3660,1,,,1,28,,3651,14,4,,1,2,,3680,1,,,1
10500,'18',555,,3702,14,4,,1,2,,3720,1,,,1,98,,3689,14,4,,1,2,,3704,1,,,1,68,,3711,14,4,,1,2,,3684,1,,,1,28,,3691,14,4,,1,2,,3717,1,,,1,68,,3687,14,4,,1,2,,3685,1,,,1,28,,3712,14,4,,1,2,,3716,1,,,1,68,,3706,14,4,,1,2,,3700,1,,,1,28,,3714,14,4,,1,2,,3683,1,,,1,98,,3693,14,4,,1,2,,3699,1,,,1,98,,3701,14,4,,1,2,,3707,1,,,1,98,,3690,14,4,,1,2,,3697,1,,,1,98,,3719,14,4,,1,2,,3696,1,,,1,98,,3708,14,4,,1,2,,3692,1,,,1,68,,3698,14,4,,1,2,,3688,1,,,1,28,,3715,14,4,,1,2,,3703,1,,,1,68,,3710,14,4,,1,2,,3709,1,,,1,28,,3713,14,4,,1,2,,3705,1,,,1,68,,3694,14,4,,1,2,,3695,1,,,1,28,,3686,14,4,,1,2,,3718,1,,,1
10500,'20',555,,3738,14,4,,1,2,,3755,1,,,1,98,,3726,14,4,,1,2,,3740,1,,,1,68,,3746,14,4,,1,2,,3722,1,,,1,28,,3728,14,4,,1,2,,3752,1,,,1,68,,3725,14,4,,1,2,,3723,1,,,1,28,,3747,14,4,,1,2,,3751,1,,,1,68,,3741,14,4,,1,2,,3737,1,,,1,28,,3749,14,4,,1,2,,3721,1,,,1,98,,3730,14,4,,1,2,,3736,1,,,1,98,,49,14,4,,1,2,,3742,1,,,1,98,,3727,14,4,,1,2,,3734,1,,,1,98,,3754,14,4,,1,2,,3733,1,,,1,98,,3743,14,4,,1,2,,3729,1,,,1,68,,3735,14,4,,1,2,,806,1,,,1,28,,3750,14,4,,1,2,,3739,1,,,1,68,,3745,14,4,,1,2,,3744,1,,,1,28,,3748,14,4,,1,2,,969,1,,,1,68,,3731,14,4,,1,2,,3732,1,,,1,28,,3724,14,4,,1,2,,3753,1,,,1
10500,'8',555,,3775,14,4,,1,2,,3793,1,,,1,98,,3762,14,4,,1,2,,3777,1,,,1,68,,3784,14,4,,1,2,,3757,1,,,1,28,,3764,14,4,,1,2,,3790,1,,,1,68,,3760,14,4,,1,2,,3758,1,,,1,28,,3785,14,4,,1,2,,3789,1,,,1,68,,3779,14,4,,1,2,,3773,1,,,1,28,,3787,14,4,,1,2,,3756,1,,,1,98,,3766,14,4,,1,2,,3772,1,,,1,98,,3774,14,4,,1,2,,3780,1,,,1,98,,3763,14,4,,1,2,,3770,1,,,1,98,,3792,14,4,,1,2,,3769,1,,,1,98,,3781,14,4,,1,2,,3765,1,,,1,68,,3771,14,4,,1,2,,3761,1,,,1,28,,3788,14,4,,1,2,,3776,1,,,1,68,,3783,14,4,,1,2,,3782,1,,,1,28,,3786,14,4,,1,2,,3778,1,,,1,68,,3767,14,4,,1,2,,3768,1,,,1,28,,3759,14,4,,1,2,,3791,1,,,1
20500,'11',654,,6661,14,4,,1,3,,6648,1,,,1,97,,6657,14,4,,1,3,,6658,1,,,1,97,,6653,14,4,,1,3,,6654,1,,,1,97,,6666,14,4,,1,3,,6662,1,,,1,97,,6670,14,4,,1,3,,6667,1,,,1,97,,2797,14,4,,1,3,,6647,1,,,1,97,,6664,14,4,,1,3,,6668,1,,,1,97,,6649,14,4,,1,3,,6663,1,,,1,97,,6659,14,4,,1,3,,6669,1,,,1,97,,6652,14,4,,1,3,,6646,1,,,1,97,,6656,14,4,,1,3,,2735,1,,,1,97,,6655,14,4,,1,3,,6665,1,,,1,97,,6651,14,4,,1,3,,2642,1,,,1,97,,6660,14,4,,1,3,,6650,1,,,1
20500,'14',1854,,6675,14,4,,1,3,,6671,1,,,1,97,,6674,14,4,,1,3,,6672,1,,,1,97,,6676,14,4,,1,3,,1735,1,,,1,97,,6673,14,4,,1,3,,6677,1,,,1
20500,'18',1854,,6683,14,4,,1,3,,6678,1,,,1,97,,6681,14,4,,1,3,,6679,1,,,1,97,,6684,14,4,,1,3,,6682,1,,,1,97,,6680,14,4,,1,3,,6685,1,,,1
20500,'20',1854,,6690,14,4,,1,3,,6686,1,,,1,97,,6689,14,4,,1,3,,6687,1,,,1,97,,6691,14,4,,1,3,,1687,1,,,1,97,,6688,14,4,,1,3,,6692,1,,,1
20500,'4',654,,6710,14,4,,1,3,,6696,1,,,1,97,,6706,14,4,,1,3,,6707,1,,,1,97,,6702,14,4,,1,3,,6703,1,,,1,97,,6716,14,4,,1,3,,6711,1,,,1,97,,6720,14,4,,1,3,,6717,1,,,1,97,,6697,14,4,,1,3,,6695,1,,,1,97,,6714,14,4,,1,3,,6718,1,,,1,97,,6698,14,4,,1,3,,6712,1,,,1,97,,6708,14,4,,1,3,,6719,1,,,1,97,,6701,14,4,,1,3,,6693,1,,,1,97,,6705,14,4,,1,3,,6713,1,,,1,97,,6704,14,4,,1,3,,6715,1,,,1,97,,6700,14,4,,1,3,,6694,1,,,1,97,,6709,14,4,,1,3,,6699,1,,,1
20500,'8',1854,,6726,14,4,,1,3,,6721,1,,,1,97,,6724,14,4,,1,3,,6722,1,,,1,97,,6727,14,4,,1,3,,6725,1,,,1,97,,6723,14,4,,1,3,,6728,1,,,1
