10501,'14',619,,3799,7,0,14 15 16,1,100,,3797,7,0,14 15 16,1,30,,3801,7,0,14 15 16,1,70,,3827,7,0,14 15 16,1,30,,1733,7,0,14 15 16,1,70,,1161,7,0,14 15 16,1,30,,3803,7,0,14 15 16,1,70,,3800,7,0,14 15 16,1,100,,3817,7,0,14 15 16,1,100,,3815,7,0,14 15 16,1,100,,3810,7,0,14 15 16,1,100,,3805,7,0,14 15 16,1,100,,3807,7,0,14 15 16,1,30,,3809,7,0,14 15 16,1,70,,3808,7,0,14 15 16,1,30,,3804,7,0,14 15 16,1,70,,3802,7,0,14 15 16,1,30,,3824,7,0,14 15 16,1,70,,3795,7,0,14 15 16,1
10501,'18',619,,3835,7,0,14 15 16,1,100,,3833,7,0,14 15 16,1,30,,3837,7,0,14 15 16,1,70,,3865,7,0,14 15 16,1,30,,3851,7,0,14 15 16,1,70,,3838,7,0,14 15 16,1,30,,3840,7,0,14 15 16,1,70,,3836,7,0,14 15 16,1,100,,3855,7,0,14 15 16,1,100,,3853,7,0,14 15 16,1,100,,3847,7,0,14 15 16,1,100,,3842,7,0,14 15 16,1,100,,3844,7,0,14 15 16,1,30,,3846,7,0,14 15 16,1,70,,3845,7,0,14 15 16,1,30,,3841,7,0,14 15 16,1,70,,3839,7,0,14 15 16,1,30,,3862,7,0,14 15 16,1,70,,3831,7,0,14 15 16,1
10501,'20',619,,3873,7,0,14 15 16,1,100,,3871,7,0,14 15 16,1,30,,3875,7,0,14 15 16,1,70,,3901,7,0,14 15 16,1,30,,1685,7,0,14 15 16,1,70,,1133,7,0,14 15 16,1,30,,3877,7,0,14 15 16,1,70,,3874,7,0,14 15 16,1,100,,3891,7,0,14 15 16,1,100,,3889,7,0,14 15 16,1,100,,3884,7,0,14 15 16,1,100,,3879,7,0,14 15 16,1,100,,3881,7,0,14 15 16,1,30,,3883,7,0,14 15 16,1,70,,3882,7,0,14 15 16,1,30,,3878,7,0,14 15 16,1,70,,3876,7,0,14 15 16,1,30,,3898,7,0,14 15 16,1,70,,3869,7,0,14 15 16,1
10501,'8',619,,3909,7,0,14 15 16,1,100,,3907,7,0,14 15 16,1,30,,3911,7,0,14 15 16,1,70,,3939,7,0,14 15 16,1,30,,3925,7,0,14 15 16,1,70,,3912,7,0,14 15 16,1,30,,3914,7,0,14 15 16,1,70,,3910,7,0,14 15 16,1,100,,3929,7,0,14 15 16,1,100,,3927,7,0,14 15 16,1,100,,3921,7,0,14 15 16,1,100,,3916,7,0,14 15 16,1,100,,3918,7,0,14 15 16,1,30,,3920,7,0,14 15 16,1,70,,3919,7,0,14 15 16,1,30,,3915,7,0,14 15 16,1,70,,3913,7,0,14 15 16,1,30,,3936,7,0,14 15 16,1,70,,3905,7,0,14 15 16,1
20501,'11',719,,6737,7,,,1,100,,6733,7,,,1,100,,6731,7,,,1,100,,6729,7,,,1,100,,6754,7,,,1,100,,6739,7,,,1,100,,6744,7,,,1,100,,6746,7,,,1,100,,6736,7,,,1,100,,2688,7,,,1,100,,6745,7,,,1,100,,6749,7,,,1,100,,6743,7,,,1,100,,6741,7,,,1
20501,'14',1919,,6761,7,,,1,100,,6757,7,,,1,100,,6758,7,,,1,100,,6759,7,,,1
20501,'18',1919,,6769,7,,,1,100,,6765,7,,,1,100,,6766,7,,,1,100,,6767,7,,,1
20501,'20',1919,,6777,7,,,1,100,,6773,7,,,1,100,,6774,7,,,1,100,,6775,7,,,1
20501,'4',719,,6788,7,,,1,100,,6784,7,,,1,100,,6782,7,,,1,100,,6779,7,,,1,100,,6806,7,,,1,100,,6790,7,,,1,100,,6795,7,,,1,100,,6798,7,,,1,100,,6787,7,,,1,100,,6781,7,,,1,100,,6797,7,,,1,100,,6801,7,,,1,100,,6794,7,,,1,100,,6792,7,,,1
20501,'8',1919,,6813,7,,,1,100,,6809,7,,,1,100,,6810,7,,,1,100,,6811,7,,,1
