10700,'14',633,,1555,4,0,5 6,1,100,,4092,4,0,5 6,1,70,,4091,4,0,5 6,1,30,,4079,4,0,5 6,1,70,,1850,4,0,5 6,1,30,,4080,4,0,5 6,1,100,,4089,4,0,5 6,1,100,,4090,4,0,5 6,1,100,,4087,4,0,5 6,1,100,,4085,4,0,5 6,1,100,,4088,4,0,5 6,1,70,,4082,4,0,5 6,1,30,,479,4,0,5 6,1,70,,4084,4,0,5 6,1,30,,1123,4,0,5 6,1,70,,4083,4,0,5 6,1,30,,4081,4,0,5 6,1,70,,4086,4,0,5 6,1,30,,27,4,0,5 6,1
10700,'18',633,,4098,4,0,5 6,1,100,,4111,4,0,5 6,1,70,,4110,4,0,5 6,1,30,,4093,4,0,5 6,1,70,,4099,4,0,5 6,1,30,,4094,4,0,5 6,1,100,,4107,4,0,5 6,1,100,,4108,4,0,5 6,1,100,,4105,4,0,5 6,1,100,,4102,4,0,5 6,1,100,,4106,4,0,5 6,1,70,,4096,4,0,5 6,1,30,,4104,4,0,5 6,1,70,,4100,4,0,5 6,1,30,,4109,4,0,5 6,1,70,,4097,4,0,5 6,1,30,,4095,4,0,5 6,1,70,,4103,4,0,5 6,1,30,,4101,4,0,5 6,1
10700,'20',633,,1519,4,0,5 6,1,100,,4125,4,0,5 6,1,70,,4124,4,0,5 6,1,30,,4112,4,0,5 6,1,70,,1811,4,0,5 6,1,30,,4113,4,0,5 6,1,100,,4122,4,0,5 6,1,100,,4123,4,0,5 6,1,100,,4120,4,0,5 6,1,100,,4118,4,0,5 6,1,100,,4121,4,0,5 6,1,70,,4115,4,0,5 6,1,30,,441,4,0,5 6,1,70,,4117,4,0,5 6,1,30,,1098,4,0,5 6,1,70,,4116,4,0,5 6,1,30,,4114,4,0,5 6,1,70,,4119,4,0,5 6,1,30,,9,4,0,5 6,1
10700,'8',633,,4131,4,0,5 6,1,100,,4144,4,0,5 6,1,70,,4143,4,0,5 6,1,30,,4126,4,0,5 6,1,70,,4132,4,0,5 6,1,30,,4127,4,0,5 6,1,100,,4140,4,0,5 6,1,100,,4141,4,0,5 6,1,100,,4138,4,0,5 6,1,100,,4135,4,0,5 6,1,100,,4139,4,0,5 6,1,70,,4129,4,0,5 6,1,30,,4137,4,0,5 6,1,70,,4133,4,0,5 6,1,30,,4142,4,0,5 6,1,70,,4130,4,0,5 6,1,30,,4128,4,0,5 6,1,70,,4136,4,0,5 6,1,30,,4134,4,0,5 6,1
21000,'11',731,,7318,4,,,1,70,,7307,4,,,1,30,,7310,4,,,1,70,,7325,4,,,1,30,,7323,4,,,1,70,,7308,4,,,1,30,,7326,4,,,1,70,,7317,4,,,1,30,,7313,4,,,1,70,,7316,4,,,1,30,,7324,4,,,1,70,,7322,4,,,1,30,,7328,4,,,1,70,,7320,4,,,1,30,,7327,4,,,1,70,,7321,4,,,1,30,,7333,4,,,1,70,,7329,4,,,1,30,,7331,4,,,1,70,,7309,4,,,1,30,,7332,4,,,1,70,,7314,4,,,1,30,,7319,4,,,1,70,,7330,4,,,1,30,,7312,4,,,1,70,,7315,4,,,1,30,,7311,4,,,1
21000,'14',1901,,7336,4,,,1,30,,7338,4,,,1,70,,7341,4,,,1,30,,7334,4,,,1,70,,7339,4,,,1,30,,7335,4,,,1,70,,2757,4,,,1,30,,7340,4,,,1,70,,7337,4,,,1
21000,'18',1901,,7344,4,,,1,30,,7347,4,,,1,70,,7350,4,,,1,30,,7342,4,,,1,70,,7348,4,,,1,30,,7343,4,,,1,70,,7346,4,,,1,30,,7349,4,,,1,70,,7345,4,,,1
21000,'20',1901,,7353,4,,,1,30,,7355,4,,,1,70,,7358,4,,,1,30,,7351,4,,,1,70,,7356,4,,,1,30,,7352,4,,,1,70,,2675,4,,,1,30,,7357,4,,,1,70,,7354,4,,,1
21000,'4',731,,7370,4,,,1,70,,7359,4,,,1,30,,7362,4,,,1,70,,7377,4,,,1,30,,7375,4,,,1,70,,7360,4,,,1,30,,7378,4,,,1,70,,7369,4,,,1,30,,7365,4,,,1,70,,7368,4,,,1,30,,7376,4,,,1,70,,7374,4,,,1,30,,7380,4,,,1,70,,7372,4,,,1,30,,7379,4,,,1,70,,7373,4,,,1,30,,7385,4,,,1,70,,7381,4,,,1,30,,7383,4,,,1,70,,7361,4,,,1,30,,7384,4,,,1,70,,7366,4,,,1,30,,7371,4,,,1,70,,7382,4,,,1,30,,7364,4,,,1,70,,7367,4,,,1,30,,7363,4,,,1
21000,'8',1901,,7388,4,,,1,30,,7391,4,,,1,70,,7394,4,,,1,30,,7386,4,,,1,70,,7392,4,,,1,30,,7387,4,,,1,70,,7390,4,,,1,30,,7393,4,,,1,70,,7389,4,,,1
