11601,'14',608,,6042,3,0,9 3 10 16,1,30,,6019,3,0,9 3 10 16,1,70,,6021,3,0,9 3 10 16,1,30,,6051,3,0,9 3 10 16,1,70,,6043,3,0,9 3 10 16,1,30,,262,3,0,9 3 10 16,1,70,,6018,3,0,9 3 10 16,1,30,,6035,3,0,9 3 10 16,1,70,,6027,3,0,9 3 10 16,1,30,,6053,3,0,9 3 10 16,1,70,,6047,3,0,9 3 10 16,1,30,,6046,3,0,9 3 10 16,1,70,,6024,3,0,9 3 10 16,1,30,,6031,3,0,9 3 10 16,1,70,,6044,3,0,9 3 10 16,1,30,,1209,3,0,9 3 10 16,1,70,,6020,3,0,9 3 10 16,1,30,,6032,3,0,9 3 10 16,1,70,,6052,3,0,9 3 10 16,1,30,,6040,3,0,9 3 10 16,1,70,,6034,3,0,9 3 10 16,1,30,,6033,3,0,9 3 10 16,1,70,,6026,3,0,9 3 10 16,1,30,,6025,3,0,9 3 10 16,1
11601,'18',608,,6089,3,0,9 3 10 16,1,30,,6062,3,0,9 3 10 16,1,70,,6064,3,0,9 3 10 16,1,30,,6099,3,0,9 3 10 16,1,70,,6090,3,0,9 3 10 16,1,30,,6092,3,0,9 3 10 16,1,70,,6061,3,0,9 3 10 16,1,30,,6081,3,0,9 3 10 16,1,70,,6071,3,0,9 3 10 16,1,30,,6101,3,0,9 3 10 16,1,70,,6095,3,0,9 3 10 16,1,30,,6094,3,0,9 3 10 16,1,70,,6068,3,0,9 3 10 16,1,30,,6076,3,0,9 3 10 16,1,70,,6091,3,0,9 3 10 16,1,30,,6067,3,0,9 3 10 16,1,70,,6063,3,0,9 3 10 16,1,30,,6077,3,0,9 3 10 16,1,70,,6100,3,0,9 3 10 16,1,30,,6087,3,0,9 3 10 16,1,70,,6080,3,0,9 3 10 16,1,30,,6078,3,0,9 3 10 16,1,70,,6070,3,0,9 3 10 16,1,30,,6069,3,0,9 3 10 16,1
11601,'20',608,,6132,3,0,9 3 10 16,1,30,,6109,3,0,9 3 10 16,1,70,,6111,3,0,9 3 10 16,1,30,,6141,3,0,9 3 10 16,1,70,,6133,3,0,9 3 10 16,1,30,,242,3,0,9 3 10 16,1,70,,6108,3,0,9 3 10 16,1,30,,6124,3,0,9 3 10 16,1,70,,6118,3,0,9 3 10 16,1,30,,6143,3,0,9 3 10 16,1,70,,6137,3,0,9 3 10 16,1,30,,6136,3,0,9 3 10 16,1,70,,6115,3,0,9 3 10 16,1,30,,6121,3,0,9 3 10 16,1,70,,6134,3,0,9 3 10 16,1,30,,6114,3,0,9 3 10 16,1,70,,6110,3,0,9 3 10 16,1,30,,1189,3,0,9 3 10 16,1,70,,6142,3,0,9 3 10 16,1,30,,6130,3,0,9 3 10 16,1,70,,6123,3,0,9 3 10 16,1,30,,6122,3,0,9 3 10 16,1,70,,6117,3,0,9 3 10 16,1,30,,6116,3,0,9 3 10 16,1
11601,'8',608,,6179,3,0,9 3 10 16,1,30,,6152,3,0,9 3 10 16,1,70,,6154,3,0,9 3 10 16,1,30,,6189,3,0,9 3 10 16,1,70,,6180,3,0,9 3 10 16,1,30,,6182,3,0,9 3 10 16,1,70,,6151,3,0,9 3 10 16,1,30,,6171,3,0,9 3 10 16,1,70,,6161,3,0,9 3 10 16,1,30,,6191,3,0,9 3 10 16,1,70,,6185,3,0,9 3 10 16,1,30,,6184,3,0,9 3 10 16,1,70,,6158,3,0,9 3 10 16,1,30,,6166,3,0,9 3 10 16,1,70,,6181,3,0,9 3 10 16,1,30,,6157,3,0,9 3 10 16,1,70,,6153,3,0,9 3 10 16,1,30,,6167,3,0,9 3 10 16,1,70,,6190,3,0,9 3 10 16,1,30,,6177,3,0,9 3 10 16,1,70,,6170,3,0,9 3 10 16,1,30,,6168,3,0,9 3 10 16,1,70,,6160,3,0,9 3 10 16,1,30,,6159,3,0,9 3 10 16,1
21601,'11',638,,8171,3,0,9 3 10 16,1,70,,8153,3,0,9 3 10 16,1,30,,8160,3,0,9 3 10 16,1,70,,8148,3,0,9 3 10 16,1,30,,8155,3,0,9 3 10 16,1,70,,8173,3,0,9 3 10 16,1,30,,8147,3,0,9 3 10 16,1,70,,8150,3,0,9 3 10 16,1,30,,8125,3,0,9 3 10 16,1,70,,8169,3,0,9 3 10 16,1,30,,8143,3,0,9 3 10 16,1,70,,8158,3,0,9 3 10 16,1,30,,8165,3,0,9 3 10 16,1,70,,8178,3,0,9 3 10 16,1,30,,8170,3,0,9 3 10 16,1,70,,8167,3,0,9 3 10 16,1,30,,8137,3,0,9 3 10 16,1,70,,8152,3,0,9 3 10 16,1,30,,8133,3,0,9 3 10 16,1,70,,8142,3,0,9 3 10 16,1,30,,8151,3,0,9 3 10 16,1,70,,8132,3,0,9 3 10 16,1,30,,8177,3,0,9 3 10 16,1,70,,8145,3,0,9 3 10 16,1,30,,8179,3,0,9 3 10 16,1,70,,2575,3,0,9 3 10 16,1,30,,8130,3,0,9 3 10 16,1,70,,8140,3,0,9 3 10 16,1,30,,8164,3,0,9 3 10 16,1
21601,'14',1808,,8184,3,0,9 3 10 16,1,30,,8196,3,0,9 3 10 16,1,70,,8189,3,0,9 3 10 16,1,30,,8186,3,0,9 3 10 16,1,70,,1655,3,0,9 3 10 16,1,30,,8187,3,0,9 3 10 16,1,70,,8198,3,0,9 3 10 16,1,30,,8192,3,0,9 3 10 16,1,70,,8194,3,0,9 3 10 16,1,30,,8181,3,0,9 3 10 16,1,70,,8195,3,0,9 3 10 16,1
21601,'18',1808,,8205,3,0,9 3 10 16,1,30,,8218,3,0,9 3 10 16,1,70,,8210,3,0,9 3 10 16,1,30,,8207,3,0,9 3 10 16,1,70,,8215,3,0,9 3 10 16,1,30,,8208,3,0,9 3 10 16,1,70,,8220,3,0,9 3 10 16,1,30,,8213,3,0,9 3 10 16,1,70,,8216,3,0,9 3 10 16,1,30,,8202,3,0,9 3 10 16,1,70,,8217,3,0,9 3 10 16,1
21601,'20',1808,,8226,3,0,9 3 10 16,1,30,,8238,3,0,9 3 10 16,1,70,,8231,3,0,9 3 10 16,1,30,,8228,3,0,9 3 10 16,1,70,,1609,3,0,9 3 10 16,1,30,,8229,3,0,9 3 10 16,1,70,,8240,3,0,9 3 10 16,1,30,,8234,3,0,9 3 10 16,1,70,,8236,3,0,9 3 10 16,1,30,,8223,3,0,9 3 10 16,1,70,,8237,3,0,9 3 10 16,1
21601,'4',638,,8291,3,0,9 3 10 16,1,70,,8273,3,0,9 3 10 16,1,30,,8280,3,0,9 3 10 16,1,70,,8267,3,0,9 3 10 16,1,30,,8275,3,0,9 3 10 16,1,70,,8293,3,0,9 3 10 16,1,30,,8266,3,0,9 3 10 16,1,70,,8270,3,0,9 3 10 16,1,30,,8244,3,0,9 3 10 16,1,70,,8289,3,0,9 3 10 16,1,30,,8262,3,0,9 3 10 16,1,70,,8278,3,0,9 3 10 16,1,30,,8285,3,0,9 3 10 16,1,70,,8298,3,0,9 3 10 16,1,30,,8290,3,0,9 3 10 16,1,70,,8287,3,0,9 3 10 16,1,30,,8256,3,0,9 3 10 16,1,70,,8272,3,0,9 3 10 16,1,30,,8252,3,0,9 3 10 16,1,70,,8261,3,0,9 3 10 16,1,30,,8271,3,0,9 3 10 16,1,70,,8251,3,0,9 3 10 16,1,30,,8297,3,0,9 3 10 16,1,70,,8264,3,0,9 3 10 16,1,30,,8299,3,0,9 3 10 16,1,70,,8268,3,0,9 3 10 16,1,30,,8249,3,0,9 3 10 16,1,70,,8259,3,0,9 3 10 16,1,30,,8284,3,0,9 3 10 16,1
21601,'8',1808,,8305,3,0,9 3 10 16,1,30,,8318,3,0,9 3 10 16,1,70,,8310,3,0,9 3 10 16,1,30,,8307,3,0,9 3 10 16,1,70,,8315,3,0,9 3 10 16,1,30,,8308,3,0,9 3 10 16,1,70,,8320,3,0,9 3 10 16,1,30,,8313,3,0,9 3 10 16,1,70,,8316,3,0,9 3 10 16,1,30,,8302,3,0,9 3 10 16,1,70,,8317,3,0,9 3 10 16,1
