11301,'14',652,,5474,13,,,1,100,,2215,13,,,1,100,,5477,13,,,1,100,,5490,13,,,1,100,,5482,13,,,1,100,,5459,13,,,1,100,,5461,13,,,1,100,,5464,13,,,1,100,,5479,13,,,1,100,,5483,13,,,1,100,,5463,13,,,1,100,,5484,13,,,1,100,,5466,13,,,1
11301,'18',652,,5513,13,,,1,100,,5502,13,,,1,100,,5516,13,,,1,100,,5531,13,,,1,100,,5522,13,,,1,100,,5496,13,,,1,100,,5498,13,,,1,100,,5501,13,,,1,100,,5518,13,,,1,100,,5523,13,,,1,100,,5500,13,,,1,100,,5525,13,,,1,100,,5504,13,,,1
11301,'20',652,,5545,13,,,1,100,,2139,13,,,1,100,,5548,13,,,1,100,,5566,13,,,1,100,,5552,13,,,1,100,,5537,13,,,1,100,,5568,13,,,1,100,,5540,13,,,1,100,,5556,13,,,1,100,,5564,13,,,1,100,,5571,13,,,1,100,,5567,13,,,1,100,,5542,13,,,1
11301,'8',652,,5585,13,,,1,100,,5579,13,,,1,100,,5588,13,,,1,100,,5607,13,,,1,100,,5592,13,,,1,100,,5575,13,,,1,100,,5609,13,,,1,100,,5578,13,,,1,100,,5597,13,,,1,100,,5605,13,,,1,100,,5612,13,,,1,100,,5608,13,,,1,100,,5581,13,,,1
21301,'11',752,,7709,13,,,1,100,,7712,13,,,1,100,,7732,13,,,1,100,,7726,13,,,1,100,,7710,13,,,1,100,,7734,13,,,1,100,,7738,13,,,1,100,,7720,13,,,1,100,,7725,13,,,1,100,,7730,13,,,1,100,,7705,13,,,1,100,,7711,13,,,1,100,,7706,13,,,1
21301,'14',1952,,7743,13,,,1,100,,7747,13,,,1,100,,7750,13,,,1,100,,7749,13,,,1
21301,'18',1952,,7753,13,,,1,100,,7757,13,,,1,100,,7761,13,,,1,100,,7760,13,,,1
21301,'20',1952,,7764,13,,,1,100,,7768,13,,,1,100,,7771,13,,,1,100,,7770,13,,,1
21301,'4',752,,7779,13,,,1,100,,7782,13,,,1,100,,7803,13,,,1,100,,7797,13,,,1,100,,7780,13,,,1,100,,7805,13,,,1,100,,7809,13,,,1,100,,7790,13,,,1,100,,7796,13,,,1,100,,7801,13,,,1,100,,7775,13,,,1,100,,7781,13,,,1,100,,7776,13,,,1
21301,'8',1952,,7814,13,,,1,100,,7818,13,,,1,100,,7822,13,,,1,100,,7821,13,,,1
