10800,'12',700,,9468,2,,,1,30,,9461,2,,,1,70,,1519,2,,,1,30,,9459,2,,,1,70,,9454,2,,,1,30,,9445,2,,,1,100,,9467,2,,,1,100,,9450,2,,,1,100,,9457,2,,,1,100,,9465,2,,,1,100,,9463,2,,,1,70,,9452,2,,,1,30,,9446,2,,,1,70,,9443,2,,,1,30,,9447,2,,,1,70,,9451,2,,,1,30,,9453,2,,,1
10800,'5',700,,9491,2,,,1,30,,9497,2,,,1,70,,9479,2,,,1,30,,9495,2,,,1,70,,9470,2,,,1,30,,9477,2,,,1,100,,9502,2,,,1,100,,9484,2,,,1,100,,9492,2,,,1,100,,9501,2,,,1,100,,9499,2,,,1,70,,9486,2,,,1,30,,9478,2,,,1,70,,9475,2,,,1,30,,9480,2,,,1,70,,9485,2,,,1,30,,9487,2,,,1
10800,'9',700,,9524,2,,,1,30,,9528,2,,,1,70,,390,2,,,1,30,,9527,2,,,1,70,,9504,2,,,1,30,,9511,2,,,1,100,,9533,2,,,1,100,,9517,2,,,1,100,,9525,2,,,1,100,,9532,2,,,1,100,,9530,2,,,1,70,,9519,2,,,1,30,,9512,2,,,1,70,,9509,2,,,1,30,,9513,2,,,1,70,,9518,2,,,1,30,,9520,2,,,1
10900,'12',703,,9595,2,,,1,100,,4282,2,,,1,100,,9588,2,,,1,100,,9591,2,,,1,100,,9590,2,,,1,100,,9587,2,,,1,100,,9593,2,,,1,100,,4964,2,,,1,100,,4729,2,,,1,100,,9594,2,,,1,100,,9592,2,,,1,100,,9589,2,,,1
10900,'5',703,,9607,2,,,1,100,,9602,2,,,1,100,,9597,2,,,1,100,,9601,2,,,1,100,,9600,2,,,1,100,,9596,2,,,1,100,,9605,2,,,1,100,,9604,2,,,1,100,,9598,2,,,1,100,,9606,2,,,1,100,,9603,2,,,1,100,,9599,2,,,1
10900,'9',703,,9616,2,,,1,100,,4165,2,,,1,100,,9609,2,,,1,100,,9612,2,,,1,100,,9611,2,,,1,100,,9608,2,,,1,100,,9614,2,,,1,100,,4916,2,,,1,100,,4638,2,,,1,100,,9615,2,,,1,100,,9613,2,,,1,100,,9610,2,,,1
11400,'12',630,,10334,2,,,1,100,,10340,2,,,1,100,,10339,2,,,1,100,,10333,2,,,1,100,,10336,2,,,1,100,,10337,2,,,1,100,,10341,2,,,1,100,,10342,2,,,1,100,,10335,2,,,1,100,,10338,2,,,1,100,,2398,2,,,1,100,,4454,2,,,1
11400,'5',630,,10344,2,,,1,100,,10352,2,,,1,100,,10351,2,,,1,100,,10343,2,,,1,100,,10347,2,,,1,100,,10348,2,,,1,100,,10353,2,,,1,100,,10354,2,,,1,100,,10346,2,,,1,100,,10350,2,,,1,100,,10349,2,,,1,100,,10345,2,,,1
11400,'9',630,,10356,2,,,1,100,,10362,2,,,1,100,,10361,2,,,1,100,,10355,2,,,1,100,,10358,2,,,1,100,,10359,2,,,1,100,,10363,2,,,1,100,,10364,2,,,1,100,,10357,2,,,1,100,,10360,2,,,1,100,,2436,2,,,1,100,,4386,2,,,1
20900,'12',1901,,11271,2,,,1,100,,11270,2,,,1,100,,11272,2,,,1,100,,11269,2,,,1
20900,'5',1901,,11276,2,,,1,100,,11275,2,,,1,100,,11274,2,,,1,100,,11273,2,,,1
20900,'7',801,,11282,2,,,1,100,,11283,2,,,1,100,,11284,2,,,1,100,,11280,2,,,1,100,,11285,2,,,1,100,,11286,2,,,1,100,,6939,2,,,1,100,,11278,2,,,1,100,,11279,2,,,1,100,,7498,2,,,1,100,,11281,2,,,1,100,,11287,2,,,1,100,,11277,2,,,1
20900,'9',1901,,11289,2,,,1,100,,11288,2,,,1,100,,11290,2,,,1,100,,11291,2,,,1
21400,'12',1830,,11705,2,,,1,100,,11704,2,,,1,100,,11703,2,,,1,100,,11701,2,,,1,100,,11702,2,,,1
21400,'5',1830,,11709,2,,,1,100,,11708,2,,,1,100,,11706,2,,,1,100,,11710,2,,,1,100,,11707,2,,,1
21400,'7',730,,11714,2,,,1,100,,11717,2,,,1,100,,11715,2,,,1,100,,11722,2,,,1,100,,11721,2,,,1,100,,11713,2,,,1,100,,11719,2,,,1,100,,11711,2,,,1,100,,11720,2,,,1,100,,11716,2,,,1,100,,11712,2,,,1,100,,6829,2,,,1,100,,11718,2,,,1
21400,'9',1830,,11726,2,,,1,100,,11724,2,,,1,100,,11725,2,,,1,100,,11723,2,,,1,100,,7972,2,,,1
