10500,'14',604,,6205,,,1,100,,6191,,,1,30,,6172,,,1,70,,6202,,,1,30,,6173,,,1,70,,6201,,,1,30,,6188,,,1,70,,6171,,,1,100,,6187,,,1,100,,263,,,1,100,,6185,,,1,100,,6184,,,1,100,,6180,,,1,30,,6176,,,1,70,,6190,,,1,30,,6194,,,1,70,,862,,,1,30,,6183,,,1,70,,6203,,,1
10500,'18',604,,6243,,,1,100,,6227,,,1,30,,6207,,,1,70,,6240,,,1,30,,6208,,,1,70,,6239,,,1,30,,6223,,,1,70,,6206,,,1,100,,6222,,,1,100,,6230,,,1,100,,6220,,,1,100,,6219,,,1,100,,6215,,,1,30,,6211,,,1,70,,6226,,,1,30,,6232,,,1,70,,6228,,,1,30,,6218,,,1,70,,6241,,,1
10500,'20',604,,6278,,,1,100,,6263,,,1,30,,6245,,,1,70,,6275,,,1,30,,6246,,,1,70,,6274,,,1,30,,6260,,,1,70,,6244,,,1,100,,6259,,,1,100,,6265,,,1,100,,6257,,,1,100,,6256,,,1,100,,6252,,,1,30,,3565,,,1,70,,6262,,,1,30,,6267,,,1,70,,829,,,1,30,,6255,,,1,70,,6276,,,1
10500,'8',604,,6316,,,1,100,,6300,,,1,30,,6280,,,1,70,,6313,,,1,30,,6281,,,1,70,,6312,,,1,30,,6296,,,1,70,,6279,,,1,100,,6295,,,1,100,,6303,,,1,100,,6293,,,1,100,,6292,,,1,100,,6288,,,1,30,,6284,,,1,70,,6299,,,1,30,,6305,,,1,70,,6301,,,1,30,,6291,,,1,70,,6314,,,1
10900,'14',707,,7111,4,,1,100,,7118,4,,1,100,,7114,4,,1,100,,7112,4,,1,100,,7116,4,,1,100,,7117,4,,1,100,,7109,4,,1,100,,7113,4,,1,100,,7107,4,,1,100,,7110,4,,1,100,,7108,4,,1,100,,7115,4,,1
10900,'18',707,,7123,4,,1,100,,7130,4,,1,100,,7126,4,,1,100,,7124,4,,1,100,,7128,4,,1,100,,7129,4,,1,100,,7121,4,,1,100,,7125,4,,1,100,,7119,4,,1,100,,7122,4,,1,100,,7120,4,,1,100,,7127,4,,1
10900,'20',707,,7135,4,,1,100,,7142,4,,1,100,,7138,4,,1,100,,7136,4,,1,100,,7140,4,,1,100,,7141,4,,1,100,,7133,4,,1,100,,7137,4,,1,100,,7131,4,,1,100,,7134,4,,1,100,,7132,4,,1,100,,7139,4,,1
10900,'8',707,,7147,4,,1,100,,7154,4,,1,100,,7150,4,,1,100,,7148,4,,1,100,,7152,4,,1,100,,7153,4,,1,100,,7145,4,,1,100,,7149,4,,1,100,,7143,4,,1,100,,7146,4,,1,100,,7144,4,,1,100,,7151,4,,1
10901,'14',607,,7166,,,1,100,,7155,,,1,100,,7189,,,1,100,,7178,,,1,100,,7162,,,1,100,,4423,,,1,100,,7180,,,1,100,,7165,,,1,100,,7160,,,1,100,,7175,,,1,100,,7182,,,1,100,,7159,,,1
10901,'18',607,,7212,,,1,100,,7198,,,1,100,,7237,,,1,100,,7226,,,1,100,,7206,,,1,100,,7217,,,1,100,,7228,,,1,100,,7211,,,1,100,,7204,,,1,100,,7223,,,1,100,,7230,,,1,100,,7203,,,1
10901,'20',607,,7257,,,1,100,,7246,,,1,100,,7280,,,1,100,,7269,,,1,100,,7253,,,1,100,,4394,,,1,100,,7271,,,1,100,,7256,,,1,100,,7251,,,1,100,,7266,,,1,100,,7273,,,1,100,,7250,,,1
10901,'8',607,,7303,,,1,100,,7289,,,1,100,,7328,,,1,100,,7317,,,1,100,,7297,,,1,100,,7308,,,1,100,,7319,,,1,100,,7302,,,1,100,,7295,,,1,100,,7314,,,1,100,,7321,,,1,100,,7294,,,1
11300,'14',638,,7857,,,1,100,,7845,,,1,100,,7867,,,1,100,,7842,,,1,100,,7843,,,1,100,,7839,,,1,100,,7847,,,1,100,,7861,,,1,100,,3211,,,1,100,,7866,,,1,100,,7840,,,1,100,,7854,,,1,100,,7870,,,1
11300,'18',638,,7895,,,1,100,,7880,,,1,100,,7906,,,1,100,,7877,,,1,100,,7878,,,1,100,,7873,,,1,100,,7882,,,1,100,,7900,,,1,100,,7890,,,1,100,,7905,,,1,100,,7874,,,1,100,,7891,,,1,100,,7909,,,1
11300,'20',638,,7924,,,1,100,,7917,,,1,100,,7938,,,1,100,,7914,,,1,100,,7915,,,1,100,,7912,,,1,100,,504,,,1,100,,7932,,,1,100,,7930,,,1,100,,7923,,,1,100,,7928,,,1,100,,7927,,,1,100,,4998,,,1
11300,'8',638,,7959,,,1,100,,7948,,,1,100,,7977,,,1,100,,7945,,,1,100,,7946,,,1,100,,7943,,,1,100,,7954,,,1,100,,7970,,,1,100,,7967,,,1,100,,7957,,,1,100,,7965,,,1,100,,7963,,,1,100,,7952,,,1
20500,'11',703,,9171,,,1,100,,9181,,,1,100,,9177,,,1,100,,9185,,,1,100,,9190,,,1,100,,9170,,,1,100,,9191,,,1,100,,9186,,,1,100,,9192,,,1,100,,9169,,,1,100,,5270,,,1,100,,9188,,,1,100,,5183,,,1,100,,9173,,,1
20500,'14',1903,,9194,,,1,100,,9195,,,1,100,,4369,,,1,100,,9200,,,1
20500,'18',1903,,9201,,,1,100,,9202,,,1,100,,9205,,,1,100,,9208,,,1
20500,'20',1903,,9209,,,1,100,,9210,,,1,100,,4328,,,1,100,,9215,,,1
20500,'4',703,,9219,,,1,100,,9230,,,1,100,,9226,,,1,100,,9234,,,1,100,,9240,,,1,100,,9218,,,1,100,,9241,,,1,100,,9235,,,1,100,,9242,,,1,100,,9216,,,1,100,,9236,,,1,100,,9238,,,1,100,,9217,,,1,100,,9222,,,1
20500,'8',1903,,9244,,,1,100,,9245,,,1,100,,9248,,,1,100,,9251,,,1
20900,'11',805,,9610,4,,1,100,,9612,4,,1,100,,9611,4,,1,100,,9613,4,,1,100,,9617,4,,1,100,,9620,4,,1,100,,4665,4,,1,100,,9614,4,,1,100,,9616,4,,1,100,,9619,4,,1,100,,9615,4,,1,100,,9618,4,,1,100,,9609,4,,1
20900,'14',1905,,9621,4,,1,100,,4040,4,,1,100,,9623,4,,1,100,,9622,4,,1
20900,'18',1905,,9624,4,,1,100,,9626,4,,1,100,,9627,4,,1,100,,9625,4,,1
20900,'20',1905,,9628,4,,1,100,,2979,4,,1,100,,9629,4,,1,100,,9630,4,,1
20900,'4',805,,9632,4,,1,100,,9634,4,,1,100,,9633,4,,1,100,,9635,4,,1,100,,9640,4,,1,100,,9643,4,,1,100,,9638,4,,1,100,,9636,4,,1,100,,9639,4,,1,100,,9642,4,,1,100,,9637,4,,1,100,,9641,4,,1,100,,9631,4,,1
20900,'8',1905,,9644,4,,1,100,,9647,4,,1,100,,9645,4,,1,100,,9646,4,,1
20901,'11',707,,9663,,,1,100,,9650,,,1,100,,9680,,,1,100,,9648,,,1,100,,9698,,,1,100,,9655,,,1,100,,9690,,,1,100,,9699,,,1,100,,9669,,,1,100,,9697,,,1,100,,9681,,,1,100,,9667,,,1,100,,9686,,,1,100,,9673,,,1
20901,'14',1807,,9717,,,1,100,,9716,,,1,100,,9713,,,1,100,,9711,,,1,100,,9707,,,1
20901,'18',1807,,9737,,,1,100,,9736,,,1,100,,9733,,,1,100,,9731,,,1,100,,9726,,,1
20901,'20',1807,,9753,,,1,100,,9752,,,1,100,,9751,,,1,100,,9744,,,1,100,,3118,,,1
20901,'4',707,,9772,,,1,100,,9758,,,1,100,,9790,,,1,100,,9754,,,1,100,,9808,,,1,100,,9763,,,1,100,,9800,,,1,100,,9809,,,1,100,,9778,,,1,100,,9807,,,1,100,,9791,,,1,100,,9776,,,1,100,,9797,,,1,100,,9783,,,1
20901,'8',1807,,9829,,,1,100,,9828,,,1,100,,9827,,,1,100,,9817,,,1,100,,9826,,,1
21300,'11',737,,4458,,,1,100,,10187,,,1,100,,10197,,,1,100,,10195,,,1,100,,10191,,,1,100,,10189,,,1,100,,10190,,,1,100,,10192,,,1,100,,10186,,,1,100,,10196,,,1,100,,10194,,,1,100,,10188,,,1,100,,10193,,,1
21300,'14',1937,,10199,,,1,100,,10200,,,1,100,,10198,,,1,100,,5281,,,1
21300,'18',1937,,10203,,,1,100,,10204,,,1,100,,10202,,,1,100,,10201,,,1
21300,'20',1937,,10206,,,1,100,,10207,,,1,100,,10205,,,1,100,,5203,,,1
21300,'4',737,,10211,,,1,100,,10209,,,1,100,,10220,,,1,100,,10218,,,1,100,,10214,,,1,100,,10212,,,1,100,,10213,,,1,100,,10215,,,1,100,,10208,,,1,100,,10219,,,1,100,,10217,,,1,100,,10210,,,1,100,,10216,,,1
21300,'8',1937,,10223,,,1,100,,10224,,,1,100,,10222,,,1,100,,10221,,,1
