10100,'12',700,,8325,2,,,1,30,,8324,2,,,1,70,,8334,2,,,1,30,,3120,2,,,1,70,,8326,2,,,1,30,,8327,2,,,1,70,,8333,2,,,1,100,,8322,2,,,1,100,,8336,2,,,1,100,,8335,2,,,1,100,,5276,2,,,1,100,,8332,2,,,1,30,,8330,2,,,1,70,,8328,2,,,1,30,,8337,2,,,1,70,,8331,2,,,1,30,,8329,2,,,1,70,,8323,2,,,1
10100,'5',700,,8343,2,,,1,30,,8342,2,,,1,70,,8352,2,,,1,30,,8341,2,,,1,70,,8344,2,,,1,30,,8345,2,,,1,70,,8351,2,,,1,100,,8338,2,,,1,100,,8354,2,,,1,100,,8353,2,,,1,100,,8340,2,,,1,100,,8350,2,,,1,30,,8348,2,,,1,70,,8346,2,,,1,30,,8355,2,,,1,70,,8349,2,,,1,30,,8347,2,,,1,70,,8339,2,,,1
10100,'9',700,,8358,2,,,1,30,,8357,2,,,1,70,,8367,2,,,1,30,,3012,2,,,1,70,,8359,2,,,1,30,,8360,2,,,1,70,,8366,2,,,1,100,,5004,2,,,1,100,,8369,2,,,1,100,,8368,2,,,1,100,,5234,2,,,1,100,,8365,2,,,1,30,,8363,2,,,1,70,,8361,2,,,1,30,,8370,2,,,1,70,,8364,2,,,1,30,,8362,2,,,1,70,,8356,2,,,1
10600,'12',637,,9122,2,,,1,100,,9120,2,,,1,70,,9127,2,,,1,30,,9130,2,,,1,70,,6107,2,,,1,30,,9121,2,,,1,100,,9119,2,,,1,100,,9129,2,,,1,100,,9124,2,,,1,100,,9123,2,,,1,100,,9126,2,,,1,70,,5402,2,,,1,30,,9118,2,,,1,70,,4049,2,,,1,26,,9125,2,,,1,74,,3333,2,,,1,26,,9128,2,,,1
10600,'5',637,,9136,2,,,1,100,,9134,2,,,1,70,,9144,2,,,1,30,,9147,2,,,1,70,,9131,2,,,1,30,,9135,2,,,1,100,,9133,2,,,1,100,,9146,2,,,1,100,,9138,2,,,1,100,,9137,2,,,1,100,,9143,2,,,1,70,,9141,2,,,1,30,,9132,2,,,1,70,,9139,2,,,1,26,,9142,2,,,1,74,,9140,2,,,1,26,,9145,2,,,1
10600,'9',637,,9152,2,,,1,100,,9150,2,,,1,70,,9158,2,,,1,30,,9161,2,,,1,70,,6017,2,,,1,30,,9151,2,,,1,100,,9149,2,,,1,100,,9160,2,,,1,100,,9154,2,,,1,100,,9153,2,,,1,100,,9157,2,,,1,70,,5335,2,,,1,30,,9148,2,,,1,70,,4011,2,,,1,26,,9156,2,,,1,74,,9155,2,,,1,26,,9159,2,,,1
20600,'12',1803,,11125,2,,,1,33,,11116,2,,,1,70,,11120,2,,,1,27,,11122,2,,,1,70,,11119,2,,,1,30,,11117,2,,,1,73,,11118,2,,,1,30,,11124,2,,,1,70,,11123,2,,,1,30,,11121,2,,,1
20600,'5',1803,,11134,2,,,1,33,,11126,2,,,1,70,,11135,2,,,1,27,,11131,2,,,1,70,,11129,2,,,1,30,,11127,2,,,1,73,,11128,2,,,1,30,,11133,2,,,1,70,,11132,2,,,1,30,,11130,2,,,1
20600,'7',736,,11158,2,,,1,70,,11155,2,,,1,30,,11156,2,,,1,70,,11137,2,,,1,30,,11147,2,,,1,70,,11138,2,,,1,30,,11149,2,,,1,67,,6301,2,,,1,33,,11150,2,,,1,70,,11144,2,,,1,30,,11139,2,,,1,70,,11160,2,,,1,30,,11159,2,,,1,67,,11153,2,,,1,33,,11141,2,,,1,70,,11154,2,,,1,30,,11140,2,,,1,70,,11136,2,,,1,30,,11146,2,,,1,70,,11145,2,,,1,30,,11148,2,,,1,70,,11151,2,,,1,27,,11143,2,,,1,73,,11152,2,,,1,30,,11157,2,,,1,70,,11142,2,,,1
20600,'9',1803,,11168,2,,,1,33,,11161,2,,,1,70,,11169,2,,,1,27,,11165,2,,,1,70,,11163,2,,,1,30,,11162,2,,,1,73,,4514,2,,,1,30,,11167,2,,,1,70,,11166,2,,,1,30,,11164,2,,,1
