10300,'14',634,,3233,7,,,1,100,,3230,7,,,1,70,,3227,7,,,1,30,,3235,7,,,1,70,,3229,7,,,1,30,,3232,7,,,1,70,,3222,7,,,1,30,,772,7,,,1,100,,1550,7,,,1,100,,3220,7,,,1,100,,3221,7,,,1,100,,3228,7,,,1,100,,3234,7,,,1,70,,3224,7,,,1,30,,3223,7,,,1,70,,3231,7,,,1,30,,3225,7,,,1,70,,3226,7,,,1,30,,1471,7,,,1
10300,'18',634,,3252,7,,,1,100,,3249,7,,,1,70,,3245,7,,,1,30,,3254,7,,,1,70,,3248,7,,,1,30,,3251,7,,,1,70,,3238,7,,,1,30,,3246,7,,,1,100,,3242,7,,,1,100,,3236,7,,,1,100,,3237,7,,,1,100,,3247,7,,,1,100,,3253,7,,,1,70,,3240,7,,,1,30,,3239,7,,,1,70,,3250,7,,,1,30,,3241,7,,,1,70,,3243,7,,,1,30,,3244,7,,,1
10300,'20',634,,3268,7,,,1,100,,3265,7,,,1,70,,3258,7,,,1,30,,3270,7,,,1,70,,3262,7,,,1,30,,3267,7,,,1,70,,3263,7,,,1,30,,712,7,,,1,100,,1514,7,,,1,100,,3255,7,,,1,100,,3256,7,,,1,100,,3264,7,,,1,100,,3269,7,,,1,70,,3259,7,,,1,30,,3257,7,,,1,70,,3266,7,,,1,30,,3260,7,,,1,70,,3261,7,,,1,30,,1459,7,,,1
10300,'8',634,,3287,7,,,1,100,,3284,7,,,1,70,,3274,7,,,1,30,,3289,7,,,1,70,,3280,7,,,1,30,,3286,7,,,1,70,,3282,7,,,1,30,,3281,7,,,1,100,,3277,7,,,1,100,,3271,7,,,1,100,,3272,7,,,1,100,,3283,7,,,1,100,,3288,7,,,1,70,,3275,7,,,1,30,,3273,7,,,1,70,,3285,7,,,1,30,,3276,7,,,1,70,,3278,7,,,1,30,,3279,7,,,1
20300,'11',734,,6213,6,,,1,70,,6203,6,,,1,30,,2599,6,,,1,70,,6204,6,,,1,30,,6214,6,,,1,70,,6208,6,,,1,30,,6218,6,,,1,70,,1827,6,,,1,30,,6216,6,,,1,70,,6211,6,,,1,30,,6205,6,,,1,70,,6200,6,,,1,30,,6209,6,,,1,70,,6199,6,,,1,30,,6215,6,,,1,70,,6212,6,,,1,30,,6198,6,,,1,70,,6197,6,,,1,30,,6195,6,,,1,70,,6210,6,,,1,30,,6202,6,,,1,70,,6201,6,,,1,30,,6206,6,,,1,70,,6207,6,,,1,30,,6217,6,,,1,70,,6196,6,,,1,30,,6194,6,,,1
20300,'14',1904,,6223,6,,,1,30,,6225,6,,,1,70,,6219,6,,,1,30,,6220,6,,,1,70,,2607,6,,,1,30,,6226,6,,,1,70,,6222,6,,,1,30,,6224,6,,,1,70,,6221,6,,,1
20300,'18',1904,,6231,6,,,1,30,,6234,6,,,1,70,,6227,6,,,1,30,,6228,6,,,1,70,,6232,6,,,1,30,,6235,6,,,1,70,,6230,6,,,1,30,,6233,6,,,1,70,,6229,6,,,1
20300,'20',1904,,6240,6,,,1,30,,6242,6,,,1,70,,6236,6,,,1,30,,6237,6,,,1,70,,2556,6,,,1,30,,6243,6,,,1,70,,6239,6,,,1,30,,6241,6,,,1,70,,6238,6,,,1
20300,'4',734,,6264,6,,,1,70,,6254,6,,,1,30,,6267,6,,,1,70,,6255,6,,,1,30,,6265,6,,,1,70,,6259,6,,,1,30,,6270,6,,,1,70,,6249,6,,,1,30,,6268,6,,,1,70,,6262,6,,,1,30,,6256,6,,,1,70,,6251,6,,,1,30,,6260,6,,,1,70,,6250,6,,,1,30,,6266,6,,,1,70,,6263,6,,,1,30,,6248,6,,,1,70,,6247,6,,,1,30,,6245,6,,,1,70,,6261,6,,,1,30,,6253,6,,,1,70,,6252,6,,,1,30,,6257,6,,,1,70,,6258,6,,,1,30,,6269,6,,,1,70,,6246,6,,,1,30,,6244,6,,,1
20300,'8',1904,,6275,6,,,1,30,,6278,6,,,1,70,,6271,6,,,1,30,,6272,6,,,1,70,,6276,6,,,1,30,,6279,6,,,1,70,,6274,6,,,1,30,,6277,6,,,1,70,,6273,6,,,1
