11100,'14',604,,5007,5,,,1,30,,5010,5,,,1,70,,5017,5,,,1,30,,5016,5,,,1,70,,765,5,,,1,30,,5018,5,,,1,70,,5024,5,,,1,30,,1287,5,,,1,70,,5020,5,,,1,30,,5014,5,,,1,70,,5019,5,,,1,30,,5005,5,,,1,70,,5004,5,,,1,30,,5003,5,,,1,70,,5013,5,,,1,30,,5023,5,,,1,70,,5021,5,,,1,30,,5008,5,,,1,70,,5009,5,,,1,30,,5015,5,,,1,70,,5006,5,,,1,30,,5002,5,,,1,70,,5022,5,,,1,30,,5012,5,,,1,70,,5011,5,,,1,30,,1286,5,,,1
11100,'18',604,,5030,5,,,1,30,,5033,5,,,1,70,,5041,5,,,1,30,,5040,5,,,1,70,,5039,5,,,1,30,,5044,5,,,1,70,,5050,5,,,1,30,,5043,5,,,1,70,,5046,5,,,1,30,,5037,5,,,1,70,,5045,5,,,1,30,,5028,5,,,1,70,,5027,5,,,1,30,,5026,5,,,1,70,,5036,5,,,1,30,,5049,5,,,1,70,,5047,5,,,1,30,,5031,5,,,1,70,,5032,5,,,1,30,,5038,5,,,1,70,,5029,5,,,1,30,,5025,5,,,1,70,,5048,5,,,1,30,,5035,5,,,1,70,,5034,5,,,1,30,,5042,5,,,1
11100,'20',604,,5059,5,,,1,30,,5062,5,,,1,70,,5067,5,,,1,30,,5065,5,,,1,70,,705,5,,,1,30,,5068,5,,,1,70,,5074,5,,,1,30,,1269,5,,,1,70,,5070,5,,,1,30,,5063,5,,,1,70,,5069,5,,,1,30,,5054,5,,,1,70,,5056,5,,,1,30,,5051,5,,,1,70,,5064,5,,,1,30,,5073,5,,,1,70,,5058,5,,,1,30,,5060,5,,,1,70,,5066,5,,,1,30,,5052,5,,,1,70,,5057,5,,,1,30,,5055,5,,,1,70,,5061,5,,,1,30,,5072,5,,,1,70,,5053,5,,,1,30,,5071,5,,,1
11100,'8',604,,5083,5,,,1,30,,5086,5,,,1,70,,5092,5,,,1,30,,5090,5,,,1,70,,5089,5,,,1,30,,5094,5,,,1,70,,5100,5,,,1,30,,5093,5,,,1,70,,5096,5,,,1,30,,5087,5,,,1,70,,5095,5,,,1,30,,5078,5,,,1,70,,5080,5,,,1,30,,5075,5,,,1,70,,5088,5,,,1,30,,5099,5,,,1,70,,5082,5,,,1,30,,5084,5,,,1,70,,5091,5,,,1,30,,5076,5,,,1,70,,5081,5,,,1,30,,5079,5,,,1,70,,5085,5,,,1,30,,5098,5,,,1,70,,5077,5,,,1,30,,5097,5,,,1
21100,'11',734,,7493,5,,,1,70,,7506,5,,,1,30,,7489,5,,,1,70,,7508,5,,,1,30,,7492,5,,,1,70,,7491,5,,,1,30,,7501,5,,,1,70,,7496,5,,,1,30,,7512,5,,,1,70,,2503,5,,,1,30,,7490,5,,,1,70,,7504,5,,,1,30,,7495,5,,,1,70,,7503,5,,,1,30,,7499,5,,,1,70,,7505,5,,,1,30,,7502,5,,,1,70,,7497,5,,,1,30,,7507,5,,,1,70,,7509,5,,,1,30,,7511,5,,,1,70,,2362,5,,,1,30,,7500,5,,,1,70,,7494,5,,,1,30,,7510,5,,,1,70,,7498,5,,,1,30,,7488,5,,,1
21100,'14',1904,,7515,5,,,1,30,,7521,5,,,1,70,,7514,5,,,1,30,,7513,5,,,1,70,,7517,5,,,1,30,,7520,5,,,1,70,,7518,5,,,1,30,,7516,5,,,1,70,,7519,5,,,1
21100,'18',1904,,7524,5,,,1,30,,7530,5,,,1,70,,7523,5,,,1,30,,7522,5,,,1,70,,7526,5,,,1,30,,7529,5,,,1,70,,7527,5,,,1,30,,7525,5,,,1,70,,7528,5,,,1
21100,'20',1904,,7538,5,,,1,30,,7539,5,,,1,70,,7532,5,,,1,30,,7531,5,,,1,70,,7534,5,,,1,30,,7537,5,,,1,70,,7535,5,,,1,30,,7533,5,,,1,70,,7536,5,,,1
21100,'4',734,,7546,5,,,1,70,,7560,5,,,1,30,,7541,5,,,1,70,,7562,5,,,1,30,,7545,5,,,1,70,,7544,5,,,1,30,,7555,5,,,1,70,,7549,5,,,1,30,,7566,5,,,1,70,,7553,5,,,1,30,,7542,5,,,1,70,,7558,5,,,1,30,,7548,5,,,1,70,,7557,5,,,1,30,,7552,5,,,1,70,,7559,5,,,1,30,,7556,5,,,1,70,,7550,5,,,1,30,,7561,5,,,1,70,,7563,5,,,1,30,,7565,5,,,1,70,,7543,5,,,1,30,,7554,5,,,1,70,,7547,5,,,1,30,,7564,5,,,1,70,,7551,5,,,1,30,,7540,5,,,1
21100,'8',1904,,7574,5,,,1,30,,7575,5,,,1,70,,7568,5,,,1,30,,7567,5,,,1,70,,7570,5,,,1,30,,7573,5,,,1,70,,7571,5,,,1,30,,7569,5,,,1,70,,7572,5,,,1
