11600,'14',645,,8382,,,1,70,,8393,,,1,30,,8365,,,1,70,,8369,,,1,30,,8388,,,1,70,,8361,,,1,30,,3222,,,1,70,,8385,,,1,30,,8389,,,1,70,,8397,,,1,30,,8372,,,1,70,,8401,,,1,30,,8373,,,1,70,,8394,,,1,30,,8370,,,1,70,,8367,,,1,30,,8392,,,1,70,,8386,,,1,30,,8377,,,1,70,,3414,,,1,30,,8366,,,1,70,,8374,,,1,30,,8362,,,1
11600,'18',645,,8427,,,1,70,,8439,,,1,30,,8407,,,1,70,,8411,,,1,30,,8434,,,1,70,,8403,,,1,30,,8431,,,1,70,,8430,,,1,30,,8435,,,1,70,,8443,,,1,30,,8415,,,1,70,,8447,,,1,30,,8416,,,1,70,,8440,,,1,30,,8412,,,1,70,,8409,,,1,30,,8438,,,1,70,,8432,,,1,30,,8422,,,1,70,,8419,,,1,30,,8408,,,1,70,,8417,,,1,30,,8404,,,1
11600,'20',645,,8470,,,1,70,,8481,,,1,30,,8453,,,1,70,,8457,,,1,30,,8476,,,1,70,,8449,,,1,30,,3177,,,1,70,,8473,,,1,30,,8477,,,1,70,,8485,,,1,30,,8460,,,1,70,,8489,,,1,30,,8461,,,1,70,,8482,,,1,30,,8458,,,1,70,,8455,,,1,30,,8480,,,1,70,,8474,,,1,30,,8465,,,1,70,,3399,,,1,30,,8454,,,1,70,,8462,,,1,30,,8450,,,1
11600,'8',645,,8515,,,1,70,,8527,,,1,30,,8495,,,1,70,,8499,,,1,30,,8522,,,1,70,,8491,,,1,30,,8519,,,1,70,,8518,,,1,30,,8523,,,1,70,,8531,,,1,30,,8503,,,1,70,,8535,,,1,30,,8504,,,1,70,,8528,,,1,30,,8500,,,1,70,,8497,,,1,30,,8526,,,1,70,,8520,,,1,30,,8510,,,1,70,,8507,,,1,30,,8496,,,1,70,,8505,,,1,30,,8492,,,1
21600,'11',715,,10445,,,1,30,,10485,,,1,70,,10467,,,1,30,,10447,,,1,70,,10468,,,1,30,,10452,,,1,70,,10481,,,1,30,,10488,,,1,70,,10454,,,1,30,,10478,,,1,70,,10436,,,1,30,,4576,,,1,70,,10473,,,1,30,,10464,,,1,70,,10439,,,1,30,,10451,,,1,70,,10461,,,1,30,,10480,,,1,70,,10469,,,1,30,,10444,,,1,70,,10463,,,1,30,,10472,,,1,70,,10449,,,1,30,,10438,,,1,70,,10487,,,1,30,,10466,,,1,70,,10486,,,1,30,,10489,,,1,70,,10440,,,1
21600,'14',1815,,10515,,,1,30,,10499,,,1,70,,10500,,,1,30,,10508,,,1,70,,10507,,,1,30,,10504,,,1,70,,10497,,,1,30,,10511,,,1,70,,10505,,,1,30,,10509,,,1,70,,10498,,,1,30,,10502,,,1
21600,'18',1815,,10539,,,1,30,,10522,,,1,70,,10523,,,1,30,,10532,,,1,70,,10531,,,1,30,,10528,,,1,70,,10520,,,1,30,,10535,,,1,70,,10529,,,1,30,,10533,,,1,70,,10521,,,1,30,,10525,,,1
21600,'20',1815,,10563,,,1,30,,10546,,,1,70,,10547,,,1,30,,10556,,,1,70,,10555,,,1,30,,10552,,,1,70,,10544,,,1,30,,10559,,,1,70,,10553,,,1,30,,10557,,,1,70,,10545,,,1,30,,10549,,,1
21600,'4',715,,10573,,,1,30,,10614,,,1,70,,10595,,,1,30,,10575,,,1,70,,10596,,,1,30,,10580,,,1,70,,10610,,,1,30,,10617,,,1,70,,10582,,,1,30,,10607,,,1,70,,10564,,,1,30,,10597,,,1,70,,10602,,,1,30,,10592,,,1,70,,10567,,,1,30,,10579,,,1,70,,10589,,,1,30,,10609,,,1,70,,10598,,,1,30,,10572,,,1,70,,10591,,,1,30,,10601,,,1,70,,10577,,,1,30,,10566,,,1,70,,10616,,,1,30,,10594,,,1,70,,10615,,,1,30,,10618,,,1,70,,10568,,,1
21600,'8',1815,,10645,,,1,30,,10628,,,1,70,,10629,,,1,30,,10638,,,1,70,,10637,,,1,30,,10634,,,1,70,,10626,,,1,30,,10641,,,1,70,,10635,,,1,30,,10639,,,1,70,,10627,,,1,30,,10631,,,1
