11301,'14',647,,5474,5,,,1,100,,2215,5,,,1,100,,5477,5,,,1,100,,5490,5,,,1,100,,5482,5,,,1,100,,5459,5,,,1,100,,5461,5,,,1,100,,5464,5,,,1,100,,5479,5,,,1,100,,5483,5,,,1,100,,5463,5,,,1,100,,5484,5,,,1,100,,5466,5,,,1
11301,'18',647,,5513,5,,,1,100,,5502,5,,,1,100,,5516,5,,,1,100,,5531,5,,,1,100,,5522,5,,,1,100,,5496,5,,,1,100,,5498,5,,,1,100,,5501,5,,,1,100,,5518,5,,,1,100,,5523,5,,,1,100,,5500,5,,,1,100,,5525,5,,,1,100,,5504,5,,,1
11301,'20',647,,5545,5,,,1,100,,2139,5,,,1,100,,5548,5,,,1,100,,5566,5,,,1,100,,5552,5,,,1,100,,5537,5,,,1,100,,5568,5,,,1,100,,5540,5,,,1,100,,5556,5,,,1,100,,5564,5,,,1,100,,5571,5,,,1,100,,5567,5,,,1,100,,5542,5,,,1
11301,'8',647,,5585,5,,,1,100,,5579,5,,,1,100,,5588,5,,,1,100,,5607,5,,,1,100,,5592,5,,,1,100,,5575,5,,,1,100,,5609,5,,,1,100,,5578,5,,,1,100,,5597,5,,,1,100,,5605,5,,,1,100,,5612,5,,,1,100,,5608,5,,,1,100,,5581,5,,,1
21301,'11',747,,7709,5,,,1,100,,7712,5,,,1,100,,7732,5,,,1,100,,7726,5,,,1,100,,7710,5,,,1,100,,7734,5,,,1,100,,7738,5,,,1,100,,7720,5,,,1,100,,7725,5,,,1,100,,7730,5,,,1,100,,7705,5,,,1,100,,7711,5,,,1,100,,7706,5,,,1
21301,'14',1947,,7743,5,,,1,100,,7747,5,,,1,100,,7750,5,,,1,100,,7749,5,,,1
21301,'18',1947,,7753,5,,,1,100,,7757,5,,,1,100,,7761,5,,,1,100,,7760,5,,,1
21301,'20',1947,,7764,5,,,1,100,,7768,5,,,1,100,,7771,5,,,1,100,,7770,5,,,1
21301,'4',747,,7779,5,,,1,100,,7782,5,,,1,100,,7803,5,,,1,100,,7797,5,,,1,100,,7780,5,,,1,100,,7805,5,,,1,100,,7809,5,,,1,100,,7790,5,,,1,100,,7796,5,,,1,100,,7801,5,,,1,100,,7775,5,,,1,100,,7781,5,,,1,100,,7776,5,,,1
21301,'8',1947,,7814,5,,,1,100,,7818,5,,,1,100,,7822,5,,,1,100,,7821,5,,,1
