10600,'10',653,,15147,20,4,,1,100,,15142,20,4,,1,70,,12100,20,4,,1,30,,15146,20,4,,1,70,,12732,20,4,,1,30,,15144,20,4,,1,100,,15151,20,4,,1,100,,15149,20,4,,1,100,,15150,20,4,,1,100,,15139,20,4,,1,100,,15141,20,4,,1,70,,15143,20,4,,1,30,,15145,20,4,,1,70,,15137,20,4,,1,33,,15138,20,4,,1,67,,15148,20,4,,1,32,,15140,20,4,,1
10600,'15',653,,15163,20,4,,1,100,,15158,20,4,,1,70,,12153,20,4,,1,30,,15162,20,4,,1,70,,15156,20,4,,1,30,,15160,20,4,,1,100,,15167,20,4,,1,100,,15165,20,4,,1,100,,15166,20,4,,1,100,,15154,20,4,,1,100,,15157,20,4,,1,70,,15159,20,4,,1,30,,15161,20,4,,1,70,,15152,20,4,,1,33,,15153,20,4,,1,67,,15164,20,4,,1,32,,15155,20,4,,1
10601,'10',556,,15169,1,,,1,100,,15185,1,,,1,70,,15174,1,,,1,30,,15182,1,,,1,70,,15171,1,,,1,30,,15172,1,,,1,70,,15170,1,0,17,1,30,,15180,1,,,1,100,,15177,1,,,1,100,,12822,1,,,1,100,,15178,1,,,1,100,,15179,1,,,1,70,,15176,1,,,1,30,,15168,1,,,1,70,,15184,1,,,1,30,,15175,1,,,1,70,,15181,1,,,1,30,,15183,1,,,1,70,,15173,1,,,1,30,,12933,1,,,1
10601,'15',556,,15187,1,,,1,100,,15202,1,,,1,70,,15192,1,,,1,30,,15199,1,,,1,70,,15189,1,,,1,30,,15190,1,,,1,70,,15188,1,0,17,1,30,,15197,1,,,1,100,,15194,1,,,1,100,,12833,1,,,1,100,,15195,1,,,1,100,,15196,1,,,1,70,,13119,1,,,1,30,,15186,1,,,1,70,,15201,1,,,1,30,,15193,1,,,1,70,,15198,1,,,1,30,,15200,1,,,1,70,,15191,1,,,1,30,,12953,1,,,1
11200,'10',704,,15735,27,,,1,100,,15740,27,,,1,100,,15736,27,,,1,100,,15741,27,,,1,100,,15744,27,,,1,100,,15742,27,,,1,100,,15743,27,,,1,100,,15745,27,,,1,102,,15737,27,,,1,98,,15739,27,,,1,100,,15738,27,,,1
11200,'15',704,,15747,27,,,1,100,,15746,27,,,1,100,,15755,27,,,1,100,,13573,27,,,1,100,,15753,27,,,1,100,,15751,27,,,1,100,,15752,27,,,1,100,,15754,27,,,1,102,,15748,27,,,1,98,,15750,27,,,1,100,,15749,27,,,1
20600,'10',1822,,16526,25,4,,1,29,,16523,25,4,,1,71,,16521,25,4,,1,31,,16520,25,4,,1,70,,12073,25,4,,1,30,,11998,25,4,,1,69,,16522,25,4,,1,30,,16524,25,4,,1,70,,13603,25,4,,1,30,,16525,25,4,,1
20600,'15',1822,,16532,25,4,,1,29,,16528,25,4,,1,71,,16530,25,4,,1,31,,16527,25,4,,1,70,,12126,25,4,,1,30,,12016,25,4,,1,69,,13146,25,4,,1,30,,16529,25,4,,1,70,,13612,25,4,,1,30,,16531,25,4,,1
20600,'7',751,,16547,25,4,,1,70,,16535,25,4,,1,30,,16550,25,4,,1,70,,16548,25,4,,1,30,,16538,25,4,,1,70,,14174,25,4,,1,30,,16534,25,4,,1,71,,16551,25,4,,1,29,,16536,25,4,,1,70,,16549,25,4,,1,30,,16552,25,4,,1,70,,16542,25,4,,1,30,,16543,25,4,,1,71,,14427,25,4,,1,29,,16553,25,4,,1,70,,13787,25,4,,1,30,,16546,25,4,,1,70,,16537,25,4,,1,30,,13774,25,4,,1,70,,16541,25,4,,1,30,,16540,25,4,,1,70,,16533,25,4,,1,31,,14488,25,4,,1,70,,16539,25,4,,1,30,,16544,25,4,,1,70,,16545,25,4,,1
20601,'10',1823,,16571,1,,,1,30,,16566,1,,,1,70,,16565,1,,,1,30,,16570,1,,,1,70,,16569,1,,,1,30,,16556,1,,,1,70,,16555,1,,,1,30,,16554,1,,,1,70,,16567,1,,,1,30,,16572,1,,,1
20601,'15',1823,,16590,1,,,1,30,,16585,1,,,1,70,,16583,1,,,1,30,,16589,1,,,1,70,,16588,1,,,1,30,,16576,1,,,1,70,,16575,1,,,1,30,,16574,1,,,1,70,,16586,1,,,1,30,,16591,1,,,1
20601,'7',653,,16631,1,,,1,70,,16642,1,,,1,30,,16601,1,,,1,70,,16597,1,,,1,30,,16614,1,,,1,70,,16627,1,,,1,30,,16600,1,,,1,70,,16639,1,,,1,30,,16621,1,,,1,70,,11244,1,,,1,30,,16611,1,,,1,70,,13681,1,,,1,30,,16625,1,,,1,70,,16644,1,,,1,30,,16608,1,,,1,70,,13728,1,,,1,30,,16616,1,,,1,70,,16602,1,,,1,30,,16635,1,,,1,70,,16638,1,,,1,30,,16632,1,,,1,70,,16628,1,,,1,30,,16613,1,,,1,70,,16596,1,,,1,30,,16617,1,,,1,70,,16612,1,,,1,30,,16619,1,,,1,70,,16620,1,,,1
