10100,'12',702,,8325,5,,,1,30,,8324,5,,,1,70,,8334,5,,,1,30,,3120,5,,,1,70,,8326,5,,,1,30,,8327,5,,,1,70,,8333,5,,,1,100,,8322,5,,,1,100,,8336,5,,,1,100,,8335,5,,,1,100,,5276,5,,,1,100,,8332,5,,,1,30,,8330,5,,,1,70,,8328,5,,,1,30,,8337,5,,,1,70,,8331,5,,,1,30,,8329,5,,,1,70,,8323,5,,,1
10100,'5',702,,8343,5,,,1,30,,8342,5,,,1,70,,8352,5,,,1,30,,8341,5,,,1,70,,8344,5,,,1,30,,8345,5,,,1,70,,8351,5,,,1,100,,8338,5,,,1,100,,8354,5,,,1,100,,8353,5,,,1,100,,8340,5,,,1,100,,8350,5,,,1,30,,8348,5,,,1,70,,8346,5,,,1,30,,8355,5,,,1,70,,8349,5,,,1,30,,8347,5,,,1,70,,8339,5,,,1
10100,'9',702,,8358,5,,,1,30,,8357,5,,,1,70,,8367,5,,,1,30,,3012,5,,,1,70,,8359,5,,,1,30,,8360,5,,,1,70,,8366,5,,,1,100,,5004,5,,,1,100,,8369,5,,,1,100,,8368,5,,,1,100,,5234,5,,,1,100,,8365,5,,,1,30,,8363,5,,,1,70,,8361,5,,,1,30,,8370,5,,,1,70,,8364,5,,,1,30,,8362,5,,,1,70,,8356,5,,,1
10600,'12',638,,9122,5,,,1,100,,9120,5,,,1,70,,9127,5,,,1,30,,9130,5,,,1,70,,6107,5,,,1,30,,9121,5,,,1,100,,9119,5,,,1,100,,9129,5,,,1,100,,9124,5,,,1,100,,9123,5,,,1,100,,9126,5,,,1,70,,5402,5,,,1,30,,9118,5,,,1,70,,4049,5,,,1,32,,9125,5,,,1,68,,3333,5,,,1,32,,9128,5,,,1
10600,'5',638,,9136,5,,,1,100,,9134,5,,,1,70,,9144,5,,,1,30,,9147,5,,,1,70,,9131,5,,,1,30,,9135,5,,,1,100,,9133,5,,,1,100,,9146,5,,,1,100,,9138,5,,,1,100,,9137,5,,,1,100,,9143,5,,,1,70,,9141,5,,,1,30,,9132,5,,,1,70,,9139,5,,,1,32,,9142,5,,,1,68,,9140,5,,,1,32,,9145,5,,,1
10600,'9',638,,9152,5,,,1,100,,9150,5,,,1,70,,9158,5,,,1,30,,9161,5,,,1,70,,6017,5,,,1,30,,9151,5,,,1,100,,9149,5,,,1,100,,9160,5,,,1,100,,9154,5,,,1,100,,9153,5,,,1,100,,9157,5,,,1,70,,5335,5,,,1,30,,9148,5,,,1,70,,4011,5,,,1,32,,9156,5,,,1,68,,9155,5,,,1,32,,9159,5,,,1
20600,'12',1808,,11125,5,,,1,29,,11116,5,,,1,70,,11120,5,,,1,31,,11122,5,,,1,70,,11119,5,,,1,30,,11117,5,,,1,69,,11118,5,,,1,30,,11124,5,,,1,70,,11123,5,,,1,30,,11121,5,,,1
20600,'5',1808,,11134,5,,,1,29,,11126,5,,,1,70,,11135,5,,,1,31,,11131,5,,,1,70,,11129,5,,,1,30,,11127,5,,,1,69,,11128,5,,,1,30,,11133,5,,,1,70,,11132,5,,,1,30,,11130,5,,,1
20600,'7',737,,11158,5,,,1,70,,11155,5,,,1,30,,11156,5,,,1,70,,11137,5,,,1,30,,11147,5,,,1,70,,11138,5,,,1,30,,11149,5,,,1,71,,6301,5,,,1,29,,11150,5,,,1,70,,11144,5,,,1,30,,11139,5,,,1,70,,11160,5,,,1,30,,11159,5,,,1,71,,11153,5,,,1,29,,11141,5,,,1,70,,11154,5,,,1,30,,11140,5,,,1,70,,11136,5,,,1,30,,11146,5,,,1,70,,11145,5,,,1,30,,11148,5,,,1,70,,11151,5,,,1,31,,11143,5,,,1,69,,11152,5,,,1,30,,11157,5,,,1,70,,11142,5,,,1
20600,'9',1808,,11168,5,,,1,29,,11161,5,,,1,70,,11169,5,,,1,31,,11165,5,,,1,70,,11163,5,,,1,30,,11162,5,,,1,69,,4514,5,,,1,30,,11167,5,,,1,70,,11166,5,,,1,30,,11164,5,,,1
