10401,'14',625,,3472,13,,,1,30,,886,13,,,1,70,,3499,13,,,1,30,,1115,13,,,1,70,,3466,13,,,1,30,,3490,13,,,1,70,,3484,13,,,1,30,,3485,13,,,1,70,,481,13,,,1,30,,3473,13,,,1,70,,3477,13,,,1,30,,1282,13,,,1,70,,3486,13,,,1,30,,3464,13,,,1,70,,3479,13,,,1,30,,3483,13,,,1,70,,3492,13,,,1,30,,3497,13,,,1,70,,3478,13,,,1,30,,3489,13,,,1,70,,3471,13,,,1,30,,3491,13,,,1,70,,3496,13,,,1,30,,3462,13,,,1,70,,3469,13,,,1
10401,'18',625,,3518,13,,,1,30,,3509,13,,,1,70,,3549,13,,,1,30,,3538,13,,,1,70,,3510,13,,,1,30,,3540,13,,,1,70,,3532,13,,,1,30,,3533,13,,,1,70,,3535,13,,,1,30,,3519,13,,,1,70,,3523,13,,,1,30,,3528,13,,,1,70,,3534,13,,,1,30,,3507,13,,,1,70,,3525,13,,,1,30,,3531,13,,,1,70,,3542,13,,,1,30,,3547,13,,,1,70,,3524,13,,,1,30,,3539,13,,,1,70,,3517,13,,,1,30,,3541,13,,,1,70,,3546,13,,,1,30,,3505,13,,,1,70,,3515,13,,,1
10401,'20',625,,3565,13,,,1,30,,867,13,,,1,70,,3592,13,,,1,30,,1090,13,,,1,70,,3559,13,,,1,30,,3583,13,,,1,70,,3577,13,,,1,30,,3578,13,,,1,70,,443,13,,,1,30,,3566,13,,,1,70,,3570,13,,,1,30,,1261,13,,,1,70,,3579,13,,,1,30,,3557,13,,,1,70,,3572,13,,,1,30,,3576,13,,,1,70,,3585,13,,,1,30,,3590,13,,,1,70,,3571,13,,,1,30,,3582,13,,,1,70,,3564,13,,,1,30,,3584,13,,,1,70,,3589,13,,,1,30,,3555,13,,,1,70,,3562,13,,,1
10401,'8',625,,3611,13,,,1,30,,3602,13,,,1,70,,3642,13,,,1,30,,3631,13,,,1,70,,3603,13,,,1,30,,3633,13,,,1,70,,3625,13,,,1,30,,3626,13,,,1,70,,3628,13,,,1,30,,3612,13,,,1,70,,3616,13,,,1,30,,3621,13,,,1,70,,3627,13,,,1,30,,3600,13,,,1,70,,3618,13,,,1,30,,3624,13,,,1,70,,3635,13,,,1,30,,3640,13,,,1,70,,3617,13,,,1,30,,3632,13,,,1,70,,3610,13,,,1,30,,3634,13,,,1,70,,3639,13,,,1,30,,3598,13,,,1,70,,3608,13,,,1
20401,'11',724,,6480,13,,,1,30,,6470,13,,,1,70,,6512,13,,,1,30,,6514,13,,,1,70,,6496,13,,,1,30,,6508,13,,,1,70,,6464,13,,,1,30,,6492,13,,,1,70,,6472,13,,,1,30,,6468,13,,,1,70,,6477,13,,,1,30,,6497,13,,,1,70,,6515,13,,,1,30,,6489,13,,,1,70,,6502,13,,,1,30,,6479,13,,,1,70,,6516,13,,,1,30,,6506,13,,,1,70,,6485,13,,,1,30,,6501,13,,,1,70,,6503,13,,,1,30,,6493,13,,,1,70,,6500,13,,,1,30,,6478,13,,,1,70,,6487,13,,,1,30,,6471,13,,,1,70,,6469,13,,,1,30,,6463,13,,,1
20401,'14',1854,,6523,13,,,1,70,,6526,13,,,1,30,,6531,13,,,1,70,,6518,13,,,1,30,,767,13,,,1,70,,6528,13,,,1,30,,455,13,,,1,70,,6520,13,,,1,30,,6522,13,,,1,70,,6530,13,,,1
20401,'18',1854,,6543,13,,,1,70,,6546,13,,,1,30,,6551,13,,,1,70,,6537,13,,,1,30,,6540,13,,,1,70,,6548,13,,,1,30,,6534,13,,,1,70,,6539,13,,,1,30,,6542,13,,,1,70,,6550,13,,,1
20401,'20',1854,,6559,13,,,1,70,,6562,13,,,1,30,,6567,13,,,1,70,,6555,13,,,1,30,,707,13,,,1,70,,6564,13,,,1,30,,417,13,,,1,70,,813,13,,,1,30,,6558,13,,,1,70,,6566,13,,,1
20401,'4',724,,6588,13,,,1,30,,6578,13,,,1,70,,6621,13,,,1,30,,6623,13,,,1,70,,6604,13,,,1,30,,6617,13,,,1,70,,6572,13,,,1,30,,6600,13,,,1,70,,6580,13,,,1,30,,6576,13,,,1,70,,6585,13,,,1,30,,6605,13,,,1,70,,6624,13,,,1,30,,6597,13,,,1,70,,6611,13,,,1,30,,6587,13,,,1,70,,6625,13,,,1,30,,6615,13,,,1,70,,6593,13,,,1,30,,6610,13,,,1,70,,6612,13,,,1,30,,6601,13,,,1,70,,6609,13,,,1,30,,6586,13,,,1,70,,6595,13,,,1,30,,6579,13,,,1,70,,6577,13,,,1,30,,6571,13,,,1
20401,'8',1854,,6635,13,,,1,70,,6638,13,,,1,30,,6643,13,,,1,70,,6629,13,,,1,30,,6632,13,,,1,70,,6640,13,,,1,30,,6626,13,,,1,70,,6631,13,,,1,30,,6634,13,,,1,70,,6642,13,,,1
