10100,'10',719,,12005,23,4,,1,30,,11998,23,4,,1,70,,12007,23,4,,1,30,,12003,23,4,,1,70,,12010,23,4,,1,29,,12006,23,4,,1,71,,11996,23,4,,1,100,,12000,23,4,,1,100,,12004,23,4,,1,100,,12001,23,4,,1,101,,11993,23,4,,1,100,,12008,23,4,,1,30,,11999,23,4,,1,70,,11995,23,4,,1,30,,11997,23,4,,1,70,,11994,23,4,,1,30,,12009,23,4,,1,70,,12002,23,4,,1
10100,'13',719,,12023,23,4,,1,30,,12016,23,4,,1,70,,12025,23,4,,1,30,,12021,23,4,,1,70,,12028,23,4,,1,29,,12024,23,4,,1,71,,12014,23,4,,1,100,,12018,23,4,,1,100,,12022,23,4,,1,100,,12019,23,4,,1,101,,12011,23,4,,1,100,,12026,23,4,,1,30,,12017,23,4,,1,70,,12013,23,4,,1,30,,12015,23,4,,1,70,,12012,23,4,,1,30,,12027,23,4,,1,70,,12020,23,4,,1
10101,'10',632,,12044,1,,,1,70,,12033,1,,,1,30,,12029,1,,,1,70,,12035,1,,,1,30,,12045,1,,,1,70,,12037,1,,,1,30,,12032,1,,,1,100,,12031,1,,,1,100,,12041,1,,,1,100,,12039,1,,,1,100,,12030,1,,,1,100,,9708,1,,,1,70,,12036,1,,,1,30,,12042,1,,,1,70,,12034,1,,,1,30,,12043,1,,,1,70,,12038,1,,,1,30,,12040,1,,,1
10101,'13',632,,12059,1,,,1,70,,12050,1,,,1,30,,12046,1,,,1,70,,12052,1,,,1,30,,12060,1,,,1,70,,12054,1,,,1,30,,12049,1,,,1,100,,12048,1,,,1,100,,12057,1,,,1,100,,12056,1,,,1,100,,12047,1,,,1,100,,9618,1,,,1,70,,12053,1,,,1,30,,10061,1,,,1,70,,12051,1,,,1,30,,12058,1,,,1,70,,12055,1,,,1,30,,10246,1,,,1
10300,'10',653,,12182,29,4,,1,100,,12174,29,4,,1,70,,12181,29,4,,1,30,,12175,29,4,,1,70,,12185,29,4,,1,30,,12184,29,4,,1,70,,12173,29,4,,1,30,,12176,29,4,,1,100,,12168,29,4,,1,100,,12167,29,4,,1,100,,12169,29,4,,1,100,,12179,29,4,,1,100,,12178,29,4,,1,70,,12177,29,4,,1,30,,12183,29,4,,1,70,,12170,29,4,,1,30,,12172,29,4,,1,70,,12171,29,4,,1,30,,12180,29,4,,1
10300,'13',653,,12201,29,4,,1,100,,12192,29,4,,1,70,,12199,29,4,,1,30,,12193,29,4,,1,70,,10634,29,4,,1,30,,12203,29,4,,1,70,,12195,29,4,,1,30,,12194,29,4,,1,100,,12187,29,4,,1,100,,12186,29,4,,1,100,,12188,29,4,,1,100,,12198,29,4,,1,100,,12197,29,4,,1,70,,12196,29,4,,1,30,,12202,29,4,,1,70,,12189,29,4,,1,30,,12191,29,4,,1,70,,12190,29,4,,1,30,,12200,29,4,,1
10301,'10',602,,10911,1,,,1,100,,12213,1,,,1,30,,12218,1,,,1,70,,12217,1,,,1,30,,9608,1,,,1,70,,8585,1,,,1,30,,10191,1,,,1,70,,8753,1,,,1,100,,12214,1,,,1,100,,12206,1,,,1,100,,12212,1,,,1,100,,12204,1,,,1,100,,12215,1,,,1,30,,12207,1,,,1,70,,12211,1,,,1,30,,12205,1,,,1,70,,12208,1,,,1,30,,12216,1,,,1,70,,12210,1,,,1,30,,12209,1,,,1
10301,'13',602,,10865,1,,,1,100,,12229,1,,,1,30,,12222,1,,,1,70,,12234,1,,,1,30,,9752,1,,,1,70,,8473,1,,,1,30,,12228,1,,,1,70,,8704,1,,,1,100,,12231,1,,,1,100,,12221,1,,,1,100,,12227,1,,,1,100,,12219,1,,,1,100,,12232,1,,,1,30,,12223,1,,,1,70,,12226,1,,,1,30,,12220,1,,,1,70,,12224,1,,,1,30,,12233,1,,,1,70,,12225,1,,,1,30,,12230,1,,,1
10500,'10',545,,9938,1,,,1,100,,12397,1,,,1,70,,12390,1,,,1,30,,12375,1,,,1,70,,12376,1,,,1,30,,12398,1,,,1,70,,12372,1,,,1,30,,12393,1,,,1,100,,12370,1,,,1,100,,12364,1,,,1,100,,12367,1,,,1,100,,12389,1,,,1,100,,8760,1,,,1,70,,12369,1,,,1,30,,12377,1,,,1,70,,12384,1,,,1,30,,12373,1,,,1,70,,12391,1,,,1,30,,12399,1,,,1
10500,'13',545,,12413,1,,,1,100,,12434,1,,,1,70,,12427,1,,,1,30,,12411,1,,,1,70,,12412,1,,,1,30,,12435,1,,,1,70,,12408,1,,,1,30,,12430,1,,,1,100,,12406,1,,,1,100,,12400,1,,,1,100,,12403,1,,,1,100,,12426,1,,,1,100,,8711,1,,,1,70,,12405,1,,,1,30,,12414,1,,,1,70,,12421,1,,,1,30,,12409,1,,,1,70,,12428,1,,,1,30,,12436,1,,,1
10501,'10',639,,12464,20,4,,1,100,,12450,20,4,,1,70,,12459,20,4,,1,30,,12466,20,4,,1,70,,12465,20,4,,1,30,,12445,20,4,,1,70,,12469,20,4,,1,30,,12437,20,4,,1,100,,12439,20,4,,1,100,,12443,20,4,,1,100,,12460,20,4,,1,100,,8866,20,4,,1,100,,12468,20,4,,1,70,,12457,20,4,,1,30,,12447,20,4,,1,70,,8563,20,4,,1,30,,12456,20,4,,1,70,,12441,20,4,,1,30,,12452,20,4,,1
10501,'13',639,,12499,20,4,,1,100,,12485,20,4,,1,70,,12494,20,4,,1,30,,12501,20,4,,1,70,,12500,20,4,,1,30,,12480,20,4,,1,70,,12504,20,4,,1,30,,12472,20,4,,1,100,,12474,20,4,,1,100,,12478,20,4,,1,100,,12495,20,4,,1,100,,8773,20,4,,1,100,,12503,20,4,,1,70,,12492,20,4,,1,30,,12482,20,4,,1,70,,8451,20,4,,1,30,,12491,20,4,,1,70,,12476,20,4,,1,30,,12487,20,4,,1
11100,'10',612,,13018,16,4,,1,30,,13013,16,4,,1,70,,13025,16,4,,1,30,,13032,16,4,,1,70,,13027,16,4,,1,30,,13024,16,4,,1,70,,13010,16,4,,1,30,,13029,16,4,,1,70,,13017,16,4,,1,30,,13019,16,4,,1,70,,13016,16,4,,1,30,,13026,16,4,,1,70,,13028,16,4,,1,30,,13015,16,4,,1,70,,13023,16,4,,1,30,,13020,16,4,,1,70,,13031,16,4,,1,30,,13034,16,4,,1,70,,13033,16,4,,1,30,,13022,16,4,,1,70,,13030,16,4,,1,30,,8868,16,4,,1,70,,13011,16,4,,1,30,,13014,16,4,,1,70,,13012,16,4,,1,30,,13021,16,4,,1
11100,'13',612,,13046,16,4,,1,30,,13039,16,4,,1,70,,13050,16,4,,1,30,,13056,16,4,,1,70,,13053,16,4,,1,30,,10132,16,4,,1,70,,13035,16,4,,1,30,,13054,16,4,,1,70,,13044,16,4,,1,30,,13047,16,4,,1,70,,13041,16,4,,1,30,,13043,16,4,,1,70,,13048,16,4,,1,30,,13040,16,4,,1,70,,13037,16,4,,1,30,,13052,16,4,,1,70,,13042,16,4,,1,30,,13058,16,4,,1,70,,13045,16,4,,1,30,,13051,16,4,,1,70,,13059,16,4,,1,30,,13057,16,4,,1,70,,13049,16,4,,1,30,,13055,16,4,,1,70,,13036,16,4,,1,30,,13038,16,4,,1
11101,'10',615,,13076,1,,,1,30,,13077,1,,,1,70,,13063,1,,,1,30,,13064,1,,,1,70,,13072,1,,,1,30,,13066,1,,,1,70,,13081,1,,,1,30,,10482,1,,,1,70,,13060,1,,,1,30,,13075,1,,,1,70,,13073,1,,,1,30,,13074,1,,,1,70,,13080,1,,,1,30,,10910,1,,,1,70,,13069,1,,,1,30,,13071,1,,,1,70,,13065,1,,,1,30,,13068,1,,,1,70,,13061,1,,,1,30,,13079,1,,,1,70,,13070,1,,,1,30,,11604,1,,,1,70,,13067,1,,,1,30,,13062,1,,,1,70,,13078,1,,,1
11101,'13',615,,13097,1,,,1,30,,13098,1,,,1,70,,13083,1,,,1,30,,13084,1,,,1,70,,13094,1,,,1,30,,13091,1,,,1,70,,13102,1,,,1,30,,10412,1,,,1,70,,13082,1,,,1,30,,13099,1,,,1,70,,13095,1,,,1,30,,13096,1,,,1,70,,13100,1,,,1,30,,13101,1,,,1,70,,13104,1,,,1,30,,13092,1,,,1,70,,13088,1,,,1,30,,13085,1,,,1,70,,13093,1,,,1,30,,13086,1,,,1,70,,13105,1,,,1,30,,13089,1,,,1,70,,13103,1,,,1,30,,13087,1,,,1,70,,13090,1,,,1
11200,'10',645,,13113,1,,,1,100,,13106,1,,,1,100,,9159,1,,,1,100,,13112,1,,,1,100,,13114,1,,,1,100,,13111,1,,,1,100,,13110,1,,,1,100,,13108,1,,,1,100,,13115,1,,,1,100,,13107,1,,,1,100,,13109,1,,,1
11200,'13',645,,13126,1,,,1,100,,13119,1,,,1,100,,13117,1,,,1,100,,13116,1,,,1,100,,13124,1,,,1,100,,13123,1,,,1,100,,13122,1,,,1,100,,13120,1,,,1,100,,13125,1,,,1,100,,13118,1,,,1,100,,13121,1,,,1
11201,'10',737,,13127,33,4,,1,100,,13130,33,4,,1,100,,13129,33,4,,1,100,,13143,33,4,,1,100,,13145,33,4,,1,100,,13139,33,4,,1,100,,13141,33,4,,1,107,,13136,33,4,,1,93,,9009,33,4,,1,100,,13132,33,4,,1,100,,1542,33,4,,1
11201,'13',737,,13150,33,4,,1,100,,13148,33,4,,1,100,,13147,33,4,,1,100,,13149,33,4,,1,100,,13164,33,4,,1,100,,13160,33,4,,1,100,,13162,33,4,,1,107,,13157,33,4,,1,93,,8935,33,4,,1,100,,13152,33,4,,1,100,,1506,33,4,,1
11300,'10',615,,13184,1,,,1,100,,13167,1,,,1,100,,13169,1,,,1,100,,13172,1,,,1,100,,13195,1,,,1,100,,13191,1,,,1,100,,13190,1,,,1,100,,13196,1,,,1,100,,9005,1,,,1,100,,13186,1,,,1,100,,13171,1,,,1,100,,13188,1,,,1,100,,13192,1,,,1
11300,'13',615,,13220,1,,,1,100,,13200,1,,,1,100,,13201,1,,,1,100,,13202,1,,,1,100,,13231,1,,,1,100,,13229,1,,,1,100,,13208,1,,,1,100,,13232,1,,,1,100,,13221,1,,,1,100,,13236,1,,,1,100,,13225,1,,,1,100,,13211,1,,,1,100,,13235,1,,,1
11301,'10',557,,13255,1,,,1,47,,9392,4,4,,1,53,,10009,1,,,1,47,,13245,4,4,,1,53,,13262,1,,,1,47,,13257,4,4,,1,53,,7972,1,,,1,47,,13244,4,4,,1,53,,13250,1,,,1,47,,13260,4,4,,1,53,,13259,1,,,1,47,,13270,4,4,,1,53,,13254,1,,,1,47,,13248,4,4,,1,53,,13242,1,,,1,47,,13266,4,4,,1,53,,13265,1,,,1,47,,13241,4,4,,1,53,,13243,1,,,1,47,,13249,4,4,,1,53,,13261,1,,,1,47,,13264,4,4,,1,53,,13253,1,,,1,47,,8750,4,4,,1,53,,13269,1,,,1,47,,13271,4,4,,1,53,,13274,1,,,1,47,,13247,4,4,,1
11301,'13',557,,13299,1,,,1,47,,9278,4,4,,1,53,,13294,1,,,1,47,,13283,4,4,,1,53,,13306,1,,,1,47,,13301,4,4,,1,53,,13284,1,,,1,47,,13282,4,4,,1,53,,13292,1,,,1,47,,13304,4,4,,1,53,,13303,1,,,1,47,,13313,4,4,,1,53,,13298,1,,,1,47,,13290,4,4,,1,53,,13297,1,,,1,47,,13309,4,4,,1,53,,13308,1,,,1,47,,13281,4,4,,1,53,,13288,1,,,1,47,,13280,4,4,,1,53,,13286,1,,,1,47,,13287,4,4,,1,53,,13277,1,,,1,47,,13285,4,4,,1,53,,13291,1,,,1,47,,13278,4,4,,1,53,,13314,1,,,1,47,,13289,4,4,,1
20300,'10',1922,,13599,30,4,,1,30,,9722,30,4,,1,70,,13604,30,4,,1,30,,13600,30,4,,1,70,,13597,30,4,,1,30,,13603,30,4,,1,70,,13601,30,4,,1,30,,13602,30,4,,1,70,,13598,30,4,,1
20300,'13',1922,,13607,30,4,,1,30,,9631,30,4,,1,70,,13611,30,4,,1,30,,13608,30,4,,1,70,,13605,30,4,,1,30,,13612,30,4,,1,70,,13609,30,4,,1,30,,13610,30,4,,1,70,,13606,30,4,,1
20300,'7',752,,13629,30,4,,1,70,,13625,30,4,,1,30,,13619,30,4,,1,70,,13617,30,4,,1,30,,13631,30,4,,1,70,,13623,30,4,,1,30,,13639,30,4,,1,70,,13624,30,4,,1,30,,13613,30,4,,1,70,,13632,30,4,,1,30,,13630,30,4,,1,70,,13636,30,4,,1,30,,13628,30,4,,1,70,,13618,30,4,,1,30,,13635,30,4,,1,70,,13621,30,4,,1,30,,13627,30,4,,1,70,,13633,30,4,,1,30,,13622,30,4,,1,70,,13620,30,4,,1,30,,13637,30,4,,1,70,,13638,30,4,,1,30,,13614,30,4,,1,70,,13626,30,4,,1,30,,13634,30,4,,1,70,,13615,30,4,,1,30,,13616,30,4,,1
20301,'10',1902,,13646,1,0,9 3 10,1,30,,13650,1,0,9 3 10,1,70,,13644,1,0,9 3 10,1,30,,13643,1,0,9 3 10,1,70,,13640,1,0,9 3 10,1,30,,13649,1,0,9 3 10,1,70,,13647,1,0,9 3 10,1,30,,13645,1,0,9 3 10,1,70,,13641,1,0,9 3 10,1,30,,13648,1,0,9 3 10,1
20301,'13',1902,,13657,1,0,9 3 10,1,30,,13661,1,0,9 3 10,1,70,,13655,1,0,9 3 10,1,30,,13654,1,0,9 3 10,1,70,,13651,1,0,9 3 10,1,30,,13660,1,0,9 3 10,1,70,,13658,1,0,9 3 10,1,30,,13656,1,0,9 3 10,1,70,,13652,1,0,9 3 10,1,30,,13659,1,0,9 3 10,1
20301,'7',702,,13667,1,0,9 3 10,1,30,,13680,1,0,9 3 10,1,70,,13684,1,0,9 3 10,1,30,,13686,1,0,9 3 10,1,70,,13682,1,0,9 3 10,1,30,,11426,1,0,9 3 10,1,70,,13685,1,0,9 3 10,1,30,,13671,1,0,9 3 10,1,70,,13663,1,0,9 3 10,1,30,,13670,1,0,9 3 10,1,70,,13677,1,0,9 3 10,1,30,,13674,1,0,9 3 10,1,70,,13675,1,0,9 3 10,1,30,,13668,1,0,9 3 10,1,70,,13678,1,0,9 3 10,1,30,,13679,1,0,9 3 10,1,70,,13662,1,0,9 3 10,1,30,,13681,1,0,9 3 10,1,70,,13673,1,0,9 3 10,1,30,,13683,1,0,9 3 10,1,70,,13672,1,0,9 3 10,1,30,,13664,1,0,9 3 10,1,70,,13666,1,0,9 3 10,1,30,,13665,1,0,9 3 10,1,70,,13669,1,0,9 3 10,1,30,,13676,1,0,9 3 10,1,70,,13688,1,0,9 3 10,1,30,,13687,1,0,9 3 10,1
20500,'10',1845,,13819,1,,,1,100,,13817,1,,,1,100,,13820,1,,,1,100,,13823,1,,,1
20500,'13',1845,,13827,1,,,1,100,,13825,1,,,1,100,,13828,1,,,1,100,,13830,1,,,1
20500,'7',645,,13835,1,,,1,100,,13832,1,,,1,100,,13845,1,,,1,100,,13842,1,,,1,100,,13856,1,,,1,100,,13852,1,,,1,100,,13844,1,,,1,100,,13850,1,,,1,100,,13839,1,,,1,100,,13851,1,,,1,100,,13849,1,,,1,100,,13837,1,,,1,100,,11244,1,,,1,100,,13846,1,,,1
20501,'10',1938,,13861,20,4,,1,100,,9573,20,4,,1,100,,8422,20,4,,1,100,,13863,20,4,,1
20501,'13',1938,,13867,20,4,,1,100,,9538,20,4,,1,100,,8387,20,4,,1,100,,13869,20,4,,1
20501,'7',738,,13896,20,4,,1,100,,13879,20,4,,1,100,,13886,20,4,,1,100,,13878,20,4,,1,100,,13884,20,4,,1,100,,13893,20,4,,1,100,,13872,20,4,,1,100,,13877,20,4,,1,100,,13897,20,4,,1,100,,13891,20,4,,1,100,,13875,20,4,,1,100,,13888,20,4,,1,100,,13871,20,4,,1,100,,13892,20,4,,1
21100,'10',1912,,14233,16,4,,1,30,,14238,16,4,,1,70,,14236,16,4,,1,30,,14239,16,4,,1,70,,14237,16,4,,1,30,,14234,16,4,,1,70,,14232,16,4,,1,30,,8640,16,4,,1,70,,14235,16,4,,1
21100,'13',1912,,14245,16,4,,1,30,,14246,16,4,,1,70,,14243,16,4,,1,30,,14247,16,4,,1,70,,14244,16,4,,1,30,,14241,16,4,,1,70,,14240,16,4,,1,30,,8603,16,4,,1,70,,14242,16,4,,1
21100,'7',742,,14264,16,4,,1,70,,14268,16,4,,1,30,,14253,16,4,,1,70,,14249,16,4,,1,30,,11442,16,4,,1,70,,14254,16,4,,1,30,,14248,16,4,,1,70,,14259,16,4,,1,30,,14267,16,4,,1,70,,14251,16,4,,1,30,,14258,16,4,,1,70,,14269,16,4,,1,30,,14257,16,4,,1,70,,14250,16,4,,1,30,,14265,16,4,,1,70,,14262,16,4,,1,30,,14272,16,4,,1,70,,14252,16,4,,1,30,,14261,16,4,,1,70,,14256,16,4,,1,30,,14263,16,4,,1,70,,14273,16,4,,1,30,,14255,16,4,,1,70,,14266,16,4,,1,30,,14270,16,4,,1,70,,14260,16,4,,1,30,,14271,16,4,,1
21101,'10',1845,,14279,1,,,1,70,,14278,1,,,1,30,,14277,1,,,1,70,,14275,1,,,1,30,,14280,1,,,1,70,,9102,1,,,1,30,,14274,1,,,1,70,,14276,1,,,1,30,,14281,1,,,1
21101,'13',1845,,9316,1,,,1,70,,14286,1,,,1,30,,14285,1,,,1,70,,14283,1,,,1,30,,14287,1,,,1,70,,9033,1,,,1,30,,14282,1,,,1,70,,14284,1,,,1,30,,14288,1,,,1
21101,'7',715,,14308,1,,,1,30,,14306,1,,,1,70,,14298,1,,,1,30,,14313,1,,,1,70,,11665,1,,,1,30,,14307,1,,,1,70,,14301,1,,,1,30,,14293,1,,,1,70,,14305,1,,,1,30,,14291,1,,,1,70,,14289,1,,,1,30,,14300,1,,,1,70,,14296,1,,,1,30,,14299,1,,,1,70,,14311,1,,,1,30,,14310,1,,,1,70,,14303,1,,,1,30,,14314,1,,,1,70,,14292,1,,,1,30,,14312,1,,,1,70,,14294,1,,,1,30,,14309,1,,,1,70,,14290,1,,,1,30,,14302,1,,,1,70,,14295,1,,,1,30,,14304,1,,,1,70,,14297,1,,,1
21300,'10',1915,,14315,1,,,1,100,,14318,1,,,1,100,,14316,1,,,1,100,,14317,1,,,1
21300,'13',1915,,14319,1,,,1,100,,14322,1,,,1,100,,14320,1,,,1,100,,14321,1,,,1
21300,'7',715,,14326,1,,,1,100,,14328,1,,,1,100,,14332,1,,,1,100,,14334,1,,,1,100,,14323,1,,,1,100,,11681,1,,,1,100,,14327,1,,,1,100,,14330,1,,,1,100,,14325,1,,,1,100,,14329,1,,,1,100,,14331,1,,,1,100,,14333,1,,,1,100,,14324,1,,,1
21301,'10',1957,,10605,1,,,1,47,,14341,4,4,,1,53,,14342,1,,,1,47,,14340,4,4,,1,53,,11978,1,,,1,47,,14337,4,4,,1,53,,14339,1,,,1
21301,'13',1957,,10520,1,,,1,47,,14350,4,4,,1,53,,14351,1,,,1,47,,14349,4,4,,1,53,,11877,1,,,1,47,,14346,4,4,,1,53,,14348,1,,,1
21301,'7',657,,14376,1,,,1,47,,14368,4,4,,1,53,,14371,1,,,1,47,,14364,4,4,,1,53,,14362,1,,,1,47,,14377,4,4,,1,53,,14366,1,,,1,47,,14379,4,4,,1,53,,10974,1,,,1,47,,14363,4,4,,1,53,,14365,1,,,1,47,,14367,4,4,,1,53,,14360,1,,,1,47,,14388,4,4,,1,53,,14355,1,,,1,47,,14380,4,4,,1,53,,14361,1,,,1,47,,14383,4,4,,1,53,,14378,1,,,1,47,,14374,4,4,,1,53,,14357,1,,,1,47,,14372,4,4,,1,53,,14354,1,,,1,47,,14386,4,4,,1,53,,14369,1,,,1,47,,14373,4,4,,1,53,,14375,1,,,1
