11300,'14',633,,5334,21,,,1,100,,5322,21,,,1,100,,5344,21,,,1,100,,5319,21,,,1,100,,5320,21,,,1,100,,5316,21,,,1,100,,5324,21,,,1,100,,5338,21,,,1,100,,390,21,,,1,100,,5343,21,,,1,100,,5317,21,,,1,100,,5331,21,,,1,100,,5347,21,,,1
11300,'18',633,,5372,21,,,1,100,,5357,21,,,1,100,,5383,21,,,1,100,,5354,21,,,1,100,,5355,21,,,1,100,,5350,21,,,1,100,,5359,21,,,1,100,,5377,21,,,1,100,,5367,21,,,1,100,,5382,21,,,1,100,,5351,21,,,1,100,,5368,21,,,1,100,,5386,21,,,1
11300,'20',633,,5401,21,,,1,100,,5394,21,,,1,100,,5415,21,,,1,100,,5391,21,,,1,100,,5392,21,,,1,100,,5389,21,,,1,100,,1908,21,,,1,100,,5409,21,,,1,100,,5407,21,,,1,100,,5400,21,,,1,100,,5405,21,,,1,100,,5404,21,,,1,100,,2442,21,,,1
11300,'8',633,,5436,21,,,1,100,,5425,21,,,1,100,,5454,21,,,1,100,,5422,21,,,1,100,,5423,21,,,1,100,,5420,21,,,1,100,,5431,21,,,1,100,,5447,21,,,1,100,,5444,21,,,1,100,,5434,21,,,1,100,,5442,21,,,1,100,,5440,21,,,1,100,,5429,21,,,1
21300,'11',732,,1839,21,,,1,100,,7664,21,,,1,100,,7674,21,,,1,100,,7672,21,,,1,100,,7668,21,,,1,100,,7666,21,,,1,100,,7667,21,,,1,100,,7669,21,,,1,100,,7663,21,,,1,100,,7673,21,,,1,100,,7671,21,,,1,100,,7665,21,,,1,100,,7670,21,,,1
21300,'14',1932,,7676,21,,,1,100,,7677,21,,,1,100,,7675,21,,,1,100,,2747,21,,,1
21300,'18',1932,,7680,21,,,1,100,,7681,21,,,1,100,,7679,21,,,1,100,,7678,21,,,1
21300,'20',1932,,7683,21,,,1,100,,7684,21,,,1,100,,7682,21,,,1,100,,2665,21,,,1
21300,'4',732,,7688,21,,,1,100,,7686,21,,,1,100,,7697,21,,,1,100,,7695,21,,,1,100,,7691,21,,,1,100,,7689,21,,,1,100,,7690,21,,,1,100,,7692,21,,,1,100,,7685,21,,,1,100,,7696,21,,,1,100,,7694,21,,,1,100,,7687,21,,,1,100,,7693,21,,,1
21300,'8',1932,,7700,21,,,1,100,,7701,21,,,1,100,,7699,21,,,1,100,,7698,21,,,1
