11401,'14',650,,5669,27,,,1,100,,5671,27,,,1,100,,5668,27,,,1,100,,5665,27,,,1,100,,5670,27,,,1,100,,1845,27,,,1,100,,5666,27,,,1,100,,5664,27,,,1,100,,5663,27,,,1,100,,5667,27,,,1,100,,5672,27,,,1,100,,5662,27,,,1
11401,'18',650,,5681,27,,,1,100,,5683,27,,,1,100,,5680,27,,,1,100,,5677,27,,,1,100,,5682,27,,,1,100,,5673,27,,,1,100,,5678,27,,,1,100,,5676,27,,,1,100,,5675,27,,,1,100,,5679,27,,,1,100,,5684,27,,,1,100,,5674,27,,,1
11401,'20',650,,5692,27,,,1,100,,5694,27,,,1,100,,5691,27,,,1,100,,5688,27,,,1,100,,5693,27,,,1,100,,1806,27,,,1,100,,5689,27,,,1,100,,5687,27,,,1,100,,5686,27,,,1,100,,5690,27,,,1,100,,5695,27,,,1,100,,5685,27,,,1
11401,'8',650,,5704,27,,,1,100,,5706,27,,,1,100,,5703,27,,,1,100,,5700,27,,,1,100,,5705,27,,,1,100,,5696,27,,,1,100,,5701,27,,,1,100,,5699,27,,,1,100,,5698,27,,,1,100,,5702,27,,,1,100,,5707,27,,,1,100,,5697,27,,,1
21401,'11',750,,7872,33,,,1,100,,7880,33,,,1,100,,7876,33,,,1,100,,7871,33,,,1,100,,7873,33,,,1,100,,7879,33,,,1,100,,7878,33,,,1,100,,7869,33,,,1,100,,7875,33,,,1,100,,7868,33,,,1,100,,7877,33,,,1,100,,7874,33,,,1,100,,7870,33,,,1
21401,'14',1850,,7885,33,,,1,100,,7883,33,,,1,100,,7881,33,,,1,100,,7884,33,,,1,100,,7882,33,,,1
21401,'18',1850,,7890,33,,,1,100,,7888,33,,,1,100,,7886,33,,,1,100,,7889,33,,,1,100,,7887,33,,,1
21401,'20',1850,,7893,33,,,1,100,,81,33,,,1,100,,7891,33,,,1,100,,7892,33,,,1,100,,7894,33,,,1
21401,'4',750,,7899,33,,,1,100,,7907,33,,,1,100,,7903,33,,,1,100,,7898,33,,,1,100,,7900,33,,,1,100,,7906,33,,,1,100,,7905,33,,,1,100,,7896,33,,,1,100,,7902,33,,,1,100,,7895,33,,,1,100,,7904,33,,,1,100,,7901,33,,,1,100,,7897,33,,,1
21401,'8',1850,,7911,33,,,1,100,,7909,33,,,1,100,,7908,33,,,1,100,,7910,33,,,1,100,,7912,33,,,1
