10400,'14',634,,5893,0,11 12,1,70,,5895,0,11 12,1,30,,5894,0,11 12,1,70,,5898,0,11 12,1,30,,5896,0,11 12,1,70,,5888,0,11 12,1,30,,5889,0,11 12,1,70,,5907,0,11 12,1,30,,5906,0,11 12,1,70,,5908,0,11 12,1,30,,5891,0,11 12,1,70,,5901,0,11 12,1,30,,5903,0,11 12,1,70,,5905,0,11 12,1,30,,5904,0,11 12,1,70,,5909,0,11 12,1,30,,5899,0,11 12,1,70,,5897,0,11 12,1,30,,5900,0,11 12,1,70,,1475,0,11 12,1,30,,5892,0,11 12,1,70,,5890,0,11 12,1,30,,5902,0,11 12,1,70,,5911,0,11 12,1,30,,5910,0,11 12,1
10400,'18',634,,5917,0,11 12,1,70,,5919,0,11 12,1,30,,5918,0,11 12,1,70,,5922,0,11 12,1,30,,5920,0,11 12,1,70,,5912,0,11 12,1,30,,5913,0,11 12,1,70,,5932,0,11 12,1,30,,5931,0,11 12,1,70,,5933,0,11 12,1,30,,5915,0,11 12,1,70,,5925,0,11 12,1,30,,5927,0,11 12,1,70,,5930,0,11 12,1,30,,5928,0,11 12,1,70,,5934,0,11 12,1,30,,5923,0,11 12,1,70,,5921,0,11 12,1,30,,5924,0,11 12,1,70,,5929,0,11 12,1,30,,5916,0,11 12,1,70,,5914,0,11 12,1,30,,5926,0,11 12,1,70,,5936,0,11 12,1,30,,5935,0,11 12,1
10400,'20',634,,5942,0,11 12,1,70,,5944,0,11 12,1,30,,5943,0,11 12,1,70,,5947,0,11 12,1,30,,5945,0,11 12,1,70,,5937,0,11 12,1,30,,5938,0,11 12,1,70,,5955,0,11 12,1,30,,5954,0,11 12,1,70,,5956,0,11 12,1,30,,5940,0,11 12,1,70,,5949,0,11 12,1,30,,5951,0,11 12,1,70,,5953,0,11 12,1,30,,5952,0,11 12,1,70,,5957,0,11 12,1,30,,5948,0,11 12,1,70,,5946,0,11 12,1,30,,3931,0,11 12,1,70,,1463,0,11 12,1,30,,5941,0,11 12,1,70,,5939,0,11 12,1,30,,5950,0,11 12,1,70,,5959,0,11 12,1,30,,5958,0,11 12,1
10400,'8',634,,5965,0,11 12,1,70,,5967,0,11 12,1,30,,5966,0,11 12,1,70,,5970,0,11 12,1,30,,5968,0,11 12,1,70,,5960,0,11 12,1,30,,5961,0,11 12,1,70,,5980,0,11 12,1,30,,5979,0,11 12,1,70,,5981,0,11 12,1,30,,5963,0,11 12,1,70,,5973,0,11 12,1,30,,5975,0,11 12,1,70,,5978,0,11 12,1,30,,5976,0,11 12,1,70,,5982,0,11 12,1,30,,5971,0,11 12,1,70,,5969,0,11 12,1,30,,5972,0,11 12,1,70,,5977,0,11 12,1,30,,5964,0,11 12,1,70,,5962,0,11 12,1,30,,5974,0,11 12,1,70,,5984,0,11 12,1,30,,5983,0,11 12,1
20301,'14',2403,,3198,,,1
20301,'18',2403,,8837,,,1
20301,'20',2403,,3153,,,1
20301,'8',2403,,8885,,,1
20400,'11',735,,8914,,,1,70,,8907,,,1,30,,8912,,,1,70,,8896,,,1,30,,8913,,,1,70,,8897,,,1,30,,8922,,,1,70,,8903,,,1,30,,8910,,,1,70,,8906,,,1,30,,8921,,,1,70,,8917,,,1,30,,5109,,,1,70,,8920,,,1,30,,8918,,,1,70,,8911,,,1,30,,8904,,,1,70,,8916,,,1,30,,8919,,,1,70,,8900,,,1,30,,8905,,,1,70,,8909,,,1,30,,8898,,,1,70,,8899,,,1,30,,8908,,,1,70,,8902,,,1,30,,8901,,,1,70,,8915,,,1
20400,'14',1905,,8926,,,1,30,,8928,,,1,70,,8925,,,1,30,,8927,,,1,70,,8929,,,1,30,,3973,,,1,70,,8924,,,1,30,,3048,,,1,70,,3131,,,1,30,,8923,,,1
20400,'18',1905,,8935,,,1,30,,8938,,,1,70,,8934,,,1,30,,8937,,,1,70,,8939,,,1,30,,8933,,,1,70,,8932,,,1,30,,8931,,,1,70,,8936,,,1,30,,8930,,,1
20400,'20',1905,,8943,,,1,30,,8945,,,1,70,,8942,,,1,30,,8944,,,1,70,,8946,,,1,30,,3952,,,1,70,,8941,,,1,30,,3032,,,1,70,,3109,,,1,30,,8940,,,1
20400,'4',735,,8966,,,1,70,,8959,,,1,30,,8964,,,1,70,,8947,,,1,30,,8965,,,1,70,,8948,,,1,30,,8974,,,1,70,,8955,,,1,30,,8962,,,1,70,,8958,,,1,30,,8973,,,1,70,,8969,,,1,30,,8949,,,1,70,,8972,,,1,30,,8970,,,1,70,,8963,,,1,30,,8956,,,1,70,,8968,,,1,30,,8971,,,1,70,,8952,,,1,30,,8957,,,1,70,,8961,,,1,30,,8950,,,1,70,,8951,,,1,30,,8960,,,1,70,,8954,,,1,30,,8953,,,1,70,,8967,,,1
20400,'8',1905,,8980,,,1,30,,8983,,,1,70,,8979,,,1,30,,8982,,,1,70,,8984,,,1,30,,8978,,,1,70,,8977,,,1,30,,8976,,,1,70,,8981,,,1,30,,8975,,,1
