11601,'14',615,,6042,15,0,9 3 10 16,1,30,,6019,15,0,9 3 10 16,1,70,,6021,15,0,9 3 10 16,1,30,,6051,15,0,9 3 10 16,1,70,,6043,15,0,9 3 10 16,1,30,,262,15,0,9 3 10 16,1,70,,6018,15,0,9 3 10 16,1,30,,6035,15,0,9 3 10 16,1,70,,6027,15,0,9 3 10 16,1,30,,6053,15,0,9 3 10 16,1,70,,6047,15,0,9 3 10 16,1,30,,6046,15,0,9 3 10 16,1,70,,6024,15,0,9 3 10 16,1,30,,6031,15,0,9 3 10 16,1,70,,6044,15,0,9 3 10 16,1,30,,1209,15,0,9 3 10 16,1,70,,6020,15,0,9 3 10 16,1,30,,6032,15,0,9 3 10 16,1,70,,6052,15,0,9 3 10 16,1,30,,6040,15,0,9 3 10 16,1,70,,6034,15,0,9 3 10 16,1,30,,6033,15,0,9 3 10 16,1,70,,6026,15,0,9 3 10 16,1,30,,6025,15,0,9 3 10 16,1
11601,'18',615,,6089,15,0,9 3 10 16,1,30,,6062,15,0,9 3 10 16,1,70,,6064,15,0,9 3 10 16,1,30,,6099,15,0,9 3 10 16,1,70,,6090,15,0,9 3 10 16,1,30,,6092,15,0,9 3 10 16,1,70,,6061,15,0,9 3 10 16,1,30,,6081,15,0,9 3 10 16,1,70,,6071,15,0,9 3 10 16,1,30,,6101,15,0,9 3 10 16,1,70,,6095,15,0,9 3 10 16,1,30,,6094,15,0,9 3 10 16,1,70,,6068,15,0,9 3 10 16,1,30,,6076,15,0,9 3 10 16,1,70,,6091,15,0,9 3 10 16,1,30,,6067,15,0,9 3 10 16,1,70,,6063,15,0,9 3 10 16,1,30,,6077,15,0,9 3 10 16,1,70,,6100,15,0,9 3 10 16,1,30,,6087,15,0,9 3 10 16,1,70,,6080,15,0,9 3 10 16,1,30,,6078,15,0,9 3 10 16,1,70,,6070,15,0,9 3 10 16,1,30,,6069,15,0,9 3 10 16,1
11601,'20',615,,6132,15,0,9 3 10 16,1,30,,6109,15,0,9 3 10 16,1,70,,6111,15,0,9 3 10 16,1,30,,6141,15,0,9 3 10 16,1,70,,6133,15,0,9 3 10 16,1,30,,242,15,0,9 3 10 16,1,70,,6108,15,0,9 3 10 16,1,30,,6124,15,0,9 3 10 16,1,70,,6118,15,0,9 3 10 16,1,30,,6143,15,0,9 3 10 16,1,70,,6137,15,0,9 3 10 16,1,30,,6136,15,0,9 3 10 16,1,70,,6115,15,0,9 3 10 16,1,30,,6121,15,0,9 3 10 16,1,70,,6134,15,0,9 3 10 16,1,30,,6114,15,0,9 3 10 16,1,70,,6110,15,0,9 3 10 16,1,30,,1189,15,0,9 3 10 16,1,70,,6142,15,0,9 3 10 16,1,30,,6130,15,0,9 3 10 16,1,70,,6123,15,0,9 3 10 16,1,30,,6122,15,0,9 3 10 16,1,70,,6117,15,0,9 3 10 16,1,30,,6116,15,0,9 3 10 16,1
11601,'8',615,,6179,15,0,9 3 10 16,1,30,,6152,15,0,9 3 10 16,1,70,,6154,15,0,9 3 10 16,1,30,,6189,15,0,9 3 10 16,1,70,,6180,15,0,9 3 10 16,1,30,,6182,15,0,9 3 10 16,1,70,,6151,15,0,9 3 10 16,1,30,,6171,15,0,9 3 10 16,1,70,,6161,15,0,9 3 10 16,1,30,,6191,15,0,9 3 10 16,1,70,,6185,15,0,9 3 10 16,1,30,,6184,15,0,9 3 10 16,1,70,,6158,15,0,9 3 10 16,1,30,,6166,15,0,9 3 10 16,1,70,,6181,15,0,9 3 10 16,1,30,,6157,15,0,9 3 10 16,1,70,,6153,15,0,9 3 10 16,1,30,,6167,15,0,9 3 10 16,1,70,,6190,15,0,9 3 10 16,1,30,,6177,15,0,9 3 10 16,1,70,,6170,15,0,9 3 10 16,1,30,,6168,15,0,9 3 10 16,1,70,,6160,15,0,9 3 10 16,1,30,,6159,15,0,9 3 10 16,1
21601,'11',645,,8171,15,0,9 3 10 16,1,70,,8153,15,0,9 3 10 16,1,30,,8160,15,0,9 3 10 16,1,70,,8148,15,0,9 3 10 16,1,30,,8155,15,0,9 3 10 16,1,70,,8173,15,0,9 3 10 16,1,30,,8147,15,0,9 3 10 16,1,70,,8150,15,0,9 3 10 16,1,30,,8125,15,0,9 3 10 16,1,70,,8169,15,0,9 3 10 16,1,30,,8143,15,0,9 3 10 16,1,70,,8158,15,0,9 3 10 16,1,30,,8165,15,0,9 3 10 16,1,70,,8178,15,0,9 3 10 16,1,30,,8170,15,0,9 3 10 16,1,70,,8167,15,0,9 3 10 16,1,30,,8137,15,0,9 3 10 16,1,70,,8152,15,0,9 3 10 16,1,30,,8133,15,0,9 3 10 16,1,70,,8142,15,0,9 3 10 16,1,30,,8151,15,0,9 3 10 16,1,70,,8132,15,0,9 3 10 16,1,30,,8177,15,0,9 3 10 16,1,70,,8145,15,0,9 3 10 16,1,30,,8179,15,0,9 3 10 16,1,70,,2575,15,0,9 3 10 16,1,30,,8130,15,0,9 3 10 16,1,70,,8140,15,0,9 3 10 16,1,30,,8164,15,0,9 3 10 16,1
21601,'14',1815,,8184,15,0,9 3 10 16,1,30,,8196,15,0,9 3 10 16,1,70,,8189,15,0,9 3 10 16,1,30,,8186,15,0,9 3 10 16,1,70,,1655,15,0,9 3 10 16,1,30,,8187,15,0,9 3 10 16,1,70,,8198,15,0,9 3 10 16,1,30,,8192,15,0,9 3 10 16,1,70,,8194,15,0,9 3 10 16,1,30,,8181,15,0,9 3 10 16,1,70,,8195,15,0,9 3 10 16,1
21601,'18',1815,,8205,15,0,9 3 10 16,1,30,,8218,15,0,9 3 10 16,1,70,,8210,15,0,9 3 10 16,1,30,,8207,15,0,9 3 10 16,1,70,,8215,15,0,9 3 10 16,1,30,,8208,15,0,9 3 10 16,1,70,,8220,15,0,9 3 10 16,1,30,,8213,15,0,9 3 10 16,1,70,,8216,15,0,9 3 10 16,1,30,,8202,15,0,9 3 10 16,1,70,,8217,15,0,9 3 10 16,1
21601,'20',1815,,8226,15,0,9 3 10 16,1,30,,8238,15,0,9 3 10 16,1,70,,8231,15,0,9 3 10 16,1,30,,8228,15,0,9 3 10 16,1,70,,1609,15,0,9 3 10 16,1,30,,8229,15,0,9 3 10 16,1,70,,8240,15,0,9 3 10 16,1,30,,8234,15,0,9 3 10 16,1,70,,8236,15,0,9 3 10 16,1,30,,8223,15,0,9 3 10 16,1,70,,8237,15,0,9 3 10 16,1
21601,'4',645,,8291,15,0,9 3 10 16,1,70,,8273,15,0,9 3 10 16,1,30,,8280,15,0,9 3 10 16,1,70,,8267,15,0,9 3 10 16,1,30,,8275,15,0,9 3 10 16,1,70,,8293,15,0,9 3 10 16,1,30,,8266,15,0,9 3 10 16,1,70,,8270,15,0,9 3 10 16,1,30,,8244,15,0,9 3 10 16,1,70,,8289,15,0,9 3 10 16,1,30,,8262,15,0,9 3 10 16,1,70,,8278,15,0,9 3 10 16,1,30,,8285,15,0,9 3 10 16,1,70,,8298,15,0,9 3 10 16,1,30,,8290,15,0,9 3 10 16,1,70,,8287,15,0,9 3 10 16,1,30,,8256,15,0,9 3 10 16,1,70,,8272,15,0,9 3 10 16,1,30,,8252,15,0,9 3 10 16,1,70,,8261,15,0,9 3 10 16,1,30,,8271,15,0,9 3 10 16,1,70,,8251,15,0,9 3 10 16,1,30,,8297,15,0,9 3 10 16,1,70,,8264,15,0,9 3 10 16,1,30,,8299,15,0,9 3 10 16,1,70,,8268,15,0,9 3 10 16,1,30,,8249,15,0,9 3 10 16,1,70,,8259,15,0,9 3 10 16,1,30,,8284,15,0,9 3 10 16,1
21601,'8',1815,,8305,15,0,9 3 10 16,1,30,,8318,15,0,9 3 10 16,1,70,,8310,15,0,9 3 10 16,1,30,,8307,15,0,9 3 10 16,1,70,,8315,15,0,9 3 10 16,1,30,,8308,15,0,9 3 10 16,1,70,,8320,15,0,9 3 10 16,1,30,,8313,15,0,9 3 10 16,1,70,,8316,15,0,9 3 10 16,1,30,,8302,15,0,9 3 10 16,1,70,,8317,15,0,9 3 10 16,1
