10100,'10',700,,14638,1,,,1,30,,14639,1,,,1,70,,14636,1,,,1,30,,14640,1,,,1,70,,14634,1,,,1,30,,14643,1,,,1,70,,14633,1,,,1,100,,14632,1,,,1,100,,14635,1,,,1,100,,14644,1,,,1,100,,14628,1,,,1,100,,14631,1,,,1,30,,12078,1,,,1,70,,14629,1,,,1,30,,14641,1,,,1,70,,14637,1,,,1,30,,14630,1,,,1,70,,14642,1,,,1
10100,'15',700,,14655,1,,,1,30,,14656,1,,,1,70,,14653,1,,,1,30,,14657,1,,,1,70,,14651,1,,,1,30,,14660,1,,,1,70,,14650,1,,,1,100,,14649,1,,,1,100,,14652,1,,,1,100,,14661,1,,,1,100,,14645,1,,,1,100,,14648,1,,,1,30,,12131,1,,,1,70,,14646,1,,,1,30,,14658,1,,,1,70,,14654,1,,,1,30,,14647,1,,,1,70,,14659,1,,,1
10101,'10',653,,14674,21,4,,1,70,,14670,21,4,,1,30,,14276,21,4,,1,70,,14671,21,4,,1,30,,14668,21,4,,1,70,,14669,21,4,,1,30,,14665,21,4,,1,100,,13598,21,4,,1,100,,14666,21,4,,1,100,,14667,21,4,,1,100,,14664,21,4,,1,101,,14673,21,4,,1,70,,14663,21,4,,1,30,,14672,21,4,,1,70,,10910,21,4,,1,30,,13264,21,4,,1,70,,14662,21,4,,1,30,,12731,21,4,,1
10101,'15',653,,14688,21,4,,1,70,,14683,21,4,,1,30,,14284,21,4,,1,70,,14684,21,4,,1,30,,14681,21,4,,1,70,,14682,21,4,,1,30,,14678,21,4,,1,100,,13606,21,4,,1,100,,14679,21,4,,1,100,,14680,21,4,,1,100,,14677,21,4,,1,101,,14687,21,4,,1,70,,14676,21,4,,1,30,,14685,21,4,,1,70,,14675,21,4,,1,30,,14686,21,4,,1,70,,12765,21,4,,1,30,,12764,21,4,,1
10201,'10',652,,14694,11,4,,1,70,,14723,11,4,,1,30,,14716,11,4,,1,70,,12242,11,4,,1,30,,14732,11,4,,1,70,,14721,11,4,,1,30,,14712,11,4,,1,100,,14736,11,4,,1,100,,14714,11,4,,1,100,,12515,11,4,,1,100,,14697,11,4,,1,100,,14689,11,4,,1,70,,14701,11,4,,1,30,,14703,11,4,,1,70,,14713,11,4,,1,30,,14707,11,4,,1,70,,14706,11,4,,1,30,,14695,11,4,,1
10201,'15',652,,14745,11,4,,1,70,,14774,11,4,,1,30,,14767,11,4,,1,70,,12263,11,4,,1,30,,14784,11,4,,1,70,,14772,11,4,,1,30,,14763,11,4,,1,100,,14788,11,4,,1,100,,14765,11,4,,1,100,,12531,11,4,,1,100,,14748,11,4,,1,100,,14740,11,4,,1,70,,14752,11,4,,1,30,,14754,11,4,,1,70,,14764,11,4,,1,30,,14758,11,4,,1,70,,14757,11,4,,1,30,,14746,11,4,,1
10300,'10',630,,14796,1,,,1,100,,14803,1,,,1,70,,14794,1,,,1,30,,14793,1,,,1,70,,14807,1,,,1,30,,14805,1,,,1,70,,14802,1,,,1,30,,14797,1,,,1,100,,14800,1,,,1,100,,14799,1,,,1,100,,14791,1,,,1,100,,14792,1,,,1,100,,14806,1,,,1,70,,14795,1,,,1,30,,14804,1,,,1,70,,13026,1,,,1,30,,9159,1,,,1,70,,14798,1,,,1,30,,14801,1,,,1
10300,'15',630,,14812,1,,,1,100,,14817,1,,,1,70,,13865,1,,,1,30,,14810,1,,,1,70,,12890,1,,,1,30,,14821,1,,,1,70,,14820,1,,,1,30,,14813,1,,,1,100,,13045,1,,,1,100,,14815,1,,,1,100,,14808,1,,,1,100,,14809,1,,,1,100,,14823,1,,,1,70,,14811,1,,,1,30,,14818,1,,,1,70,,14819,1,,,1,30,,14822,1,,,1,70,,14814,1,,,1,30,,14816,1,,,1
10301,'10',623,,14832,25,4,,1,100,,14826,25,4,,1,30,,14830,25,4,,1,70,,9089,25,4,,1,30,,14828,25,4,,1,70,,14838,25,4,,1,30,,14834,25,4,,1,70,,14837,25,4,,1,100,,14829,25,4,,1,100,,14824,25,4,,1,100,,14839,25,4,,1,100,,14835,25,4,,1,100,,14833,25,4,,1,30,,14841,25,4,,1,70,,14831,25,4,,1,30,,14840,25,4,,1,70,,14836,25,4,,1,30,,14827,25,4,,1,70,,14825,25,4,,1,30,,14318,25,4,,1
10301,'15',623,,14852,25,4,,1,100,,14845,25,4,,1,30,,14851,25,4,,1,70,,9020,25,4,,1,30,,14847,25,4,,1,70,,14857,25,4,,1,30,,14843,25,4,,1,70,,14856,25,4,,1,100,,14849,25,4,,1,100,,14842,25,4,,1,100,,14858,25,4,,1,100,,14854,25,4,,1,100,,14853,25,4,,1,30,,14860,25,4,,1,70,,14850,25,4,,1,30,,14859,25,4,,1,70,,14855,25,4,,1,30,,14846,25,4,,1,70,,14844,25,4,,1,30,,14848,25,4,,1
10400,'10',630,,14867,1,0,11 12,1,70,,14869,1,0,11 12,1,30,,14865,1,0,11 12,1,70,,14873,1,0,11 12,1,30,,14870,1,0,11 12,1,70,,14882,1,0,11 12,1,30,,14880,1,0,11 12,1,70,,14863,1,0,11 12,1,30,,14871,1,0,11 12,1,70,,14877,1,0,11 12,1,30,,14864,1,0,11 12,1,70,,14862,1,0,11 12,1,30,,14866,1,0,11 12,1,70,,14881,1,0,11 12,1,30,,14876,1,0,11 12,1,70,,14275,1,0,11 12,1,30,,14878,1,0,11 12,1,70,,14872,1,0,11 12,1,30,,14883,1,0,11 12,1,70,,14875,1,0,11 12,1,30,,12291,1,0,11 12,1,70,,14868,1,0,11 12,1,30,,14861,1,0,11 12,1,70,,14874,1,0,11 12,1,30,,14879,1,0,11 12,1
10400,'15',630,,14890,1,0,11 12,1,70,,14892,1,0,11 12,1,30,,14888,1,0,11 12,1,70,,14896,1,0,11 12,1,30,,14893,1,0,11 12,1,70,,14905,1,0,11 12,1,30,,14903,1,0,11 12,1,70,,14886,1,0,11 12,1,30,,14894,1,0,11 12,1,70,,14900,1,0,11 12,1,30,,14887,1,0,11 12,1,70,,14885,1,0,11 12,1,30,,14889,1,0,11 12,1,70,,14904,1,0,11 12,1,30,,14899,1,0,11 12,1,70,,14283,1,0,11 12,1,30,,14901,1,0,11 12,1,70,,14895,1,0,11 12,1,30,,14906,1,0,11 12,1,70,,14898,1,0,11 12,1,30,,12334,1,0,11 12,1,70,,14891,1,0,11 12,1,30,,14884,1,0,11 12,1,70,,14897,1,0,11 12,1,30,,14902,1,0,11 12,1
10401,'10',627,,14940,15,4,,1,30,,14914,15,4,,1,70,,14939,15,4,,1,30,,14931,15,4,,1,70,,14917,15,4,,1,30,,14938,15,4,,1,70,,14912,15,4,,1,30,,14952,15,4,,1,70,,14934,15,4,,1,30,,14948,15,4,,1,70,,14910,15,4,,1,30,,14911,15,4,,1,70,,12098,15,4,,1,30,,14926,15,4,,1,70,,14937,15,4,,1,30,,14951,15,4,,1,70,,14932,15,4,,1,30,,14930,15,4,,1,70,,14944,15,4,,1,30,,14935,15,4,,1,70,,14943,15,4,,1,30,,14945,15,4,,1,70,,14913,15,4,,1,30,,14925,15,4,,1,70,,14920,15,4,,1
10401,'15',627,,14986,15,4,,1,30,,14961,15,4,,1,70,,14985,15,4,,1,30,,14977,15,4,,1,70,,14963,15,4,,1,30,,14984,15,4,,1,70,,14959,15,4,,1,30,,14998,15,4,,1,70,,14980,15,4,,1,30,,14994,15,4,,1,70,,14957,15,4,,1,30,,14958,15,4,,1,70,,12151,15,4,,1,30,,14972,15,4,,1,70,,14983,15,4,,1,30,,14997,15,4,,1,70,,14978,15,4,,1,30,,14976,15,4,,1,70,,14990,15,4,,1,30,,14981,15,4,,1,70,,14989,15,4,,1,30,,14991,15,4,,1,70,,14960,15,4,,1,30,,14971,15,4,,1,70,,14966,15,4,,1
10600,'10',637,,15147,1,,,1,100,,15142,1,,,1,70,,12100,1,,,1,30,,15146,1,,,1,70,,12732,1,,,1,30,,15144,1,,,1,100,,15151,1,,,1,100,,15149,1,,,1,100,,15150,1,,,1,100,,15139,1,,,1,100,,15141,1,,,1,70,,15143,1,,,1,30,,15145,1,,,1,70,,15137,1,,,1,23,,15138,1,,,1,77,,15148,1,,,1,23,,15140,1,,,1
10600,'15',637,,15163,1,,,1,100,,15158,1,,,1,70,,12153,1,,,1,30,,15162,1,,,1,70,,15156,1,,,1,30,,15160,1,,,1,100,,15167,1,,,1,100,,15165,1,,,1,100,,15166,1,,,1,100,,15154,1,,,1,100,,15157,1,,,1,70,,15159,1,,,1,30,,15161,1,,,1,70,,15152,1,,,1,23,,15153,1,,,1,77,,15164,1,,,1,23,,15155,1,,,1
10601,'10',620,,15169,30,4,,1,100,,15185,30,4,,1,30,,15174,30,4,,1,70,,15182,30,4,,1,30,,15171,30,4,,1,70,,15172,30,4,,1,100,,15180,30,4,,1,100,,15177,30,4,,1,100,,12822,30,4,,1,100,,15178,30,4,,1,100,,15179,30,4,,1,30,,15176,30,4,,1,70,,15168,30,4,,1,30,,15184,30,4,,1,70,,15175,30,4,,1,30,,15181,30,4,,1,70,,15183,30,4,,1,30,,15173,30,4,,1,70,,12933,30,4,,1
10601,'15',620,,15187,30,4,,1,100,,15202,30,4,,1,30,,15192,30,4,,1,70,,15199,30,4,,1,30,,15189,30,4,,1,70,,15190,30,4,,1,100,,15197,30,4,,1,100,,15194,30,4,,1,100,,12833,30,4,,1,100,,15195,30,4,,1,100,,15196,30,4,,1,30,,13119,30,4,,1,70,,15186,30,4,,1,30,,15201,30,4,,1,70,,15193,30,4,,1,30,,15198,30,4,,1,70,,15200,30,4,,1,30,,15191,30,4,,1,70,,12953,30,4,,1
10700,'10',630,,15209,1,,,1,100,,14444,1,,,1,70,,15208,1,,,1,30,,15215,1,,,1,70,,15207,1,,,1,30,,12584,1,,,1,100,,12287,1,,,1,100,,12931,1,,,1,100,,15216,1,,,1,100,,15212,1,,,1,100,,15213,1,,,1,70,,15214,1,,,1,30,,15210,1,,,1,70,,15206,1,,,1,30,,15211,1,,,1,70,,15205,1,,,1,30,,12292,1,,,1,70,,15204,1,,,1,30,,15203,1,,,1
10700,'15',630,,15223,1,,,1,100,,14466,1,,,1,70,,15222,1,,,1,30,,15229,1,,,1,70,,15221,1,,,1,30,,12600,1,,,1,100,,12331,1,,,1,100,,10122,1,,,1,100,,15230,1,,,1,100,,15226,1,,,1,100,,15227,1,,,1,70,,15228,1,,,1,30,,15224,1,,,1,70,,15220,1,,,1,30,,15225,1,,,1,70,,15219,1,,,1,30,,12335,1,,,1,70,,15218,1,,,1,30,,15217,1,,,1
10701,'10',624,,15278,15,4,,1,100,,15238,15,4,,1,30,,15234,15,4,,1,70,,15264,15,4,,1,30,,15279,15,4,,1,70,,15244,15,4,,1,100,,15270,15,4,,1,100,,15261,15,4,,1,100,,15272,15,4,,1,106,,15247,15,4,,1,94,,15253,15,4,,1,30,,15236,15,4,,1,70,,15256,15,4,,1,30,,15255,15,4,,1,76,,15240,15,4,,1,24,,13954,15,4,,1,76,,15241,15,4,,1,70,,15284,15,4,,1,24,,15243,15,4,,1,100,,15251,15,4,,1
10701,'15',624,,15336,15,4,,1,100,,15296,15,4,,1,30,,15292,15,4,,1,70,,15322,15,4,,1,30,,15337,15,4,,1,70,,15302,15,4,,1,100,,15328,15,4,,1,100,,15319,15,4,,1,100,,15330,15,4,,1,106,,15305,15,4,,1,94,,15311,15,4,,1,30,,15294,15,4,,1,70,,15314,15,4,,1,30,,15313,15,4,,1,76,,15298,15,4,,1,24,,13974,15,4,,1,76,,15299,15,4,,1,70,,15342,15,4,,1,24,,15301,15,4,,1,100,,15309,15,4,,1
11000,'10',630,,15564,1,,,1,70,,15556,1,,,1,30,,15554,1,,,1,70,,15572,1,,,1,30,,15557,1,,,1,70,,15570,1,,,1,30,,15563,1,,,1,70,,15569,1,,,1,30,,15577,1,,,1,70,,15567,1,,,1,30,,15574,1,,,1,70,,15575,1,,,1,30,,8547,1,,,1,70,,15568,1,,,1,30,,15560,1,,,1,70,,15562,1,,,1,30,,15561,1,,,1,70,,15573,1,,,1,30,,15558,1,,,1,70,,15576,1,,,1,30,,15555,1,,,1,70,,15566,1,,,1,30,,15565,1,,,1,70,,15559,1,,,1,30,,15571,1,,,1
11000,'15',630,,15588,1,,,1,70,,15580,1,,,1,30,,15578,1,,,1,70,,15596,1,,,1,30,,15581,1,,,1,70,,15594,1,,,1,30,,15587,1,,,1,70,,15593,1,,,1,30,,15601,1,,,1,70,,15591,1,,,1,30,,15598,1,,,1,70,,15599,1,,,1,30,,8435,1,,,1,70,,15592,1,,,1,30,,15584,1,,,1,70,,15586,1,,,1,30,,15585,1,,,1,70,,15597,1,,,1,30,,15582,1,,,1,70,,15600,1,,,1,30,,15579,1,,,1,70,,15590,1,,,1,30,,15589,1,,,1,70,,15583,1,,,1,30,,15595,1,,,1
11001,'10',624,,15611,13,4,,1,30,,15617,13,4,,1,70,,15603,13,4,,1,30,,15620,13,4,,1,70,,15619,13,4,,1,30,,13322,13,4,,1,70,,15604,13,4,,1,30,,15607,13,4,,1,70,,15606,13,4,,1,30,,15608,13,4,,1,70,,15609,13,4,,1,30,,15614,13,4,,1,70,,15623,13,4,,1,30,,12245,13,4,,1,70,,15602,13,4,,1,30,,15612,13,4,,1,70,,15622,13,4,,1,30,,15616,13,4,,1,70,,15618,13,4,,1,30,,15613,13,4,,1,70,,15621,13,4,,1,30,,15610,13,4,,1,73,,15605,13,4,,1,27,,12318,13,4,,1,70,,15615,13,4,,1
11001,'15',624,,15633,13,4,,1,30,,15639,13,4,,1,70,,15625,13,4,,1,30,,15642,13,4,,1,70,,15641,13,4,,1,30,,13332,13,4,,1,70,,15626,13,4,,1,30,,15629,13,4,,1,70,,15628,13,4,,1,30,,15630,13,4,,1,70,,15631,13,4,,1,30,,15636,13,4,,1,70,,15645,13,4,,1,30,,12266,13,4,,1,70,,15624,13,4,,1,30,,15634,13,4,,1,70,,15644,13,4,,1,30,,15638,13,4,,1,70,,15640,13,4,,1,30,,15635,13,4,,1,70,,15643,13,4,,1,30,,15632,13,4,,1,73,,15627,13,4,,1,27,,12361,13,4,,1,70,,15637,13,4,,1
11501,'10',700,,16001,1,0,7 1 8,1,30,,15998,1,0,7 1 8,1,70,,15989,1,0,7 1 8,1,30,,15994,1,0,7 1 8,1,70,,15995,1,0,7 1 8,1,30,,16000,1,0,7 1 8,1,70,,16003,1,0,7 1 8,1,100,,16005,1,0,7 1 8,1,100,,16010,1,0,7 1 8,1,100,,16015,1,0,7 1 8,1,100,,16009,1,0,7 1 8,1,100,,14236,1,0,7 1 8,1,30,,15992,1,0,7 1 8,1,70,,16007,1,0,7 1 8,1,30,,16008,1,0,7 1 8,1,70,,15999,1,0,7 1 8,1,30,,12176,1,0,7 1 8,1,70,,15993,1,0,7 1 8,1
11501,'15',700,,16034,1,0,7 1 8,1,30,,16031,1,0,7 1 8,1,70,,16022,1,0,7 1 8,1,30,,16027,1,0,7 1 8,1,70,,16028,1,0,7 1 8,1,30,,16033,1,0,7 1 8,1,70,,16036,1,0,7 1 8,1,100,,16038,1,0,7 1 8,1,100,,16043,1,0,7 1 8,1,100,,16048,1,0,7 1 8,1,100,,16042,1,0,7 1 8,1,100,,14243,1,0,7 1 8,1,30,,16025,1,0,7 1 8,1,70,,16040,1,0,7 1 8,1,30,,16041,1,0,7 1 8,1,70,,16032,1,0,7 1 8,1,30,,12194,1,0,7 1 8,1,70,,16026,1,0,7 1 8,1
11600,'10',634,,16054,2,4,,1,1,,16079,1,,,1,69,,16083,2,4,,1,1,,16050,1,,,1,29,,16069,2,4,,1,1,,12860,1,,,1,69,,16060,2,4,,1,1,,16063,1,,,1,29,,16088,2,4,,1,1,,16082,1,,,1,69,,16064,2,4,,1,1,,16077,1,,,1,29,,16080,2,4,,1,1,,16052,1,,,1,69,,13196,2,4,,1,1,,16068,1,,,1,29,,12789,2,4,,1,1,,16078,1,,,1,69,,16076,2,4,,1,1,,16053,1,,,1,29,,16075,2,4,,1,1,,16061,1,,,1,69,,13532,2,4,,1,1,,14144,1,,,1,29,,16081,2,4,,1,1,,16073,1,,,1,69,,16049,2,4,,1,1,,16087,1,,,1,29,,16056,2,4,,1,1,,16067,1,,,1,69,,16055,2,4,,1,1,,16084,1,,,1,29,,16086,2,4,,1,1,,16065,1,,,1,69,,16051,2,4,,1,1,,16058,1,,,1,29,,16059,2,4,,1,1,,16071,1,,,1,69,,16070,2,4,,1,1,,16066,1,,,1,29,,12869,2,4,,1,1,,16062,1,,,1,69,,16085,2,4,,1,1,,16074,1,,,1,29,,16072,2,4,,1,1,,16057,1,,,1
11600,'15',634,,16094,2,4,,1,1,,16120,1,,,1,69,,16124,2,4,,1,1,,16090,1,,,1,29,,16110,2,4,,1,1,,12902,1,,,1,69,,16101,2,4,,1,1,,16104,1,,,1,29,,16129,2,4,,1,1,,16123,1,,,1,69,,16105,2,4,,1,1,,16118,1,,,1,29,,16121,2,4,,1,1,,16092,1,,,1,69,,13232,2,4,,1,1,,16109,1,,,1,29,,16099,2,4,,1,1,,16119,1,,,1,69,,16117,2,4,,1,1,,16093,1,,,1,29,,16116,2,4,,1,1,,16102,1,,,1,69,,13578,2,4,,1,1,,14153,1,,,1,29,,16122,2,4,,1,1,,16114,1,,,1,69,,16089,2,4,,1,1,,16128,1,,,1,29,,16096,2,4,,1,1,,16108,1,,,1,69,,16095,2,4,,1,1,,16125,1,,,1,29,,16127,2,4,,1,1,,16106,1,,,1,69,,16091,2,4,,1,1,,16098,1,,,1,29,,16100,2,4,,1,1,,16112,1,,,1,69,,16111,2,4,,1,1,,16107,1,,,1,29,,12911,2,4,,1,1,,16103,1,,,1,69,,16126,2,4,,1,1,,16115,1,,,1,29,,16113,2,4,,1,1,,16097,1,,,1
11601,'10',618,,16137,16,4,,1,7,,16133,1,0,13,1,23,,16149,16,4,,1,7,,16170,1,0,13,1,63,,16164,16,4,,1,7,,16141,1,0,13,1,23,,16167,16,4,,1,7,,16162,1,0,13,1,63,,16172,16,4,,1,7,,16171,1,0,13,1,23,,16168,16,4,,1,7,,16159,1,0,13,1,63,,16155,16,4,,1,7,,16153,1,0,13,1,23,,16145,16,4,,1,7,,16151,1,0,13,1,63,,16165,16,4,,1,7,,16169,1,0,13,1,23,,16160,16,4,,1,7,,12039,1,0,13,1,63,,16154,16,4,,1,7,,16148,1,0,13,1,23,,12853,16,4,,1,7,,16157,1,0,13,1,63,,16132,16,4,,1,7,,14235,1,0,13,1,23,,16139,16,4,,1,7,,16135,1,0,13,1,63,,16147,16,4,,1,7,,16150,1,0,13,1,23,,16140,16,4,,1,7,,16136,1,0,13,1,63,,16146,16,4,,1,7,,16144,1,0,13,1,23,,16134,16,4,,1,7,,16156,1,0,13,1,63,,16138,16,4,,1,7,,16131,1,0,13,1,23,,16142,16,4,,1,7,,16161,1,0,13,1,63,,16173,16,4,,1,7,,16163,1,0,13,1,23,,16158,16,4,,1,7,,13743,1,0,13,1,63,,16166,16,4,,1,7,,16152,1,0,13,1,23,,16143,16,4,,1,7,,16130,1,0,13,1
11601,'15',618,,16181,16,4,,1,7,,16177,1,0,13,1,23,,16193,16,4,,1,7,,16214,1,0,13,1,63,,16208,16,4,,1,7,,16185,1,0,13,1,23,,16211,16,4,,1,7,,16206,1,0,13,1,63,,16216,16,4,,1,7,,16215,1,0,13,1,23,,16212,16,4,,1,7,,16203,1,0,13,1,63,,16199,16,4,,1,7,,16197,1,0,13,1,23,,16189,16,4,,1,7,,16195,1,0,13,1,63,,16209,16,4,,1,7,,16213,1,0,13,1,23,,16204,16,4,,1,7,,12056,1,0,13,1,63,,16198,16,4,,1,7,,16192,1,0,13,1,23,,12893,16,4,,1,7,,16201,1,0,13,1,63,,16176,16,4,,1,7,,14242,1,0,13,1,23,,16183,16,4,,1,7,,16179,1,0,13,1,63,,16191,16,4,,1,7,,16194,1,0,13,1,23,,16184,16,4,,1,7,,16180,1,0,13,1,63,,16190,16,4,,1,7,,16188,1,0,13,1,23,,16178,16,4,,1,7,,16200,1,0,13,1,63,,16182,16,4,,1,7,,16175,1,0,13,1,23,,16186,16,4,,1,7,,16205,1,0,13,1,63,,16217,16,4,,1,7,,16207,1,0,13,1,23,,16202,16,4,,1,7,,13760,1,0,13,1,63,,16210,16,4,,1,7,,16196,1,0,13,1,23,,16187,16,4,,1,7,,16174,1,0,13,1
20300,'10',1900,,16219,1,,,1,30,,16225,1,,,1,70,,16221,1,,,1,30,,16220,1,,,1,70,,16218,1,,,1,30,,16222,1,,,1,70,,16226,1,,,1,30,,16224,1,,,1,70,,16223,1,,,1
20300,'15',1900,,16229,1,,,1,30,,16234,1,,,1,70,,16227,1,,,1,30,,16230,1,,,1,70,,16228,1,,,1,30,,16231,1,,,1,70,,16235,1,,,1,30,,16233,1,,,1,70,,16232,1,,,1
20300,'7',730,,16236,1,,,1,70,,16262,1,,,1,30,,16260,1,,,1,70,,16257,1,,,1,30,,16240,1,,,1,70,,16254,1,,,1,30,,16256,1,,,1,70,,16242,1,,,1,30,,16245,1,,,1,70,,16247,1,,,1,30,,16249,1,,,1,70,,16238,1,,,1,30,,16243,1,,,1,70,,16258,1,,,1,30,,16250,1,,,1,70,,16239,1,,,1,30,,16241,1,,,1,70,,16246,1,,,1,30,,16252,1,,,1,70,,16244,1,,,1,30,,16261,1,,,1,70,,16251,1,,,1,30,,16255,1,,,1,70,,16253,1,,,1,30,,16248,1,,,1,70,,16237,1,,,1,30,,16259,1,,,1
20301,'10',1920,,16264,20,4,,1,30,,16270,20,4,,1,72,,16268,20,4,,1,28,,14449,20,4,,1,70,,16263,20,4,,1,30,,16271,20,4,,1,70,,16267,20,4,,1,30,,16272,20,4,,1,70,,16266,20,4,,1,30,,16265,20,4,,1,50,,16269,1,,,1
20301,'15',1920,,16274,20,4,,1,30,,16280,20,4,,1,72,,16278,20,4,,1,28,,14471,20,4,,1,70,,16273,20,4,,1,30,,16281,20,4,,1,70,,16277,20,4,,1,30,,16282,20,4,,1,70,,16276,20,4,,1,30,,16275,20,4,,1,50,,16279,1,,,1
20301,'7',720,,16304,20,4,,1,30,,16288,20,4,,1,70,,16283,20,4,,1,30,,16307,20,4,,1,70,,16300,20,4,,1,30,,16306,20,4,,1,70,,16299,20,4,,1,30,,16303,20,4,,1,70,,16301,20,4,,1,30,,16295,20,4,,1,70,,16287,20,4,,1,30,,16293,20,4,,1,70,,16290,20,4,,1,30,,16310,20,4,,1,70,,16298,20,4,,1,30,,16302,20,4,,1,70,,16286,20,4,,1,30,,16285,20,4,,1,70,,16297,20,4,,1,30,,16284,20,4,,1,70,,16308,20,4,,1,30,,16294,20,4,,1,70,,16296,20,4,,1,30,,16305,20,4,,1,70,,16292,20,4,,1,30,,16291,20,4,,1,70,,16289,20,4,,1,30,,16309,20,4,,1
20400,'10',1900,,16315,1,,,1,30,,16313,1,,,1,70,,16318,1,,,1,30,,16316,1,,,1,70,,16314,1,,,1,30,,16312,1,,,1,70,,16320,1,,,1,30,,16317,1,,,1,70,,16319,1,,,1,30,,16311,1,,,1
20400,'15',1900,,16325,1,,,1,30,,16323,1,,,1,70,,16328,1,,,1,30,,16326,1,,,1,70,,16324,1,,,1,30,,16322,1,,,1,70,,16330,1,,,1,30,,16327,1,,,1,70,,16329,1,,,1,30,,16321,1,,,1
20400,'7',730,,13726,1,,,1,70,,16351,1,,,1,30,,16336,1,,,1,70,,16340,1,,,1,30,,16347,1,,,1,70,,16355,1,,,1,30,,16332,1,,,1,70,,16339,1,,,1,30,,16337,1,,,1,70,,16348,1,,,1,30,,13846,1,,,1,70,,16343,1,,,1,30,,16356,1,,,1,70,,16334,1,,,1,30,,16352,1,,,1,70,,16331,1,,,1,30,,16341,1,,,1,70,,16345,1,,,1,30,,16333,1,,,1,70,,16353,1,,,1,30,,16354,1,,,1,70,,16338,1,,,1,30,,16342,1,,,1,70,,16350,1,,,1,30,,16346,1,,,1,70,,16349,1,,,1,30,,16335,1,,,1,70,,16344,1,,,1
20401,'10',1856,,16360,15,4,,1,70,,16364,15,4,,1,30,,16370,15,4,,1,70,,16363,15,4,,1,30,,16369,15,4,,1,70,,13142,15,4,,1,30,,16357,15,4,,1,70,,16368,15,4,,1,30,,16358,15,4,,1,70,,16362,15,4,,1
20401,'15',1856,,16378,15,4,,1,70,,16382,15,4,,1,30,,16388,15,4,,1,70,,16381,15,4,,1,30,,16387,15,4,,1,70,,16393,15,4,,1,30,,16375,15,4,,1,70,,16386,15,4,,1,30,,16376,15,4,,1,70,,16380,15,4,,1
20401,'7',726,,16441,15,4,,1,30,,16445,15,4,,1,70,,16431,15,4,,1,30,,16438,15,4,,1,70,,16443,15,4,,1,30,,16413,15,4,,1,70,,16446,15,4,,1,30,,16437,15,4,,1,70,,16417,15,4,,1,30,,16410,15,4,,1,70,,16397,15,4,,1,30,,16429,15,4,,1,70,,16416,15,4,,1,30,,16422,15,4,,1,70,,16407,15,4,,1,30,,16404,15,4,,1,70,,16442,15,4,,1,30,,16400,15,4,,1,70,,16414,15,4,,1,30,,16405,15,4,,1,70,,16415,15,4,,1,30,,16424,15,4,,1,70,,16423,15,4,,1,30,,16420,15,4,,1,70,,16425,15,4,,1,30,,16419,15,4,,1,70,,16439,15,4,,1,30,,16399,15,4,,1
20600,'10',1800,,16526,1,,,1,36,,16523,1,,,1,70,,16521,1,,,1,24,,16520,1,,,1,70,,12073,1,,,1,30,,11998,1,,,1,76,,16522,1,,,1,30,,16524,1,,,1,70,,13603,1,,,1,30,,16525,1,,,1
20600,'15',1800,,16532,1,,,1,36,,16528,1,,,1,70,,16530,1,,,1,24,,16527,1,,,1,70,,12126,1,,,1,30,,12016,1,,,1,76,,13146,1,,,1,30,,16529,1,,,1,70,,13612,1,,,1,30,,16531,1,,,1
20600,'7',736,,16547,1,,,1,70,,16535,1,,,1,30,,16550,1,,,1,70,,16548,1,,,1,30,,16538,1,,,1,70,,14174,1,,,1,30,,16534,1,,,1,64,,16551,1,,,1,36,,16536,1,,,1,70,,16549,1,,,1,30,,16552,1,,,1,70,,16542,1,,,1,30,,16543,1,,,1,64,,14427,1,,,1,36,,16553,1,,,1,70,,13787,1,,,1,30,,16546,1,,,1,70,,16537,1,,,1,30,,13774,1,,,1,70,,16541,1,,,1,30,,16540,1,,,1,70,,16533,1,,,1,24,,14488,1,,,1,76,,16539,1,,,1,30,,16544,1,,,1,70,,16545,1,,,1
20601,'10',1847,,16557,20,4,,1,70,,16562,20,4,,1,30,,16558,20,4,,1,70,,16559,20,4,,1,30,,16563,20,4,,1,70,,16561,20,4,,1,30,,16560,20,4,,1,70,,16568,20,4,,1,30,,16564,20,4,,1,70,,16573,20,4,,1
20601,'15',1847,,16577,20,4,,1,70,,16581,20,4,,1,30,,16592,20,4,,1,70,,16578,20,4,,1,30,,16582,20,4,,1,70,,16580,20,4,,1,30,,16579,20,4,,1,70,,16587,20,4,,1,30,,16584,20,4,,1,70,,16593,20,4,,1
20601,'7',717,,16594,20,4,,1,30,,16605,20,4,,1,70,,16618,20,4,,1,30,,16636,20,4,,1,70,,16640,20,4,,1,30,,16643,20,4,,1,70,,16641,20,4,,1,30,,16595,20,4,,1,70,,16609,20,4,,1,30,,16607,20,4,,1,70,,16598,20,4,,1,30,,16603,20,4,,1,70,,16637,20,4,,1,30,,16634,20,4,,1,70,,16606,20,4,,1,30,,16633,20,4,,1,70,,16599,20,4,,1,30,,16630,20,4,,1,70,,16624,20,4,,1,30,,16626,20,4,,1,70,,14408,20,4,,1,30,,16629,20,4,,1,70,,16615,20,4,,1,30,,16622,20,4,,1,70,,16604,20,4,,1,30,,16623,20,4,,1,70,,16610,20,4,,1,30,,14014,20,4,,1
21000,'10',1900,,16756,1,,,1,30,,13644,1,,,1,70,,16755,1,,,1,30,,16751,1,,,1,70,,16750,1,,,1,30,,16753,1,,,1,70,,16754,1,,,1,30,,16752,1,,,1,70,,13537,1,,,1
21000,'15',1900,,16763,1,,,1,30,,13655,1,,,1,70,,16762,1,,,1,30,,16758,1,,,1,70,,16757,1,,,1,30,,16760,1,,,1,70,,16761,1,,,1,30,,16759,1,,,1,70,,13583,1,,,1
21000,'7',730,,16764,1,,,1,70,,14176,1,,,1,30,,16769,1,,,1,70,,16774,1,,,1,30,,16770,1,,,1,70,,16777,1,,,1,30,,16787,1,,,1,70,,16779,1,,,1,30,,16784,1,,,1,70,,16786,1,,,1,30,,16776,1,,,1,70,,16772,1,,,1,30,,16765,1,,,1,70,,16775,1,,,1,30,,16783,1,,,1,70,,16766,1,,,1,30,,16780,1,,,1,70,,16771,1,,,1,30,,16773,1,,,1,70,,16778,1,,,1,30,,16768,1,,,1,70,,16781,1,,,1,30,,16785,1,,,1,70,,16788,1,,,1,30,,14593,1,,,1,70,,16767,1,,,1,30,,16782,1,,,1
21001,'10',1852,,16797,11,4,,1,70,,16795,11,4,,1,30,,16789,11,4,,1,70,,16790,11,4,,1,30,,16798,11,4,,1,70,,16794,11,4,,1,30,,16791,11,4,,1,70,,16796,11,4,,1,30,,16792,11,4,,1,70,,16793,11,4,,1
21001,'15',1852,,16807,11,4,,1,70,,16805,11,4,,1,30,,16799,11,4,,1,70,,16800,11,4,,1,30,,16808,11,4,,1,70,,16804,11,4,,1,30,,16801,11,4,,1,70,,16806,11,4,,1,30,,16802,11,4,,1,70,,16803,11,4,,1
21001,'7',722,,16819,11,4,,1,30,,16826,11,4,,1,70,,16830,11,4,,1,30,,16831,11,4,,1,70,,16816,11,4,,1,30,,16818,11,4,,1,70,,16809,11,4,,1,30,,16825,11,4,,1,70,,16827,11,4,,1,30,,16829,11,4,,1,70,,16834,11,4,,1,30,,16810,11,4,,1,70,,16832,11,4,,1,30,,16823,11,4,,1,70,,16820,11,4,,1,30,,16813,11,4,,1,70,,16814,11,4,,1,30,,16828,11,4,,1,70,,16811,11,4,,1,30,,16835,11,4,,1,70,,16836,11,4,,1,30,,16815,11,4,,1,70,,16822,11,4,,1,30,,16812,11,4,,1,70,,16824,11,4,,1,30,,16817,11,4,,1,70,,16833,11,4,,1,30,,16821,11,4,,1
21600,'10',1804,,17050,2,4,,1,1,,17045,1,,,1,29,,17056,2,4,,1,1,,17048,1,,,1,69,,17051,2,4,,1,1,,17066,1,,,1,29,,17062,2,4,,1,1,,17055,1,,,1,69,,17053,2,4,,1,1,,17060,1,,,1,29,,17046,2,4,,1,1,,17067,1,,,1,69,,17057,2,4,,1,1,,17063,1,,,1,29,,17061,2,4,,1,1,,17065,1,,,1,69,,17054,2,4,,1,1,,17058,1,,,1,29,,17049,2,4,,1,1,,17052,1,,,1,69,,17047,2,4,,1,1,,17064,1,,,1,29,,12280,2,4,,1,1,,17059,1,,,1
21600,'15',1804,,17073,2,4,,1,1,,17068,1,,,1,29,,17079,2,4,,1,1,,17071,1,,,1,69,,17074,2,4,,1,1,,17089,1,,,1,29,,17085,2,4,,1,1,,17078,1,,,1,69,,17076,2,4,,1,1,,17083,1,,,1,29,,17069,2,4,,1,1,,17090,1,,,1,69,,17080,2,4,,1,1,,17086,1,,,1,29,,17084,2,4,,1,1,,17088,1,,,1,69,,17077,2,4,,1,1,,17081,1,,,1,29,,17072,2,4,,1,1,,17075,1,,,1,69,,17070,2,4,,1,1,,17087,1,,,1,29,,12324,2,4,,1,1,,17082,1,,,1
21600,'7',704,,17117,2,4,,1,1,,17107,1,,,1,29,,17128,2,4,,1,1,,17094,1,,,1,69,,17100,2,4,,1,1,,17095,1,,,1,29,,17139,2,4,,1,1,,17119,1,,,1,69,,17108,2,4,,1,1,,17125,1,,,1,29,,17142,2,4,,1,1,,17137,1,,,1,69,,17145,2,4,,1,1,,17123,1,,,1,29,,17099,2,4,,1,1,,17113,1,,,1,69,,17144,2,4,,1,1,,17105,1,,,1,29,,17138,2,4,,1,1,,17129,1,,,1,69,,17133,2,4,,1,1,,17114,1,,,1,29,,17096,2,4,,1,1,,17116,1,,,1,69,,17127,2,4,,1,1,,17131,1,,,1,29,,17134,2,4,,1,1,,17136,1,,,1,69,,13621,2,4,,1,1,,17092,1,,,1,29,,17101,2,4,,1,1,,17122,1,,,1,69,,17143,2,4,,1,1,,13874,1,,,1,29,,17098,2,4,,1,1,,17111,1,,,1,69,,17140,2,4,,1,1,,17115,1,,,1,29,,17112,2,4,,1,1,,13773,1,,,1,69,,17120,2,4,,1,1,,17091,1,,,1,29,,17109,2,4,,1,1,,17110,1,,,1,69,,17102,2,4,,1,1,,17093,1,,,1,29,,17124,2,4,,1,1,,17130,1,,,1,69,,17126,2,4,,1,1,,17104,1,,,1,29,,17118,2,4,,1,1,,17103,1,,,1,69,,17135,2,4,,1,1,,17121,1,,,1,29,,17097,2,4,,1,1,,17106,1,,,1,69,,17141,2,4,,1,1,,17132,1,,,1
21601,'10',1818,,17154,16,4,,1,7,,17149,1,0,13,1,23,,12247,16,4,,1,7,,17155,1,0,13,1,63,,17162,16,4,,1,7,,17151,1,0,13,1,23,,12299,16,4,,1,7,,17152,1,0,13,1,63,,13178,16,4,,1,7,,12940,1,0,13,1,23,,17148,16,4,,1,7,,17156,1,0,13,1,63,,17150,16,4,,1,7,,17147,1,0,13,1,23,,17161,16,4,,1,7,,17146,1,0,13,1,63,,17158,16,4,,1,7,,13189,1,0,13,1,23,,17159,16,4,,1,7,,17160,1,0,13,1,63,,17153,16,4,,1,7,,17157,1,0,13,1
21601,'15',1818,,17169,16,4,,1,7,,13086,1,0,13,1,23,,12268,16,4,,1,7,,17170,1,0,13,1,63,,17177,16,4,,1,7,,17166,1,0,13,1,23,,12342,16,4,,1,7,,17167,1,0,13,1,63,,13212,16,4,,1,7,,12960,1,0,13,1,23,,17164,16,4,,1,7,,17171,1,0,13,1,63,,17165,16,4,,1,7,,14418,1,0,13,1,23,,17176,16,4,,1,7,,17163,1,0,13,1,63,,17173,16,4,,1,7,,13227,1,0,13,1,23,,17174,16,4,,1,7,,17175,1,0,13,1,63,,17168,16,4,,1,7,,17172,1,0,13,1
21601,'7',648,,17232,16,4,,1,7,,17184,1,0,13,1,63,,17220,16,4,,1,7,,17230,1,0,13,1,23,,17200,16,4,,1,7,,17222,1,0,13,1,63,,14379,16,4,,1,7,,17227,1,0,13,1,23,,17217,16,4,,1,7,,17203,1,0,13,1,63,,17201,16,4,,1,7,,17183,1,0,13,1,23,,17182,16,4,,1,7,,17228,1,0,13,1,63,,17197,16,4,,1,7,,17224,1,0,13,1,23,,17211,16,4,,1,7,,14257,1,0,13,1,63,,17179,16,4,,1,7,,17213,1,0,13,1,23,,17223,16,4,,1,7,,17189,1,0,13,1,63,,17185,16,4,,1,7,,17187,1,0,13,1,23,,17206,16,4,,1,7,,17204,1,0,13,1,63,,17207,16,4,,1,7,,17186,1,0,13,1,23,,17219,16,4,,1,7,,17192,1,0,13,1,63,,17180,16,4,,1,7,,17215,1,0,13,1,23,,17181,16,4,,1,7,,17218,1,0,13,1,63,,17202,16,4,,1,7,,17212,1,0,13,1,23,,17205,16,4,,1,7,,17221,1,0,13,1,63,,17190,16,4,,1,7,,17209,1,0,13,1,23,,17210,16,4,,1,7,,17178,1,0,13,1,63,,13933,16,4,,1,7,,17191,1,0,13,1,23,,17199,16,4,,1,7,,17196,1,0,13,1,63,,17216,16,4,,1,7,,17231,1,0,13,1,23,,17194,16,4,,1,7,,17226,1,0,13,1,63,,17193,16,4,,1,7,,17214,1,0,13,1,23,,17198,16,4,,1,7,,17195,1,0,13,1,63,,17229,16,4,,1,7,,17188,1,0,13,1,23,,17225,16,4,,1,7,,17208,1,0,13,1
