10500,'14',557,,6205,,,1,100,,6191,,,1,70,,6172,,,1,30,,6202,,,1,70,,6173,,,1,30,,6201,,,1,70,,6188,,,1,30,,6171,,,1,100,,6187,,,1,100,,263,,,1,100,,6185,,,1,100,,6184,,,1,100,,6180,,,1,70,,6176,,,1,30,,6190,,,1,70,,6194,,,1,30,,862,,,1,70,,6183,,,1,30,,6203,,,1
10500,'18',557,,6243,,,1,100,,6227,,,1,70,,6207,,,1,30,,6240,,,1,70,,6208,,,1,30,,6239,,,1,70,,6223,,,1,30,,6206,,,1,100,,6222,,,1,100,,6230,,,1,100,,6220,,,1,100,,6219,,,1,100,,6215,,,1,70,,6211,,,1,30,,6226,,,1,70,,6232,,,1,30,,6228,,,1,70,,6218,,,1,30,,6241,,,1
10500,'20',557,,6278,,,1,100,,6263,,,1,70,,6245,,,1,30,,6275,,,1,70,,6246,,,1,30,,6274,,,1,70,,6260,,,1,30,,6244,,,1,100,,6259,,,1,100,,6265,,,1,100,,6257,,,1,100,,6256,,,1,100,,6252,,,1,70,,3565,,,1,30,,6262,,,1,70,,6267,,,1,30,,829,,,1,70,,6255,,,1,30,,6276,,,1
10500,'8',557,,6316,,,1,100,,6300,,,1,70,,6280,,,1,30,,6313,,,1,70,,6281,,,1,30,,6312,,,1,70,,6296,,,1,30,,6279,,,1,100,,6295,,,1,100,,6303,,,1,100,,6293,,,1,100,,6292,,,1,100,,6288,,,1,70,,6284,,,1,30,,6299,,,1,70,,6305,,,1,30,,6301,,,1,70,,6291,,,1,30,,6314,,,1
20500,'11',657,,9171,,,1,100,,9181,,,1,100,,9177,,,1,100,,9185,,,1,100,,9190,,,1,100,,9170,,,1,100,,9191,,,1,100,,9186,,,1,100,,9192,,,1,100,,9169,,,1,100,,5270,,,1,100,,9188,,,1,100,,5183,,,1,100,,9173,,,1
20500,'14',1857,,9194,,,1,100,,9195,,,1,100,,4369,,,1,100,,9200,,,1
20500,'18',1857,,9201,,,1,100,,9202,,,1,100,,9205,,,1,100,,9208,,,1
20500,'20',1857,,9209,,,1,100,,9210,,,1,100,,4328,,,1,100,,9215,,,1
20500,'4',657,,9219,,,1,100,,9230,,,1,100,,9226,,,1,100,,9234,,,1,100,,9240,,,1,100,,9218,,,1,100,,9241,,,1,100,,9235,,,1,100,,9242,,,1,100,,9216,,,1,100,,9236,,,1,100,,9238,,,1,100,,9217,,,1,100,,9222,,,1
20500,'8',1857,,9244,,,1,100,,9245,,,1,100,,9248,,,1,100,,9251,,,1
