10100,'10',716,,14638,21,,,1,30,,14639,21,,,1,70,,14636,21,,,1,30,,14640,21,,,1,70,,14634,21,,,1,30,,14643,21,,,1,70,,14633,21,,,1,100,,14632,21,,,1,100,,14635,21,,,1,100,,14644,21,,,1,101,,14628,21,,,1,100,,14631,21,,,1,30,,12078,21,,,1,70,,14629,21,,,1,30,,14641,21,,,1,70,,14637,21,,,1,30,,14630,21,,,1,70,,14642,21,,,1
10100,'15',716,,14655,21,,,1,30,,14656,21,,,1,70,,14653,21,,,1,30,,14657,21,,,1,70,,14651,21,,,1,30,,14660,21,,,1,70,,14650,21,,,1,100,,14649,21,,,1,100,,14652,21,,,1,100,,14661,21,,,1,101,,14645,21,,,1,100,,14648,21,,,1,30,,12131,21,,,1,70,,14646,21,,,1,30,,14658,21,,,1,70,,14654,21,,,1,30,,14647,21,,,1,70,,14659,21,,,1
10300,'10',650,,14796,28,,,1,100,,14803,28,,,1,70,,14794,28,,,1,30,,14793,28,,,1,70,,14807,28,,,1,30,,14805,28,,,1,70,,14802,28,,,1,30,,14797,28,,,1,100,,14800,28,,,1,100,,14799,28,,,1,100,,14791,28,,,1,100,,14792,28,,,1,100,,14806,28,,,1,70,,14795,28,,,1,30,,14804,28,,,1,70,,13026,28,,,1,30,,9159,28,,,1,70,,14798,28,,,1,30,,14801,28,,,1
10300,'15',650,,14812,28,,,1,100,,14817,28,,,1,70,,13865,28,,,1,30,,14810,28,,,1,70,,12890,28,,,1,30,,14821,28,,,1,70,,14820,28,,,1,30,,14813,28,,,1,100,,13045,28,,,1,100,,14815,28,,,1,100,,14808,28,,,1,100,,14809,28,,,1,100,,14823,28,,,1,70,,14811,28,,,1,30,,14818,28,,,1,70,,14819,28,,,1,30,,14822,28,,,1,70,,14814,28,,,1,30,,14816,28,,,1
10501,'10',637,,15090,19,,,1,100,,15088,19,,,1,70,,15094,19,,,1,30,,15083,19,,,1,70,,15081,19,,,1,30,,15075,19,,,1,70,,15097,19,,,1,30,,15065,19,,,1,100,,15070,19,,,1,100,,13733,19,,,1,100,,12302,19,,,1,100,,15095,19,,,1,100,,15085,19,,,1,70,,15082,19,,,1,30,,15099,19,,,1,70,,15068,19,,,1,30,,15077,19,,,1,70,,15078,19,,,1,30,,15096,19,,,1
10501,'15',637,,15126,19,,,1,100,,15124,19,,,1,70,,15130,19,,,1,30,,15119,19,,,1,70,,15117,19,,,1,30,,15111,19,,,1,70,,15133,19,,,1,30,,15101,19,,,1,100,,15106,19,,,1,100,,13750,19,,,1,100,,12345,19,,,1,100,,15131,19,,,1,100,,15121,19,,,1,70,,15118,19,,,1,30,,15135,19,,,1,70,,15104,19,,,1,30,,15113,19,,,1,70,,15114,19,,,1,30,,15132,19,,,1
11100,'10',610,,13531,15,,,1,30,,15654,15,,,1,70,,15666,15,,,1,30,,15665,15,,,1,70,,15667,15,,,1,30,,15660,15,,,1,70,,15656,15,,,1,30,,15647,15,,,1,70,,15651,15,,,1,30,,15663,15,,,1,70,,15658,15,,,1,30,,15652,15,,,1,70,,15657,15,,,1,30,,15650,15,,,1,70,,15664,15,,,1,30,,15662,15,,,1,70,,15659,15,,,1,30,,14537,15,,,1,70,,13744,15,,,1,30,,15655,15,,,1,70,,15661,15,,,1,30,,15646,15,,,1,70,,15648,15,,,1,30,,13077,15,,,1,70,,15649,15,,,1,30,,15653,15,,,1
11100,'15',610,,13577,15,,,1,30,,15675,15,,,1,70,,15687,15,,,1,30,,15686,15,,,1,70,,15689,15,,,1,30,,15679,15,,,1,70,,15676,15,,,1,30,,15668,15,,,1,70,,15672,15,,,1,30,,15685,15,,,1,70,,15678,15,,,1,30,,15682,15,,,1,70,,15688,15,,,1,30,,15671,15,,,1,70,,15683,15,,,1,30,,15669,15,,,1,70,,12262,15,,,1,30,,14559,15,,,1,70,,15684,15,,,1,30,,15681,15,,,1,70,,12221,15,,,1,30,,15674,15,,,1,70,,15670,15,,,1,30,,15673,15,,,1,70,,15680,15,,,1,30,,15677,15,,,1
11201,'10',735,,15771,32,,,1,100,,15772,32,,,1,100,,15763,32,,,1,100,,15774,32,,,1,100,,15765,32,,,1,100,,15775,32,,,1,100,,15766,32,,,1,105,,15758,32,,,1,95,,15759,32,,,1,100,,15757,32,,,1,100,,15768,32,,,1
11201,'15',735,,13484,32,,,1,100,,15781,32,,,1,100,,15788,32,,,1,100,,15790,32,,,1,100,,15782,32,,,1,100,,15793,32,,,1,100,,15783,32,,,1,105,,15777,32,,,1,95,,15778,32,,,1,100,,15776,32,,,1,100,,15785,32,,,1
11301,'10',655,,15874,20,0,14 15 16,1,100,,15884,20,0,14 15 16,1,100,,15889,20,0,14 15 16,1,100,,15900,20,0,14 15 16,1,100,,15903,20,0,14 15 16,1,100,,15879,20,0,14 15 16,1,100,,15877,20,0,14 15 16,1,100,,15885,20,0,14 15 16,1,100,,15880,20,0,14 15 16,1,100,,15899,20,0,14 15 16,1,100,,15878,20,0,14 15 16,1,100,,15871,20,0,14 15 16,1,100,,15866,20,0,14 15 16,1
11301,'15',655,,15913,20,0,14 15 16,1,100,,15919,20,0,14 15 16,1,100,,15927,20,0,14 15 16,1,100,,15938,20,0,14 15 16,1,100,,15942,20,0,14 15 16,1,100,,15916,20,0,14 15 16,1,100,,15931,20,0,14 15 16,1,100,,15921,20,0,14 15 16,1,100,,15920,20,0,14 15 16,1,100,,15922,20,0,14 15 16,1,100,,15939,20,0,14 15 16,1,100,,15908,20,0,14 15 16,1,100,,15906,20,0,14 15 16,1
20300,'10',1919,,16219,29,,,1,30,,16225,29,,,1,70,,16221,29,,,1,30,,16220,29,,,1,70,,16218,29,,,1,30,,16222,29,,,1,70,,16226,29,,,1,30,,16224,29,,,1,70,,16223,29,,,1
20300,'15',1919,,16229,29,,,1,30,,16234,29,,,1,70,,16227,29,,,1,30,,16230,29,,,1,70,,16228,29,,,1,30,,16231,29,,,1,70,,16235,29,,,1,30,,16233,29,,,1,70,,16232,29,,,1
20300,'7',749,,16236,29,,,1,70,,16262,29,,,1,30,,16260,29,,,1,70,,16257,29,,,1,30,,16240,29,,,1,70,,16254,29,,,1,30,,16256,29,,,1,70,,16242,29,,,1,30,,16245,29,,,1,70,,16247,29,,,1,30,,16249,29,,,1,70,,16238,29,,,1,30,,16243,29,,,1,70,,16258,29,,,1,30,,16250,29,,,1,70,,16239,29,,,1,30,,16241,29,,,1,70,,16246,29,,,1,30,,16252,29,,,1,70,,16244,29,,,1,30,,16261,29,,,1,70,,16251,29,,,1,30,,16255,29,,,1,70,,16253,29,,,1,30,,16248,29,,,1,70,,16237,29,,,1,30,,16259,29,,,1
20501,'10',1936,,16484,19,,,1,100,,16488,19,,,1,100,,12643,19,,,1,100,,16486,19,,,1
20501,'15',1936,,16491,19,,,1,100,,16495,19,,,1,100,,12699,19,,,1,100,,16493,19,,,1
20501,'7',736,,16496,19,,,1,100,,16514,19,,,1,100,,16498,19,,,1,100,,16500,19,,,1,100,,13843,19,,,1,100,,13875,19,,,1,100,,16513,19,,,1,100,,16517,19,,,1,100,,16515,19,,,1,100,,16497,19,,,1,100,,16499,19,,,1,100,,16505,19,,,1,100,,16508,19,,,1,100,,16519,19,,,1
21100,'10',1910,,16842,15,,,1,30,,16837,15,,,1,70,,16843,15,,,1,30,,16844,15,,,1,70,,12938,15,,,1,30,,16841,15,,,1,70,,16838,15,,,1,30,,16839,15,,,1,70,,16840,15,,,1
21100,'15',1910,,13405,15,,,1,30,,16845,15,,,1,70,,16850,15,,,1,30,,16851,15,,,1,70,,12958,15,,,1,30,,16849,15,,,1,70,,16846,15,,,1,30,,16847,15,,,1,70,,16848,15,,,1
21100,'7',740,,16852,15,,,1,70,,16855,15,,,1,30,,16862,15,,,1,70,,16867,15,,,1,30,,16858,15,,,1,70,,16875,15,,,1,30,,14104,15,,,1,70,,16876,15,,,1,30,,16872,15,,,1,70,,16870,15,,,1,30,,16854,15,,,1,70,,16866,15,,,1,30,,16871,15,,,1,70,,16868,15,,,1,30,,16869,15,,,1,70,,16856,15,,,1,30,,16861,15,,,1,70,,16865,15,,,1,30,,16873,15,,,1,70,,16853,15,,,1,30,,16874,15,,,1,70,,16857,15,,,1,30,,16859,15,,,1,70,,16864,15,,,1,30,,16877,15,,,1,70,,16863,15,,,1,30,,16860,15,,,1
21301,'10',1955,,16945,20,,,1,100,,13014,20,,,1,100,,16950,20,,,1,100,,16947,20,,,1
21301,'15',1955,,16956,20,,,1,100,,16952,20,,,1,100,,16961,20,,,1,100,,16958,20,,,1
21301,'7',755,,16995,20,,,1,100,,16970,20,,,1,100,,16964,20,,,1,100,,16984,20,,,1,100,,16990,20,,,1,100,,16996,20,,,1,100,,16988,20,,,1,100,,14595,20,,,1,100,,16999,20,,,1,100,,16992,20,,,1,100,,16989,20,,,1,100,,16981,20,,,1,100,,16985,20,,,1
