11300,'14',617,,5334,2,,,1,100,,5322,2,,,1,100,,5344,2,,,1,100,,5319,2,,,1,100,,5320,2,,,1,100,,5316,2,,,1,100,,5324,2,,,1,100,,5338,2,,,1,100,,390,2,,,1,100,,5343,2,,,1,100,,5317,2,,,1,100,,5331,2,,,1,100,,5347,2,,,1
11300,'18',617,,5372,2,,,1,100,,5357,2,,,1,100,,5383,2,,,1,100,,5354,2,,,1,100,,5355,2,,,1,100,,5350,2,,,1,100,,5359,2,,,1,100,,5377,2,,,1,100,,5367,2,,,1,100,,5382,2,,,1,100,,5351,2,,,1,100,,5368,2,,,1,100,,5386,2,,,1
11300,'20',617,,5401,2,,,1,100,,5394,2,,,1,100,,5415,2,,,1,100,,5391,2,,,1,100,,5392,2,,,1,100,,5389,2,,,1,100,,1908,2,,,1,100,,5409,2,,,1,100,,5407,2,,,1,100,,5400,2,,,1,100,,5405,2,,,1,100,,5404,2,,,1,100,,2442,2,,,1
11300,'8',617,,5436,2,,,1,100,,5425,2,,,1,100,,5454,2,,,1,100,,5422,2,,,1,100,,5423,2,,,1,100,,5420,2,,,1,100,,5431,2,,,1,100,,5447,2,,,1,100,,5444,2,,,1,100,,5434,2,,,1,100,,5442,2,,,1,100,,5440,2,,,1,100,,5429,2,,,1
21300,'11',717,,1839,2,,,1,100,,7664,2,,,1,100,,7674,2,,,1,100,,7672,2,,,1,100,,7668,2,,,1,100,,7666,2,,,1,100,,7667,2,,,1,100,,7669,2,,,1,100,,7663,2,,,1,100,,7673,2,,,1,100,,7671,2,,,1,100,,7665,2,,,1,100,,7670,2,,,1
21300,'14',1917,,7676,2,,,1,100,,7677,2,,,1,100,,7675,2,,,1,100,,2747,2,,,1
21300,'18',1917,,7680,2,,,1,100,,7681,2,,,1,100,,7679,2,,,1,100,,7678,2,,,1
21300,'20',1917,,7683,2,,,1,100,,7684,2,,,1,100,,7682,2,,,1,100,,2665,2,,,1
21300,'4',717,,7688,2,,,1,100,,7686,2,,,1,100,,7697,2,,,1,100,,7695,2,,,1,100,,7691,2,,,1,100,,7689,2,,,1,100,,7690,2,,,1,100,,7692,2,,,1,100,,7685,2,,,1,100,,7696,2,,,1,100,,7694,2,,,1,100,,7687,2,,,1,100,,7693,2,,,1
21300,'8',1917,,7700,2,,,1,100,,7701,2,,,1,100,,7699,2,,,1,100,,7698,2,,,1
