10601,'14',614,,4011,24,,,1,100,,4014,24,,,1,30,,4018,24,,,1,70,,4007,24,,,1,30,,4016,24,,,1,70,,4022,24,,,1,100,,4019,24,,,1,100,,1560,24,,,1,100,,4008,24,,,1,100,,4020,24,,,1,100,,2330,24,,,1,30,,4010,24,,,1,70,,4021,24,,,1,30,,4009,24,,,1,70,,4017,24,,,1,30,,4006,24,,,1,70,,773,24,,,1,30,,4015,24,,,1,70,,4012,24,,,1
10601,'18',614,,4029,24,,,1,100,,4033,24,,,1,30,,4038,24,,,1,70,,4024,24,,,1,30,,4036,24,,,1,70,,4042,24,,,1,100,,4039,24,,,1,100,,4031,24,,,1,100,,4026,24,,,1,100,,4040,24,,,1,100,,4025,24,,,1,30,,4028,24,,,1,70,,4041,24,,,1,30,,4027,24,,,1,70,,4037,24,,,1,30,,4023,24,,,1,70,,4034,24,,,1,30,,4035,24,,,1,70,,4030,24,,,1
10601,'20',614,,4049,24,,,1,100,,4052,24,,,1,30,,4055,24,,,1,70,,4044,24,,,1,30,,4053,24,,,1,70,,4058,24,,,1,100,,4056,24,,,1,100,,1524,24,,,1,100,,4046,24,,,1,100,,1237,24,,,1,100,,4045,24,,,1,30,,4048,24,,,1,70,,4057,24,,,1,30,,4047,24,,,1,70,,4054,24,,,1,30,,4043,24,,,1,70,,713,24,,,1,30,,2265,24,,,1,70,,4050,24,,,1
10601,'8',614,,4065,24,,,1,100,,4069,24,,,1,30,,4074,24,,,1,70,,4060,24,,,1,30,,4072,24,,,1,70,,4078,24,,,1,100,,4075,24,,,1,100,,4067,24,,,1,100,,4062,24,,,1,100,,4076,24,,,1,100,,4061,24,,,1,30,,4064,24,,,1,70,,4077,24,,,1,30,,4063,24,,,1,70,,4073,24,,,1,30,,4059,24,,,1,70,,4070,24,,,1,30,,4071,24,,,1,70,,4066,24,,,1
11201,'14',721,,5238,10,,,1,100,,5237,10,,,1,100,,5242,10,,,1,100,,5233,10,,,1,100,,2656,10,,,1,100,,5243,10,,,1,100,,5234,10,,,1,100,,5235,10,,,1,100,,5248,10,,,1,100,,5239,10,,,1,100,,5244,10,,,1
11201,'18',721,,5259,10,,,1,100,,5258,10,,,1,100,,5263,10,,,1,100,,5251,10,,,1,100,,5252,10,,,1,100,,5264,10,,,1,100,,5253,10,,,1,100,,5254,10,,,1,100,,5270,10,,,1,100,,5260,10,,,1,100,,5265,10,,,1
11201,'20',721,,5290,10,,,1,100,,5274,10,,,1,100,,5292,10,,,1,100,,5273,10,,,1,100,,5275,10,,,1,100,,5283,10,,,1,100,,5276,10,,,1,100,,5277,10,,,1,100,,5287,10,,,1,100,,5279,10,,,1,100,,5284,10,,,1
11201,'8',721,,5312,10,,,1,100,,5294,10,,,1,100,,5314,10,,,1,100,,5293,10,,,1,100,,5295,10,,,1,100,,5304,10,,,1,100,,5296,10,,,1,100,,5297,10,,,1,100,,5309,10,,,1,100,,5300,10,,,1,100,,5305,10,,,1
20601,'11',713,,6942,14,,,1,30,,6950,14,,,1,70,,6946,14,,,1,30,,6920,14,,,1,70,,6928,14,,,1,30,,6925,14,,,1,70,,6945,14,,,1,30,,6921,14,,,1,70,,6919,14,,,1,30,,6944,14,,,1,70,,6953,14,,,1,30,,6905,14,,,1,70,,6951,14,,,1,30,,6936,14,,,1,70,,6923,14,,,1,30,,2818,14,,,1,70,,6931,14,,,1,30,,6948,14,,,1,70,,6917,14,,,1,30,,6916,14,,,1,70,,2502,14,,,1,30,,6924,14,,,1,70,,6930,14,,,1,30,,6955,14,,,1,70,,6912,14,,,1,30,,6918,14,,,1,70,,6933,14,,,1,30,,6927,14,,,1
20601,'14',1843,,6960,14,,,1,70,,6970,14,,,1,30,,6961,14,,,1,70,,1553,14,,,1,30,,6964,14,,,1,70,,6957,14,,,1,30,,6969,14,,,1,70,,6963,14,,,1,30,,6958,14,,,1,70,,6956,14,,,1
20601,'18',1843,,6978,14,,,1,70,,6990,14,,,1,30,,6979,14,,,1,70,,6983,14,,,1,30,,6982,14,,,1,70,,6974,14,,,1,30,,6989,14,,,1,70,,6981,14,,,1,30,,6976,14,,,1,70,,6973,14,,,1
20601,'20',1843,,6997,14,,,1,70,,7007,14,,,1,30,,6998,14,,,1,70,,1517,14,,,1,30,,7001,14,,,1,70,,6994,14,,,1,30,,7006,14,,,1,70,,7000,14,,,1,30,,6995,14,,,1,70,,6993,14,,,1
20601,'4',713,,7052,14,,,1,30,,7060,14,,,1,70,,7056,14,,,1,30,,7025,14,,,1,70,,7035,14,,,1,30,,7031,14,,,1,70,,7055,14,,,1,30,,7026,14,,,1,70,,7024,14,,,1,30,,7054,14,,,1,70,,7063,14,,,1,30,,7010,14,,,1,70,,7061,14,,,1,30,,7044,14,,,1,70,,7029,14,,,1,30,,7042,14,,,1,70,,7038,14,,,1,30,,7058,14,,,1,70,,7022,14,,,1,30,,7021,14,,,1,70,,7028,14,,,1,30,,7030,14,,,1,70,,7037,14,,,1,30,,7065,14,,,1,70,,7017,14,,,1,30,,7023,14,,,1,70,,7040,14,,,1,30,,7033,14,,,1
20601,'8',1843,,7071,14,,,1,70,,7083,14,,,1,30,,7072,14,,,1,70,,7076,14,,,1,30,,7075,14,,,1,70,,7067,14,,,1,30,,7082,14,,,1,70,,7074,14,,,1,30,,7069,14,,,1,70,,7066,14,,,1
