11301,'14',646,,5474,4,,,1,100,,2215,4,,,1,100,,5477,4,,,1,100,,5490,4,,,1,100,,5482,4,,,1,100,,5459,4,,,1,100,,5461,4,,,1,100,,5464,4,,,1,100,,5479,4,,,1,100,,5483,4,,,1,100,,5463,4,,,1,100,,5484,4,,,1,100,,5466,4,,,1
11301,'18',646,,5513,4,,,1,100,,5502,4,,,1,100,,5516,4,,,1,100,,5531,4,,,1,100,,5522,4,,,1,100,,5496,4,,,1,100,,5498,4,,,1,100,,5501,4,,,1,100,,5518,4,,,1,100,,5523,4,,,1,100,,5500,4,,,1,100,,5525,4,,,1,100,,5504,4,,,1
11301,'20',646,,5545,4,,,1,100,,2139,4,,,1,100,,5548,4,,,1,100,,5566,4,,,1,100,,5552,4,,,1,100,,5537,4,,,1,100,,5568,4,,,1,100,,5540,4,,,1,100,,5556,4,,,1,100,,5564,4,,,1,100,,5571,4,,,1,100,,5567,4,,,1,100,,5542,4,,,1
11301,'8',646,,5585,4,,,1,100,,5579,4,,,1,100,,5588,4,,,1,100,,5607,4,,,1,100,,5592,4,,,1,100,,5575,4,,,1,100,,5609,4,,,1,100,,5578,4,,,1,100,,5597,4,,,1,100,,5605,4,,,1,100,,5612,4,,,1,100,,5608,4,,,1,100,,5581,4,,,1
21301,'11',746,,7709,4,,,1,100,,7712,4,,,1,100,,7732,4,,,1,100,,7726,4,,,1,100,,7710,4,,,1,100,,7734,4,,,1,100,,7738,4,,,1,100,,7720,4,,,1,100,,7725,4,,,1,100,,7730,4,,,1,100,,7705,4,,,1,100,,7711,4,,,1,100,,7706,4,,,1
21301,'14',1946,,7743,4,,,1,100,,7747,4,,,1,100,,7750,4,,,1,100,,7749,4,,,1
21301,'18',1946,,7753,4,,,1,100,,7757,4,,,1,100,,7761,4,,,1,100,,7760,4,,,1
21301,'20',1946,,7764,4,,,1,100,,7768,4,,,1,100,,7771,4,,,1,100,,7770,4,,,1
21301,'4',746,,7779,4,,,1,100,,7782,4,,,1,100,,7803,4,,,1,100,,7797,4,,,1,100,,7780,4,,,1,100,,7805,4,,,1,100,,7809,4,,,1,100,,7790,4,,,1,100,,7796,4,,,1,100,,7801,4,,,1,100,,7775,4,,,1,100,,7781,4,,,1,100,,7776,4,,,1
21301,'8',1946,,7814,4,,,1,100,,7818,4,,,1,100,,7822,4,,,1,100,,7821,4,,,1
