10801,'10',649,,12789,32,,,1,70,,12796,32,,,1,30,,12795,32,,,1,70,,12788,32,,,1,30,,12798,32,,,1,70,,10799,32,,,1,100,,12786,32,,,1,100,,12794,32,,,1,100,,12799,32,,,1,100,,12800,32,,,1,100,,12791,32,,,1,30,,12787,32,,,1,70,,12792,32,,,1,30,,12801,32,,,1,70,,4655,32,,,1,30,,12802,32,,,1,70,,12790,32,,,1
10801,'13',649,,12811,32,,,1,70,,12814,32,,,1,30,,12808,32,,,1,70,,12806,32,,,1,30,,10419,32,,,1,70,,12803,32,,,1,100,,12804,32,,,1,100,,12812,32,,,1,100,,12816,32,,,1,100,,12817,32,,,1,100,,12809,32,,,1,30,,12805,32,,,1,70,,12810,32,,,1,30,,12818,32,,,1,70,,4746,32,,,1,30,,12819,32,,,1,70,,12807,32,,,1
10901,'10',619,,12873,7,,,1,100,,12847,7,,,1,100,,12846,7,,,1,100,,12880,7,,,1,100,,12852,7,,,1,100,,11111,7,,,1,100,,12878,7,,,1,100,,12876,7,,,1,100,,10209,7,,,1,100,,12871,7,,,1,100,,12851,7,,,1,100,,12870,7,,,1
10901,'13',619,,12915,7,,,1,100,,12887,7,,,1,100,,12886,7,,,1,100,,12922,7,,,1,100,,12892,7,,,1,100,,11072,7,,,1,100,,12920,7,,,1,100,,12918,7,,,1,100,,10137,7,,,1,100,,12913,7,,,1,100,,12891,7,,,1,100,,12912,7,,,1
11401,'10',653,,13339,31,,,1,100,,13337,31,,,1,100,,13338,31,,,1,100,,13341,31,,,1,100,,13344,31,,,1,100,,13340,31,,,1,100,,13335,31,,,1,100,,13336,31,,,1,100,,13343,31,,,1,100,,13342,31,,,1,100,,13346,31,,,1,100,,13345,31,,,1
11401,'13',653,,13351,31,,,1,100,,13349,31,,,1,100,,13350,31,,,1,100,,13353,31,,,1,100,,13356,31,,,1,100,,13352,31,,,1,100,,13347,31,,,1,100,,13348,31,,,1,100,,13355,31,,,1,100,,13354,31,,,1,100,,13358,31,,,1,100,,13357,31,,,1
20901,'10',1820,,14061,7,,,1,100,,14063,7,,,1,100,,14051,7,,,1,100,,14053,7,,,1,100,,14064,7,,,1
20901,'13',1820,,14079,7,,,1,100,,14080,7,,,1,100,,14071,7,,,1,100,,14075,7,,,1,100,,14069,7,,,1
20901,'7',720,,14132,7,,,1,100,,14118,7,,,1,100,,14119,7,,,1,100,,14125,7,,,1,100,,14098,7,,,1,100,,14105,7,,,1,100,,14104,7,,,1,100,,14129,7,,,1,100,,14117,7,,,1,100,,11379,7,,,1,100,,14127,7,,,1,100,,14137,7,,,1,100,,14136,7,,,1,100,,14114,7,,,1
21401,'10',1852,,14415,37,,,1,100,,14416,37,,,1,100,,14413,37,,,1,100,,14417,37,,,1,100,,14414,37,,,1
21401,'13',1852,,14421,37,,,1,100,,14420,37,,,1,100,,14422,37,,,1,100,,14418,37,,,1,100,,14419,37,,,1
21401,'7',752,,14429,37,,,1,100,,14428,37,,,1,100,,14431,37,,,1,100,,14424,37,,,1,100,,14432,37,,,1,100,,11741,37,,,1,100,,14423,37,,,1,100,,14434,37,,,1,100,,14433,37,,,1,100,,14430,37,,,1,100,,14426,37,,,1,100,,14427,37,,,1,100,,14425,37,,,1
