10301,'14',610,,3306,6,,,1,100,,25,6,,,1,30,,3307,6,,,1,70,,3297,6,,,1,30,,3301,6,,,1,70,,3303,6,,,1,30,,3295,6,,,1,70,,3292,6,,,1,100,,3290,6,,,1,100,,3294,6,,,1,100,,3302,6,,,1,100,,3291,6,,,1,100,,3293,6,,,1,30,,3299,6,,,1,70,,3300,6,,,1,30,,541,6,,,1,70,,3304,6,,,1,30,,3305,6,,,1,70,,3296,6,,,1,30,,3298,6,,,1
10301,'18',610,,3326,6,,,1,100,,3313,6,,,1,30,,3327,6,,,1,70,,3317,6,,,1,30,,3321,6,,,1,70,,3323,6,,,1,30,,3315,6,,,1,70,,3310,6,,,1,100,,3308,6,,,1,100,,3314,6,,,1,100,,3322,6,,,1,100,,3309,6,,,1,100,,3311,6,,,1,30,,3319,6,,,1,70,,3320,6,,,1,30,,3312,6,,,1,70,,3324,6,,,1,30,,3325,6,,,1,70,,3316,6,,,1,30,,3318,6,,,1
10301,'20',610,,3343,6,,,1,100,,7,6,,,1,30,,3333,6,,,1,70,,3334,6,,,1,30,,3344,6,,,1,70,,3339,6,,,1,30,,3340,6,,,1,70,,3330,6,,,1,100,,3328,6,,,1,100,,3332,6,,,1,100,,3338,6,,,1,100,,3329,6,,,1,100,,3331,6,,,1,30,,3336,6,,,1,70,,3337,6,,,1,30,,503,6,,,1,70,,3341,6,,,1,30,,3342,6,,,1,70,,1140,6,,,1,30,,3335,6,,,1
10301,'8',610,,3363,6,,,1,100,,3350,6,,,1,30,,3352,6,,,1,70,,3354,6,,,1,30,,3364,6,,,1,70,,3359,6,,,1,30,,3360,6,,,1,70,,3347,6,,,1,100,,3345,6,,,1,100,,3351,6,,,1,100,,3358,6,,,1,100,,3346,6,,,1,100,,3348,6,,,1,30,,3356,6,,,1,70,,3357,6,,,1,30,,3349,6,,,1,70,,3361,6,,,1,30,,3362,6,,,1,70,,3353,6,,,1,30,,3355,6,,,1
20301,'11',708,,6302,6,0,9 3 10,1,30,,6297,6,0,9 3 10,1,70,,6289,6,0,9 3 10,1,30,,6283,6,0,9 3 10,1,70,,6292,6,0,9 3 10,1,30,,6287,6,0,9 3 10,1,70,,6284,6,0,9 3 10,1,30,,6291,6,0,9 3 10,1,70,,6286,6,0,9 3 10,1,30,,6303,6,0,9 3 10,1,70,,6282,6,0,9 3 10,1,30,,2455,6,0,9 3 10,1,70,,6281,6,0,9 3 10,1,30,,6294,6,0,9 3 10,1,70,,6298,6,0,9 3 10,1,30,,6300,6,0,9 3 10,1,70,,6288,6,0,9 3 10,1,30,,6285,6,0,9 3 10,1,70,,6295,6,0,9 3 10,1,30,,6304,6,0,9 3 10,1,70,,2277,6,0,9 3 10,1,30,,6299,6,0,9 3 10,1,70,,2286,6,0,9 3 10,1,30,,6301,6,0,9 3 10,1,70,,6293,6,0,9 3 10,1,30,,6290,6,0,9 3 10,1,70,,6296,6,0,9 3 10,1,30,,6280,6,0,9 3 10,1
20301,'14',1908,,925,6,0,9 3 10,1,30,,6308,6,0,9 3 10,1,70,,6311,6,0,9 3 10,1,30,,6313,6,0,9 3 10,1,70,,6306,6,0,9 3 10,1,30,,6305,6,0,9 3 10,1,70,,6310,6,0,9 3 10,1,30,,6309,6,0,9 3 10,1,70,,6312,6,0,9 3 10,1,30,,6307,6,0,9 3 10,1
20301,'18',1908,,6319,6,0,9 3 10,1,30,,6317,6,0,9 3 10,1,70,,6322,6,0,9 3 10,1,30,,6324,6,0,9 3 10,1,70,,6316,6,0,9 3 10,1,30,,6315,6,0,9 3 10,1,70,,6321,6,0,9 3 10,1,30,,6320,6,0,9 3 10,1,70,,6323,6,0,9 3 10,1,30,,6318,6,0,9 3 10,1
20301,'20',1908,,913,6,0,9 3 10,1,30,,6328,6,0,9 3 10,1,70,,6331,6,0,9 3 10,1,30,,6333,6,0,9 3 10,1,70,,6326,6,0,9 3 10,1,30,,6325,6,0,9 3 10,1,70,,6330,6,0,9 3 10,1,30,,6329,6,0,9 3 10,1,70,,6332,6,0,9 3 10,1,30,,6327,6,0,9 3 10,1
20301,'4',708,,6359,6,0,9 3 10,1,30,,6354,6,0,9 3 10,1,70,,6346,6,0,9 3 10,1,30,,6337,6,0,9 3 10,1,70,,6349,6,0,9 3 10,1,30,,6342,6,0,9 3 10,1,70,,6338,6,0,9 3 10,1,30,,6348,6,0,9 3 10,1,70,,6341,6,0,9 3 10,1,30,,6360,6,0,9 3 10,1,70,,6336,6,0,9 3 10,1,30,,6344,6,0,9 3 10,1,70,,6335,6,0,9 3 10,1,30,,6351,6,0,9 3 10,1,70,,6355,6,0,9 3 10,1,30,,6357,6,0,9 3 10,1,70,,6343,6,0,9 3 10,1,30,,6340,6,0,9 3 10,1,70,,6352,6,0,9 3 10,1,30,,6361,6,0,9 3 10,1,70,,6339,6,0,9 3 10,1,30,,6356,6,0,9 3 10,1,70,,6345,6,0,9 3 10,1,30,,6358,6,0,9 3 10,1,70,,6350,6,0,9 3 10,1,30,,6347,6,0,9 3 10,1,70,,6353,6,0,9 3 10,1,30,,6334,6,0,9 3 10,1
20301,'8',1908,,6367,6,0,9 3 10,1,30,,6365,6,0,9 3 10,1,70,,6370,6,0,9 3 10,1,30,,6372,6,0,9 3 10,1,70,,6364,6,0,9 3 10,1,30,,6363,6,0,9 3 10,1,70,,6369,6,0,9 3 10,1,30,,6368,6,0,9 3 10,1,70,,6371,6,0,9 3 10,1,30,,6366,6,0,9 3 10,1
