10201,'12',640,,8467,15,0,7 1 8,1,70,,8440,15,0,7 1 8,1,30,,8433,15,0,7 1 8,1,70,,8454,15,0,7 1 8,1,30,,8435,15,0,7 1 8,1,70,,7351,15,0,7 1 8,1,30,,8462,15,0,7 1 8,1,100,,8448,15,0,7 1 8,1,100,,8442,15,0,7 1 8,1,100,,8447,15,0,7 1 8,1,100,,8475,15,0,7 1 8,1,100,,8446,15,0,7 1 8,1,70,,8436,15,0,7 1 8,1,30,,8424,15,0,7 1 8,1,70,,8451,15,0,7 1 8,1,30,,6123,15,0,7 1 8,1,70,,8468,15,0,7 1 8,1,30,,8463,15,0,7 1 8,1
10201,'5',640,,8524,15,0,7 1 8,1,70,,8496,15,0,7 1 8,1,30,,8489,15,0,7 1 8,1,70,,8511,15,0,7 1 8,1,30,,8491,15,0,7 1 8,1,70,,8480,15,0,7 1 8,1,30,,8519,15,0,7 1 8,1,100,,8504,15,0,7 1 8,1,100,,8498,15,0,7 1 8,1,100,,8503,15,0,7 1 8,1,100,,8532,15,0,7 1 8,1,100,,8502,15,0,7 1 8,1,70,,8492,15,0,7 1 8,1,30,,8479,15,0,7 1 8,1,70,,8507,15,0,7 1 8,1,30,,8510,15,0,7 1 8,1,70,,8525,15,0,7 1 8,1,30,,8520,15,0,7 1 8,1
10201,'9',640,,8579,15,0,7 1 8,1,70,,8552,15,0,7 1 8,1,30,,8545,15,0,7 1 8,1,70,,8566,15,0,7 1 8,1,30,,8547,15,0,7 1 8,1,70,,7334,15,0,7 1 8,1,30,,8574,15,0,7 1 8,1,100,,8560,15,0,7 1 8,1,100,,8554,15,0,7 1 8,1,100,,8559,15,0,7 1 8,1,100,,8587,15,0,7 1 8,1,100,,8558,15,0,7 1 8,1,70,,8548,15,0,7 1 8,1,30,,8536,15,0,7 1 8,1,70,,8563,15,0,7 1 8,1,30,,6034,15,0,7 1 8,1,70,,8580,15,0,7 1 8,1,30,,8575,15,0,7 1 8,1
11000,'12',636,,9762,10,,,1,70,,9761,10,,,1,30,,3741,10,,,1,70,,9752,10,,,1,30,,9767,10,,,1,70,,9766,10,,,1,30,,9764,10,,,1,70,,3331,10,,,1,30,,9758,10,,,1,70,,9769,10,,,1,30,,9770,10,,,1,70,,9750,10,,,1,30,,4615,10,,,1,70,,9768,10,,,1,30,,9757,10,,,1,70,,9755,10,,,1,30,,9759,10,,,1,70,,9765,10,,,1,30,,9754,10,,,1,70,,9771,10,,,1,30,,9751,10,,,1,70,,9753,10,,,1,30,,9763,10,,,1,70,,9756,10,,,1,30,,9760,10,,,1
11000,'5',636,,9785,10,,,1,70,,9784,10,,,1,30,,9793,10,,,1,70,,9774,10,,,1,30,,9791,10,,,1,70,,9790,10,,,1,30,,9787,10,,,1,70,,9777,10,,,1,30,,9781,10,,,1,70,,9794,10,,,1,30,,9795,10,,,1,70,,9772,10,,,1,30,,9789,10,,,1,70,,9792,10,,,1,30,,9780,10,,,1,70,,9778,10,,,1,30,,9782,10,,,1,70,,9788,10,,,1,30,,9776,10,,,1,70,,9796,10,,,1,30,,9773,10,,,1,70,,9775,10,,,1,30,,9786,10,,,1,70,,9779,10,,,1,30,,9783,10,,,1
11000,'9',636,,9809,10,,,1,70,,9808,10,,,1,30,,3669,10,,,1,70,,9799,10,,,1,30,,9813,10,,,1,70,,9812,10,,,1,30,,9811,10,,,1,70,,3293,10,,,1,30,,9805,10,,,1,70,,9815,10,,,1,30,,9816,10,,,1,70,,9797,10,,,1,30,,4591,10,,,1,70,,9814,10,,,1,30,,9804,10,,,1,70,,9802,10,,,1,30,,9806,10,,,1,70,,4397,10,,,1,30,,9801,10,,,1,70,,9817,10,,,1,30,,9798,10,,,1,70,,9800,10,,,1,30,,9810,10,,,1,70,,9803,10,,,1,30,,9807,10,,,1
11501,'12',704,,10426,8,0,7 1 8,1,30,,10402,8,0,7 1 8,1,70,,10415,8,0,7 1 8,1,30,,10409,8,0,7 1 8,1,70,,10431,8,0,7 1 8,1,30,,10406,8,0,7 1 8,1,70,,10400,8,0,7 1 8,1,100,,3433,8,0,7 1 8,1,100,,10432,8,0,7 1 8,1,100,,10414,8,0,7 1 8,1,100,,10428,8,0,7 1 8,1,100,,10412,8,0,7 1 8,1,30,,10411,8,0,7 1 8,1,70,,10423,8,0,7 1 8,1,30,,10420,8,0,7 1 8,1,70,,10413,8,0,7 1 8,1,30,,10417,8,0,7 1 8,1,70,,10424,8,0,7 1 8,1
11501,'5',704,,10461,8,0,7 1 8,1,30,,10436,8,0,7 1 8,1,70,,10450,8,0,7 1 8,1,30,,10443,8,0,7 1 8,1,70,,10466,8,0,7 1 8,1,30,,10440,8,0,7 1 8,1,70,,10434,8,0,7 1 8,1,100,,10468,8,0,7 1 8,1,100,,10467,8,0,7 1 8,1,100,,10448,8,0,7 1 8,1,100,,10463,8,0,7 1 8,1,100,,10446,8,0,7 1 8,1,30,,10445,8,0,7 1 8,1,70,,10458,8,0,7 1 8,1,30,,10455,8,0,7 1 8,1,70,,10447,8,0,7 1 8,1,30,,10452,8,0,7 1 8,1,70,,10459,8,0,7 1 8,1
11501,'9',704,,10496,8,0,7 1 8,1,30,,10472,8,0,7 1 8,1,70,,10485,8,0,7 1 8,1,30,,10479,8,0,7 1 8,1,70,,10500,8,0,7 1 8,1,30,,10476,8,0,7 1 8,1,70,,10470,8,0,7 1 8,1,100,,3385,8,0,7 1 8,1,100,,10501,8,0,7 1 8,1,100,,10484,8,0,7 1 8,1,100,,10498,8,0,7 1 8,1,100,,10482,8,0,7 1 8,1,30,,10481,8,0,7 1 8,1,70,,10493,8,0,7 1 8,1,30,,10490,8,0,7 1 8,1,70,,10483,8,0,7 1 8,1,30,,10487,8,0,7 1 8,1,70,,10494,8,0,7 1 8,1
21000,'12',1904,,11408,8,,,1,30,,11402,8,,,1,70,,11410,8,,,1,30,,11406,8,,,1,70,,11405,8,,,1,30,,11403,8,,,1,70,,11404,8,,,1,30,,11407,8,,,1,70,,11409,8,,,1
21000,'5',1904,,11417,8,,,1,30,,11411,8,,,1,70,,11419,8,,,1,30,,11415,8,,,1,70,,11414,8,,,1,30,,11412,8,,,1,70,,11413,8,,,1,30,,11416,8,,,1,70,,11418,8,,,1
21000,'7',734,,11420,8,,,1,70,,11435,8,,,1,30,,11430,8,,,1,70,,11440,8,,,1,30,,7874,8,,,1,70,,11438,8,,,1,30,,11439,8,,,1,70,,11441,8,,,1,30,,11428,8,,,1,70,,11425,8,,,1,30,,11434,8,,,1,70,,11431,8,,,1,30,,11436,8,,,1,70,,11443,8,,,1,30,,11433,8,,,1,70,,11429,8,,,1,30,,6935,8,,,1,70,,11423,8,,,1,30,,11432,8,,,1,70,,11426,8,,,1,30,,11421,8,,,1,70,,11422,8,,,1,30,,11427,8,,,1,70,,11442,8,,,1,30,,11424,8,,,1,70,,11444,8,,,1,30,,11437,8,,,1
21000,'9',1904,,11451,8,,,1,30,,11445,8,,,1,70,,11453,8,,,1,30,,11449,8,,,1,70,,11448,8,,,1,30,,11446,8,,,1,70,,11447,8,,,1,30,,11450,8,,,1,70,,11452,8,,,1
