10101,'14',644,,3000,,,1,70,,5462,,,1,30,,5473,,,1,70,,5468,,,1,30,,5386,,,1,70,,5467,,,1,30,,5471,,,1,100,,5466,,,1,100,,5460,,,1,100,,5463,,,1,100,,5464,,,1,101,,5461,,,1,70,,5470,,,1,30,,5459,,,1,70,,5465,,,1,30,,5469,,,1,70,,5472,,,1,30,,5458,,,1
10101,'18',644,,5479,,,1,70,,5478,,,1,30,,5491,,,1,70,,5485,,,1,30,,5486,,,1,70,,5484,,,1,30,,5489,,,1,100,,5483,,,1,100,,5476,,,1,100,,5480,,,1,100,,5481,,,1,101,,5477,,,1,70,,5488,,,1,30,,5475,,,1,70,,5482,,,1,30,,5487,,,1,70,,5490,,,1,30,,5474,,,1
10101,'20',644,,2951,,,1,70,,5496,,,1,30,,5507,,,1,70,,5502,,,1,30,,5314,,,1,70,,5501,,,1,30,,5505,,,1,100,,5500,,,1,100,,5494,,,1,100,,5497,,,1,100,,5498,,,1,101,,5495,,,1,70,,5504,,,1,30,,5493,,,1,70,,5499,,,1,30,,5503,,,1,70,,5506,,,1,30,,5492,,,1
10101,'8',644,,5513,,,1,70,,5512,,,1,30,,5525,,,1,70,,5519,,,1,30,,5520,,,1,70,,5518,,,1,30,,5523,,,1,100,,5517,,,1,100,,5510,,,1,100,,5514,,,1,100,,5515,,,1,101,,5511,,,1,70,,5522,,,1,30,,5509,,,1,70,,5516,,,1,30,,5521,,,1,70,,5524,,,1,30,,5508,,,1
11101,'14',620,,7635,,,1,30,,7626,,,1,70,,7637,,,1,30,,7642,,,1,70,,7630,,,1,30,,7625,,,1,70,,7633,,,1,30,,7641,,,1,70,,7643,,,1,30,,7631,,,1,70,,1903,,,1,30,,7624,,,1,70,,7632,,,1,30,,7636,,,1,70,,7639,,,1,30,,7638,,,1,70,,7640,,,1,30,,7629,,,1,70,,7628,,,1,30,,7634,,,1,70,,7645,,,1,30,,3265,,,1,70,,3919,,,1,30,,7644,,,1,70,,7627,,,1
11101,'18',620,,7659,,,1,30,,7649,,,1,70,,7661,,,1,30,,7667,,,1,70,,7653,,,1,30,,7647,,,1,70,,7656,,,1,30,,7666,,,1,70,,7668,,,1,30,,7654,,,1,70,,7663,,,1,30,,7646,,,1,70,,7655,,,1,30,,7660,,,1,70,,7664,,,1,30,,7662,,,1,70,,7665,,,1,30,,7652,,,1,70,,7651,,,1,30,,7658,,,1,70,,7670,,,1,30,,7648,,,1,70,,7657,,,1,30,,7669,,,1,70,,7650,,,1
11101,'20',620,,7681,,,1,30,,7672,,,1,70,,7683,,,1,30,,7690,,,1,70,,7673,,,1,30,,7671,,,1,70,,7678,,,1,30,,7688,,,1,70,,7691,,,1,30,,7680,,,1,70,,1865,,,1,30,,7686,,,1,70,,7676,,,1,30,,7675,,,1,70,,7689,,,1,30,,3314,,,1,70,,7687,,,1,30,,5102,,,1,70,,7684,,,1,30,,7674,,,1,70,,7677,,,1,30,,7679,,,1,70,,4481,,,1,30,,7685,,,1,70,,7682,,,1
11101,'8',620,,7704,,,1,30,,7693,,,1,70,,7707,,,1,30,,7715,,,1,70,,7694,,,1,30,,7692,,,1,70,,7699,,,1,30,,7713,,,1,70,,7716,,,1,30,,7702,,,1,70,,7711,,,1,30,,7710,,,1,70,,7697,,,1,30,,7696,,,1,70,,7714,,,1,30,,7701,,,1,70,,7712,,,1,30,,7706,,,1,70,,7708,,,1,30,,7695,,,1,70,,7698,,,1,30,,7700,,,1,70,,7703,,,1,30,,7709,,,1,70,,7705,,,1
21101,'11',720,,10113,,,1,30,,10121,,,1,70,,10115,,,1,30,,10114,,,1,70,,10100,,,1,30,,10120,,,1,70,,10117,,,1,30,,10123,,,1,70,,10101,,,1,30,,10112,,,1,70,,10118,,,1,30,,10104,,,1,70,,10116,,,1,30,,4942,,,1,70,,10119,,,1,30,,10124,,,1,70,,10099,,,1,30,,10105,,,1,70,,10111,,,1,30,,10109,,,1,70,,10110,,,1,30,,10106,,,1,70,,10102,,,1,30,,10103,,,1,70,,10122,,,1,30,,10107,,,1,70,,10108,,,1
21101,'14',1850,,10132,,,1,70,,10129,,,1,30,,10131,,,1,70,,596,,,1,30,,10126,,,1,70,,10127,,,1,30,,10125,,,1,70,,10128,,,1,30,,10130,,,1
21101,'18',1850,,10141,,,1,70,,10138,,,1,30,,10140,,,1,70,,10137,,,1,30,,10134,,,1,70,,10135,,,1,30,,10133,,,1,70,,10136,,,1,30,,10139,,,1
21101,'20',1850,,10146,,,1,70,,10147,,,1,30,,10149,,,1,70,,579,,,1,30,,10143,,,1,70,,10144,,,1,30,,10142,,,1,70,,10145,,,1,30,,10148,,,1
21101,'4',720,,10164,,,1,30,,10173,,,1,70,,10166,,,1,30,,10165,,,1,70,,10151,,,1,30,,10172,,,1,70,,10169,,,1,30,,10175,,,1,70,,10152,,,1,30,,10163,,,1,70,,10170,,,1,30,,10155,,,1,70,,10168,,,1,30,,10167,,,1,70,,10171,,,1,30,,10176,,,1,70,,10150,,,1,30,,10156,,,1,70,,10162,,,1,30,,10160,,,1,70,,10161,,,1,30,,10157,,,1,70,,10153,,,1,30,,10154,,,1,70,,10174,,,1,30,,10158,,,1,70,,10159,,,1
21101,'8',1850,,10182,,,1,70,,10183,,,1,30,,10185,,,1,70,,10181,,,1,30,,10178,,,1,70,,10179,,,1,30,,10177,,,1,70,,10180,,,1,30,,10184,,,1
