10701,'14',600,,6706,,,1,100,,6701,,,1,30,,4105,,,1,70,,6687,,,1,30,,6704,,,1,70,,6689,,,1,100,,6711,,,1,100,,6671,,,1,100,,6677,,,1,100,,6696,,,1,100,,6714,,,1,30,,6719,,,1,70,,6675,,,1,30,,6692,,,1,70,,6720,,,1,30,,6691,,,1,70,,6700,,,1,30,,6668,,,1,70,,6710,,,1,100,,6712,,,1
10701,'18',600,,6767,,,1,100,,6760,,,1,30,,6752,,,1,70,,6744,,,1,30,,6764,,,1,70,,6746,,,1,100,,6771,,,1,100,,6728,,,1,100,,6734,,,1,100,,6754,,,1,100,,6774,,,1,30,,6779,,,1,70,,6732,,,1,30,,6749,,,1,70,,6780,,,1,30,,6748,,,1,70,,6758,,,1,30,,6725,,,1,70,,6770,,,1,100,,6772,,,1
10701,'20',600,,6822,,,1,100,,6818,,,1,30,,4066,,,1,70,,6804,,,1,30,,6821,,,1,70,,6806,,,1,100,,6828,,,1,100,,6788,,,1,100,,6794,,,1,100,,6813,,,1,100,,6831,,,1,30,,6836,,,1,70,,6792,,,1,30,,6809,,,1,70,,6837,,,1,30,,6808,,,1,70,,6817,,,1,30,,6785,,,1,70,,6827,,,1,100,,6829,,,1
10701,'8',600,,6884,,,1,100,,6877,,,1,30,,6869,,,1,70,,6861,,,1,30,,6881,,,1,70,,6863,,,1,100,,6888,,,1,100,,6845,,,1,100,,6851,,,1,100,,6871,,,1,100,,6891,,,1,30,,6896,,,1,70,,6849,,,1,30,,6866,,,1,70,,6897,,,1,30,,6865,,,1,70,,6875,,,1,30,,6842,,,1,70,,6887,,,1,100,,6889,,,1
21401,'11',741,,10395,,,1,100,,10403,,,1,100,,10399,,,1,100,,10394,,,1,100,,10396,,,1,100,,10402,,,1,100,,10401,,,1,100,,10392,,,1,100,,10398,,,1,100,,10391,,,1,100,,10400,,,1,100,,10397,,,1,100,,10393,,,1
21401,'14',1841,,10408,,,1,100,,10406,,,1,100,,10404,,,1,100,,10407,,,1,100,,10405,,,1
21401,'18',1841,,10413,,,1,100,,10411,,,1,100,,10409,,,1,100,,10412,,,1,100,,10410,,,1
21401,'20',1841,,10416,,,1,100,,2939,,,1,100,,10414,,,1,100,,10415,,,1,100,,10417,,,1
21401,'4',741,,10422,,,1,100,,10430,,,1,100,,10426,,,1,100,,10421,,,1,100,,10423,,,1,100,,10429,,,1,100,,10428,,,1,100,,10419,,,1,100,,10425,,,1,100,,10418,,,1,100,,10427,,,1,100,,10424,,,1,100,,10420,,,1
21401,'8',1841,,10434,,,1,100,,10432,,,1,100,,10431,,,1,100,,10433,,,1,100,,10435,,,1
