10500,'14',552,,3666,8,,,1,100,,3654,8,,,1,70,,3673,8,,,1,30,,3656,8,,,1,70,,3652,8,,,1,30,,3674,8,,,1,70,,3669,8,,,1,30,,3676,8,,,1,100,,3658,8,,,1,100,,67,8,,,1,100,,3655,8,,,1,100,,3681,8,,,1,100,,3670,8,,,1,70,,3663,8,,,1,30,,3677,8,,,1,70,,3672,8,,,1,30,,3675,8,,,1,70,,3659,8,,,1,30,,3651,8,,,1
10500,'18',552,,3702,8,,,1,100,,3689,8,,,1,70,,3711,8,,,1,30,,3691,8,,,1,70,,3687,8,,,1,30,,3712,8,,,1,70,,3706,8,,,1,30,,3714,8,,,1,100,,3693,8,,,1,100,,3701,8,,,1,100,,3690,8,,,1,100,,3719,8,,,1,100,,3708,8,,,1,70,,3698,8,,,1,30,,3715,8,,,1,70,,3710,8,,,1,30,,3713,8,,,1,70,,3694,8,,,1,30,,3686,8,,,1
10500,'20',552,,3738,8,,,1,100,,3726,8,,,1,70,,3746,8,,,1,30,,3728,8,,,1,70,,3725,8,,,1,30,,3747,8,,,1,70,,3741,8,,,1,30,,3749,8,,,1,100,,3730,8,,,1,100,,49,8,,,1,100,,3727,8,,,1,100,,3754,8,,,1,100,,3743,8,,,1,70,,3735,8,,,1,30,,3750,8,,,1,70,,3745,8,,,1,30,,3748,8,,,1,70,,3731,8,,,1,30,,3724,8,,,1
10500,'8',552,,3775,8,,,1,100,,3762,8,,,1,70,,3784,8,,,1,30,,3764,8,,,1,70,,3760,8,,,1,30,,3785,8,,,1,70,,3779,8,,,1,30,,3787,8,,,1,100,,3766,8,,,1,100,,3774,8,,,1,100,,3763,8,,,1,100,,3792,8,,,1,100,,3781,8,,,1,70,,3771,8,,,1,30,,3788,8,,,1,70,,3783,8,,,1,30,,3786,8,,,1,70,,3767,8,,,1,30,,3759,8,,,1
20500,'11',651,,6661,8,,,1,100,,6657,8,,,1,100,,6653,8,,,1,100,,6666,8,,,1,100,,6670,8,,,1,100,,2797,8,,,1,100,,6664,8,,,1,100,,6649,8,,,1,100,,6659,8,,,1,100,,6652,8,,,1,100,,6656,8,,,1,100,,6655,8,,,1,100,,6651,8,,,1,100,,6660,8,,,1
20500,'14',1851,,6675,8,,,1,100,,6674,8,,,1,100,,6676,8,,,1,100,,6673,8,,,1
20500,'18',1851,,6683,8,,,1,100,,6681,8,,,1,100,,6684,8,,,1,100,,6680,8,,,1
20500,'20',1851,,6690,8,,,1,100,,6689,8,,,1,100,,6691,8,,,1,100,,6688,8,,,1
20500,'4',651,,6710,8,,,1,100,,6706,8,,,1,100,,6702,8,,,1,100,,6716,8,,,1,100,,6720,8,,,1,100,,6697,8,,,1,100,,6714,8,,,1,100,,6698,8,,,1,100,,6708,8,,,1,100,,6701,8,,,1,100,,6705,8,,,1,100,,6704,8,,,1,100,,6700,8,,,1,100,,6709,8,,,1
20500,'8',1851,,6726,8,,,1,100,,6724,8,,,1,100,,6727,8,,,1,100,,6723,8,,,1
