11601,'10',627,,16133,2,0,13,1,30,,16170,2,0,13,1,70,,16141,2,0,13,1,30,,16162,2,0,13,1,70,,16171,2,0,13,1,30,,16159,2,0,13,1,70,,16153,2,0,13,1,30,,16151,2,0,13,1,70,,16169,2,0,13,1,30,,12039,2,0,13,1,70,,16148,2,0,13,1,30,,16157,2,0,13,1,70,,14235,2,0,13,1,30,,16135,2,0,13,1,70,,16150,2,0,13,1,30,,16136,2,0,13,1,70,,16144,2,0,13,1,30,,16156,2,0,13,1,70,,16131,2,0,13,1,30,,16161,2,0,13,1,70,,16163,2,0,13,1,30,,13743,2,0,13,1,70,,16152,2,0,13,1,30,,16130,2,0,13,1
11601,'15',627,,16177,2,0,13,1,30,,16214,2,0,13,1,70,,16185,2,0,13,1,30,,16206,2,0,13,1,70,,16215,2,0,13,1,30,,16203,2,0,13,1,70,,16197,2,0,13,1,30,,16195,2,0,13,1,70,,16213,2,0,13,1,30,,12056,2,0,13,1,70,,16192,2,0,13,1,30,,16201,2,0,13,1,70,,14242,2,0,13,1,30,,16179,2,0,13,1,70,,16194,2,0,13,1,30,,16180,2,0,13,1,70,,16188,2,0,13,1,30,,16200,2,0,13,1,70,,16175,2,0,13,1,30,,16205,2,0,13,1,70,,16207,2,0,13,1,30,,13760,2,0,13,1,70,,16196,2,0,13,1,30,,16174,2,0,13,1
20301,'10',2401,,16269,2,,,1
20301,'15',2401,,16279,2,,,1
20400,'10',1901,,16315,2,,,1,30,,16313,2,,,1,70,,16318,2,,,1,30,,16316,2,,,1,70,,16314,2,,,1,30,,16312,2,,,1,70,,16320,2,,,1,30,,16317,2,,,1,70,,16319,2,,,1,30,,16311,2,,,1
20400,'15',1901,,16325,2,,,1,30,,16323,2,,,1,70,,16328,2,,,1,30,,16326,2,,,1,70,,16324,2,,,1,30,,16322,2,,,1,70,,16330,2,,,1,30,,16327,2,,,1,70,,16329,2,,,1,30,,16321,2,,,1
20400,'7',731,,13726,2,,,1,70,,16351,2,,,1,30,,16336,2,,,1,70,,16340,2,,,1,30,,16347,2,,,1,70,,16355,2,,,1,30,,16332,2,,,1,70,,16339,2,,,1,30,,16337,2,,,1,70,,16348,2,,,1,30,,13846,2,,,1,70,,16343,2,,,1,30,,16356,2,,,1,70,,16334,2,,,1,30,,16352,2,,,1,70,,16331,2,,,1,30,,16341,2,,,1,70,,16345,2,,,1,30,,16333,2,,,1,70,,16353,2,,,1,30,,16354,2,,,1,70,,16338,2,,,1,30,,16342,2,,,1,70,,16350,2,,,1,30,,16346,2,,,1,70,,16349,2,,,1,30,,16335,2,,,1,70,,16344,2,,,1
21601,'10',1827,,17149,2,0,13,1,30,,17155,2,0,13,1,70,,17151,2,0,13,1,30,,17152,2,0,13,1,70,,12940,2,0,13,1,30,,17156,2,0,13,1,70,,17147,2,0,13,1,30,,17146,2,0,13,1,70,,13189,2,0,13,1,30,,17160,2,0,13,1,70,,17157,2,0,13,1
21601,'15',1827,,13086,2,0,13,1,30,,17170,2,0,13,1,70,,17166,2,0,13,1,30,,17167,2,0,13,1,70,,12960,2,0,13,1,30,,17171,2,0,13,1,70,,14418,2,0,13,1,30,,17163,2,0,13,1,70,,13227,2,0,13,1,30,,17175,2,0,13,1,70,,17172,2,0,13,1
21601,'7',657,,17184,2,0,13,1,70,,17230,2,0,13,1,30,,17222,2,0,13,1,70,,17227,2,0,13,1,30,,17203,2,0,13,1,70,,17183,2,0,13,1,30,,17228,2,0,13,1,70,,17224,2,0,13,1,30,,14257,2,0,13,1,70,,17213,2,0,13,1,30,,17189,2,0,13,1,70,,17187,2,0,13,1,30,,17204,2,0,13,1,70,,17186,2,0,13,1,30,,17192,2,0,13,1,70,,17215,2,0,13,1,30,,17218,2,0,13,1,70,,17212,2,0,13,1,30,,17221,2,0,13,1,70,,17209,2,0,13,1,30,,17178,2,0,13,1,70,,17191,2,0,13,1,30,,17196,2,0,13,1,70,,17231,2,0,13,1,30,,17226,2,0,13,1,70,,17214,2,0,13,1,30,,17195,2,0,13,1,70,,17188,2,0,13,1,30,,17208,2,0,13,1
