10601,'12',558,,9166,8,,,1,100,,9177,8,,,1,70,,9172,8,,,1,30,,9178,8,,,1,70,,9175,8,,,1,30,,9162,8,,,1,71,,9171,8,0,17,1,29,,4862,8,,,1,100,,9164,8,,,1,100,,9163,8,,,1,100,,9173,8,,,1,100,,9179,8,,,1,70,,9180,8,,,1,30,,9170,8,,,1,70,,9174,8,,,1,30,,9167,8,,,1,70,,9169,8,,,1,30,,9168,8,,,1,70,,9165,8,,,1,30,,9176,8,,,1
10601,'5',558,,9185,8,,,1,100,,9197,8,,,1,70,,9192,8,,,1,30,,9198,8,,,1,70,,9195,8,,,1,30,,9181,8,,,1,71,,9191,8,0,17,1,29,,9186,8,,,1,100,,9183,8,,,1,100,,9182,8,,,1,100,,9193,8,,,1,100,,9199,8,,,1,70,,9200,8,,,1,30,,9190,8,,,1,70,,9194,8,,,1,30,,9187,8,,,1,70,,9189,8,,,1,30,,9188,8,,,1,70,,9184,8,,,1,30,,9196,8,,,1
10601,'9',558,,9205,8,,,1,100,,9216,8,,,1,70,,9211,8,,,1,30,,9217,8,,,1,70,,9214,8,,,1,30,,9201,8,,,1,71,,9210,8,0,17,1,29,,4816,8,,,1,100,,9203,8,,,1,100,,9202,8,,,1,100,,9212,8,,,1,100,,9218,8,,,1,70,,9219,8,,,1,30,,9209,8,,,1,70,,9213,8,,,1,30,,9206,8,,,1,70,,9208,8,,,1,30,,9207,8,,,1,70,,9204,8,,,1,30,,9215,8,,,1
11201,'12',713,,10048,10,,,1,100,,10055,10,,,1,100,,10064,10,,,1,100,,10061,10,,,1,100,,10051,10,,,1,100,,10060,10,,,1,100,,10046,10,,,1,100,,10045,10,,,1,100,,10057,10,,,1,100,,4735,10,,,1,100,,10056,10,0,17,1
11201,'5',713,,10076,10,,,1,100,,10069,10,,,1,100,,10070,10,,,1,100,,10079,10,,,1,100,,10072,10,,,1,100,,10083,10,,,1,100,,10067,10,,,1,100,,10066,10,,,1,100,,10080,10,,,1,100,,10078,10,,,1,100,,10077,10,0,17,1
11201,'9',713,,10097,10,,,1,100,,10108,10,,,1,100,,10094,10,,,1,100,,10099,10,,,1,100,,10093,10,,,1,100,,10104,10,,,1,100,,10089,10,,,1,100,,10088,10,,,1,100,,10101,10,,,1,100,,4644,10,,,1,100,,10098,10,0,17,1
20601,'12',1827,,6564,8,,,1,30,,3428,8,,,1,70,,4279,8,,,1,30,,3725,8,,,1,70,,11174,8,,,1,30,,11180,8,,,1,70,,11171,8,,,1,30,,11176,8,,,1,70,,11173,8,,,1,30,,3876,8,,,1
20601,'5',1827,,11201,8,,,1,30,,11198,8,,,1,70,,11196,8,,,1,30,,11187,8,,,1,70,,11191,8,,,1,30,,11199,8,,,1,70,,11185,8,,,1,30,,11193,8,,,1,70,,11190,8,,,1,30,,11189,8,,,1
20601,'7',657,,11223,8,,,1,70,,7731,8,,,1,30,,11206,8,,,1,70,,11251,8,,,1,30,,11226,8,,,1,70,,11222,8,,,1,30,,7943,8,,,1,70,,11253,8,,,1,30,,6383,8,,,1,70,,11233,8,,,1,30,,11217,8,,,1,70,,11211,8,,,1,30,,11221,8,,,1,70,,11241,8,,,1,30,,11249,8,,,1,70,,11225,8,,,1,30,,11229,8,,,1,70,,11237,8,,,1,30,,11234,8,,,1,70,,11235,8,,,1,30,,11218,8,,,1,70,,11213,8,,,1,30,,11248,8,,,1,70,,11212,8,,,1,30,,6919,8,,,1,70,,11239,8,,,1,30,,11224,8,,,1,70,,11240,8,,,1
20601,'9',1827,,6528,8,,,1,30,,3380,8,,,1,70,,11264,8,,,1,30,,3652,8,,,1,70,,11259,8,,,1,30,,11266,8,,,1,70,,11255,8,,,1,30,,11261,8,,,1,70,,11258,8,,,1,30,,3802,8,,,1
