10701,'14',556,,4195,4,0,5 6,1,100,,4151,4,0,5 6,1,70,,4179,4,0,5 6,1,30,,4160,4,0,5 6,1,70,,4198,4,0,5 6,1,30,,4201,4,0,5 6,1,100,,4176,4,0,5 6,1,100,,4170,4,0,5 6,1,100,,4171,4,0,5 6,1,100,,4199,4,0,5 6,1,100,,4158,4,0,5 6,1,70,,4200,4,0,5 6,1,30,,4175,4,0,5 6,1,70,,1246,4,0,5 6,1,30,,4157,4,0,5 6,1,70,,4182,4,0,5 6,1,30,,4172,4,0,5 6,1,70,,4146,4,0,5 6,1,30,,4192,4,0,5 6,1,100,,4186,4,0,5 6,1
10701,'18',556,,4255,4,0,5 6,1,100,,4208,4,0,5 6,1,70,,4238,4,0,5 6,1,30,,4217,4,0,5 6,1,70,,4258,4,0,5 6,1,30,,4261,4,0,5 6,1,100,,4234,4,0,5 6,1,100,,4227,4,0,5 6,1,100,,4228,4,0,5 6,1,100,,4259,4,0,5 6,1,100,,4215,4,0,5 6,1,70,,4260,4,0,5 6,1,30,,4233,4,0,5 6,1,70,,4239,4,0,5 6,1,30,,4214,4,0,5 6,1,70,,4242,4,0,5 6,1,30,,4230,4,0,5 6,1,70,,4203,4,0,5 6,1,30,,4252,4,0,5 6,1,100,,4246,4,0,5 6,1
10701,'20',556,,4312,4,0,5 6,1,100,,4268,4,0,5 6,1,70,,4296,4,0,5 6,1,30,,4277,4,0,5 6,1,70,,4315,4,0,5 6,1,30,,4318,4,0,5 6,1,100,,4293,4,0,5 6,1,100,,4287,4,0,5 6,1,100,,4288,4,0,5 6,1,100,,4316,4,0,5 6,1,100,,4275,4,0,5 6,1,70,,4317,4,0,5 6,1,30,,4292,4,0,5 6,1,70,,1233,4,0,5 6,1,30,,4274,4,0,5 6,1,70,,4300,4,0,5 6,1,30,,4289,4,0,5 6,1,70,,4263,4,0,5 6,1,30,,4309,4,0,5 6,1,100,,4303,4,0,5 6,1
10701,'8',556,,4372,4,0,5 6,1,100,,4325,4,0,5 6,1,70,,4355,4,0,5 6,1,30,,4334,4,0,5 6,1,70,,4375,4,0,5 6,1,30,,4378,4,0,5 6,1,100,,4351,4,0,5 6,1,100,,4344,4,0,5 6,1,100,,4345,4,0,5 6,1,100,,4376,4,0,5 6,1,100,,4332,4,0,5 6,1,70,,4377,4,0,5 6,1,30,,4350,4,0,5 6,1,70,,4356,4,0,5 6,1,30,,4331,4,0,5 6,1,70,,4359,4,0,5 6,1,30,,4347,4,0,5 6,1,70,,4320,4,0,5 6,1,30,,4369,4,0,5 6,1,100,,4363,4,0,5 6,1
21401,'11',737,,7872,4,,,1,100,,7880,4,,,1,100,,7876,4,,,1,100,,7871,4,,,1,100,,7873,4,,,1,100,,7879,4,,,1,100,,7878,4,,,1,100,,7869,4,,,1,100,,7875,4,,,1,100,,7868,4,,,1,100,,7877,4,,,1,100,,7874,4,,,1,100,,7870,4,,,1
21401,'14',1837,,7885,4,,,1,100,,7883,4,,,1,100,,7881,4,,,1,100,,7884,4,,,1,100,,7882,4,,,1
21401,'18',1837,,7890,4,,,1,100,,7888,4,,,1,100,,7886,4,,,1,100,,7889,4,,,1,100,,7887,4,,,1
21401,'20',1837,,7893,4,,,1,100,,81,4,,,1,100,,7891,4,,,1,100,,7892,4,,,1,100,,7894,4,,,1
21401,'4',737,,7899,4,,,1,100,,7907,4,,,1,100,,7903,4,,,1,100,,7898,4,,,1,100,,7900,4,,,1,100,,7906,4,,,1,100,,7905,4,,,1,100,,7896,4,,,1,100,,7902,4,,,1,100,,7895,4,,,1,100,,7904,4,,,1,100,,7901,4,,,1,100,,7897,4,,,1
21401,'8',1837,,7911,4,,,1,100,,7909,4,,,1,100,,7908,4,,,1,100,,7910,4,,,1,100,,7912,4,,,1
