11401,'14',640,,5669,10,,,1,100,,5671,10,,,1,100,,5668,10,,,1,100,,5665,10,,,1,100,,5670,10,,,1,100,,1845,10,,,1,100,,5666,10,,,1,100,,5664,10,,,1,100,,5663,10,,,1,100,,5667,10,,,1,100,,5672,10,,,1,100,,5662,10,,,1
11401,'18',640,,5681,10,,,1,100,,5683,10,,,1,100,,5680,10,,,1,100,,5677,10,,,1,100,,5682,10,,,1,100,,5673,10,,,1,100,,5678,10,,,1,100,,5676,10,,,1,100,,5675,10,,,1,100,,5679,10,,,1,100,,5684,10,,,1,100,,5674,10,,,1
11401,'20',640,,5692,10,,,1,100,,5694,10,,,1,100,,5691,10,,,1,100,,5688,10,,,1,100,,5693,10,,,1,100,,1806,10,,,1,100,,5689,10,,,1,100,,5687,10,,,1,100,,5686,10,,,1,100,,5690,10,,,1,100,,5695,10,,,1,100,,5685,10,,,1
11401,'8',640,,5704,10,,,1,100,,5706,10,,,1,100,,5703,10,,,1,100,,5700,10,,,1,100,,5705,10,,,1,100,,5696,10,,,1,100,,5701,10,,,1,100,,5699,10,,,1,100,,5698,10,,,1,100,,5702,10,,,1,100,,5707,10,,,1,100,,5697,10,,,1
21401,'11',744,,7872,21,,,1,100,,7880,21,,,1,100,,7876,21,,,1,100,,7871,21,,,1,100,,7873,21,,,1,100,,7879,21,,,1,100,,7878,21,,,1,100,,7869,21,,,1,100,,7875,21,,,1,100,,7868,21,,,1,100,,7877,21,,,1,100,,7874,21,,,1,100,,7870,21,,,1
21401,'14',1844,,7885,21,,,1,100,,7883,21,,,1,100,,7881,21,,,1,100,,7884,21,,,1,100,,7882,21,,,1
21401,'18',1844,,7890,21,,,1,100,,7888,21,,,1,100,,7886,21,,,1,100,,7889,21,,,1,100,,7887,21,,,1
21401,'20',1844,,7893,21,,,1,100,,81,21,,,1,100,,7891,21,,,1,100,,7892,21,,,1,100,,7894,21,,,1
21401,'4',744,,7899,21,,,1,100,,7907,21,,,1,100,,7903,21,,,1,100,,7898,21,,,1,100,,7900,21,,,1,100,,7906,21,,,1,100,,7905,21,,,1,100,,7896,21,,,1,100,,7902,21,,,1,100,,7895,21,,,1,100,,7904,21,,,1,100,,7901,21,,,1,100,,7897,21,,,1
21401,'8',1844,,7911,21,,,1,100,,7909,21,,,1,100,,7908,21,,,1,100,,7910,21,,,1,100,,7912,21,,,1
