10901,'14',618,,4648,3,,,1,100,,4665,3,,,1,100,,4667,3,,,1,100,,4633,3,,,1,100,,4654,3,,,1,100,,4662,3,,,1,100,,4663,3,,,1,100,,4645,3,,,1,100,,4673,3,,,1,100,,4635,3,,,1,100,,4640,3,,,1,100,,4664,3,,,1
10901,'18',618,,4696,3,,,1,100,,4713,3,,,1,100,,4715,3,,,1,100,,4676,3,,,1,100,,4702,3,,,1,100,,4710,3,,,1,100,,4711,3,,,1,100,,4691,3,,,1,100,,4721,3,,,1,100,,4679,3,,,1,100,,4686,3,,,1,100,,4712,3,,,1
10901,'20',618,,4739,3,,,1,100,,4756,3,,,1,100,,4758,3,,,1,100,,4724,3,,,1,100,,4745,3,,,1,100,,4753,3,,,1,100,,4754,3,,,1,100,,4736,3,,,1,100,,4764,3,,,1,100,,4726,3,,,1,100,,4731,3,,,1,100,,4755,3,,,1
10901,'8',618,,4787,3,,,1,100,,4804,3,,,1,100,,4806,3,,,1,100,,4767,3,,,1,100,,4793,3,,,1,100,,4801,3,,,1,100,,4802,3,,,1,100,,4782,3,,,1,100,,4812,3,,,1,100,,4770,3,,,1,100,,4777,3,,,1,100,,4803,3,,,1
20901,'11',718,,7141,3,,,1,100,,7145,3,,,1,100,,7169,3,,,1,100,,7155,3,,,1,100,,7138,3,,,1,100,,7147,3,,,1,100,,7153,3,,,1,100,,7165,3,,,1,100,,7154,3,,,1,100,,7173,3,,,1,100,,7135,3,,,1,100,,7134,3,,,1,100,,7136,3,,,1,100,,7171,3,,,1
20901,'14',1818,,7183,3,,,1,100,,166,3,,,1,100,,7182,3,,,1,100,,7187,3,,,1,100,,7192,3,,,1
20901,'18',1818,,7202,3,,,1,100,,7205,3,,,1,100,,7201,3,,,1,100,,7207,3,,,1,100,,7212,3,,,1
20901,'20',1818,,7222,3,,,1,100,,109,3,,,1,100,,7219,3,,,1,100,,1046,3,,,1,100,,7217,3,,,1
20901,'4',718,,7250,3,,,1,100,,7254,3,,,1,100,,7279,3,,,1,100,,7265,3,,,1,100,,7247,3,,,1,100,,7256,3,,,1,100,,7263,3,,,1,100,,7275,3,,,1,100,,7264,3,,,1,100,,7283,3,,,1,100,,7243,3,,,1,100,,7242,3,,,1,100,,7245,3,,,1,100,,7281,3,,,1
20901,'8',1818,,7295,3,,,1,100,,7297,3,,,1,100,,7291,3,,,1,100,,7302,3,,,1,100,,7289,3,,,1
