11601,'14',612,,6042,10,0,9 3 10 16,1,30,,6019,10,0,9 3 10 16,1,70,,6021,10,0,9 3 10 16,1,30,,6051,10,0,9 3 10 16,1,70,,6043,10,0,9 3 10 16,1,30,,262,10,0,9 3 10 16,1,70,,6018,10,0,9 3 10 16,1,30,,6035,10,0,9 3 10 16,1,70,,6027,10,0,9 3 10 16,1,30,,6053,10,0,9 3 10 16,1,70,,6047,10,0,9 3 10 16,1,30,,6046,10,0,9 3 10 16,1,70,,6024,10,0,9 3 10 16,1,30,,6031,10,0,9 3 10 16,1,70,,6044,10,0,9 3 10 16,1,30,,1209,10,0,9 3 10 16,1,70,,6020,10,0,9 3 10 16,1,30,,6032,10,0,9 3 10 16,1,70,,6052,10,0,9 3 10 16,1,30,,6040,10,0,9 3 10 16,1,70,,6034,10,0,9 3 10 16,1,30,,6033,10,0,9 3 10 16,1,70,,6026,10,0,9 3 10 16,1,30,,6025,10,0,9 3 10 16,1
11601,'18',612,,6089,10,0,9 3 10 16,1,30,,6062,10,0,9 3 10 16,1,70,,6064,10,0,9 3 10 16,1,30,,6099,10,0,9 3 10 16,1,70,,6090,10,0,9 3 10 16,1,30,,6092,10,0,9 3 10 16,1,70,,6061,10,0,9 3 10 16,1,30,,6081,10,0,9 3 10 16,1,70,,6071,10,0,9 3 10 16,1,30,,6101,10,0,9 3 10 16,1,70,,6095,10,0,9 3 10 16,1,30,,6094,10,0,9 3 10 16,1,70,,6068,10,0,9 3 10 16,1,30,,6076,10,0,9 3 10 16,1,70,,6091,10,0,9 3 10 16,1,30,,6067,10,0,9 3 10 16,1,70,,6063,10,0,9 3 10 16,1,30,,6077,10,0,9 3 10 16,1,70,,6100,10,0,9 3 10 16,1,30,,6087,10,0,9 3 10 16,1,70,,6080,10,0,9 3 10 16,1,30,,6078,10,0,9 3 10 16,1,70,,6070,10,0,9 3 10 16,1,30,,6069,10,0,9 3 10 16,1
11601,'20',612,,6132,10,0,9 3 10 16,1,30,,6109,10,0,9 3 10 16,1,70,,6111,10,0,9 3 10 16,1,30,,6141,10,0,9 3 10 16,1,70,,6133,10,0,9 3 10 16,1,30,,242,10,0,9 3 10 16,1,70,,6108,10,0,9 3 10 16,1,30,,6124,10,0,9 3 10 16,1,70,,6118,10,0,9 3 10 16,1,30,,6143,10,0,9 3 10 16,1,70,,6137,10,0,9 3 10 16,1,30,,6136,10,0,9 3 10 16,1,70,,6115,10,0,9 3 10 16,1,30,,6121,10,0,9 3 10 16,1,70,,6134,10,0,9 3 10 16,1,30,,6114,10,0,9 3 10 16,1,70,,6110,10,0,9 3 10 16,1,30,,1189,10,0,9 3 10 16,1,70,,6142,10,0,9 3 10 16,1,30,,6130,10,0,9 3 10 16,1,70,,6123,10,0,9 3 10 16,1,30,,6122,10,0,9 3 10 16,1,70,,6117,10,0,9 3 10 16,1,30,,6116,10,0,9 3 10 16,1
11601,'8',612,,6179,10,0,9 3 10 16,1,30,,6152,10,0,9 3 10 16,1,70,,6154,10,0,9 3 10 16,1,30,,6189,10,0,9 3 10 16,1,70,,6180,10,0,9 3 10 16,1,30,,6182,10,0,9 3 10 16,1,70,,6151,10,0,9 3 10 16,1,30,,6171,10,0,9 3 10 16,1,70,,6161,10,0,9 3 10 16,1,30,,6191,10,0,9 3 10 16,1,70,,6185,10,0,9 3 10 16,1,30,,6184,10,0,9 3 10 16,1,70,,6158,10,0,9 3 10 16,1,30,,6166,10,0,9 3 10 16,1,70,,6181,10,0,9 3 10 16,1,30,,6157,10,0,9 3 10 16,1,70,,6153,10,0,9 3 10 16,1,30,,6167,10,0,9 3 10 16,1,70,,6190,10,0,9 3 10 16,1,30,,6177,10,0,9 3 10 16,1,70,,6170,10,0,9 3 10 16,1,30,,6168,10,0,9 3 10 16,1,70,,6160,10,0,9 3 10 16,1,30,,6159,10,0,9 3 10 16,1
21601,'11',642,,8171,10,0,9 3 10 16,1,70,,8153,10,0,9 3 10 16,1,30,,8160,10,0,9 3 10 16,1,70,,8148,10,0,9 3 10 16,1,30,,8155,10,0,9 3 10 16,1,70,,8173,10,0,9 3 10 16,1,30,,8147,10,0,9 3 10 16,1,70,,8150,10,0,9 3 10 16,1,30,,8125,10,0,9 3 10 16,1,70,,8169,10,0,9 3 10 16,1,30,,8143,10,0,9 3 10 16,1,70,,8158,10,0,9 3 10 16,1,30,,8165,10,0,9 3 10 16,1,70,,8178,10,0,9 3 10 16,1,30,,8170,10,0,9 3 10 16,1,70,,8167,10,0,9 3 10 16,1,30,,8137,10,0,9 3 10 16,1,70,,8152,10,0,9 3 10 16,1,30,,8133,10,0,9 3 10 16,1,70,,8142,10,0,9 3 10 16,1,30,,8151,10,0,9 3 10 16,1,70,,8132,10,0,9 3 10 16,1,30,,8177,10,0,9 3 10 16,1,70,,8145,10,0,9 3 10 16,1,30,,8179,10,0,9 3 10 16,1,70,,2575,10,0,9 3 10 16,1,30,,8130,10,0,9 3 10 16,1,70,,8140,10,0,9 3 10 16,1,30,,8164,10,0,9 3 10 16,1
21601,'14',1812,,8184,10,0,9 3 10 16,1,30,,8196,10,0,9 3 10 16,1,70,,8189,10,0,9 3 10 16,1,30,,8186,10,0,9 3 10 16,1,70,,1655,10,0,9 3 10 16,1,30,,8187,10,0,9 3 10 16,1,70,,8198,10,0,9 3 10 16,1,30,,8192,10,0,9 3 10 16,1,70,,8194,10,0,9 3 10 16,1,30,,8181,10,0,9 3 10 16,1,70,,8195,10,0,9 3 10 16,1
21601,'18',1812,,8205,10,0,9 3 10 16,1,30,,8218,10,0,9 3 10 16,1,70,,8210,10,0,9 3 10 16,1,30,,8207,10,0,9 3 10 16,1,70,,8215,10,0,9 3 10 16,1,30,,8208,10,0,9 3 10 16,1,70,,8220,10,0,9 3 10 16,1,30,,8213,10,0,9 3 10 16,1,70,,8216,10,0,9 3 10 16,1,30,,8202,10,0,9 3 10 16,1,70,,8217,10,0,9 3 10 16,1
21601,'20',1812,,8226,10,0,9 3 10 16,1,30,,8238,10,0,9 3 10 16,1,70,,8231,10,0,9 3 10 16,1,30,,8228,10,0,9 3 10 16,1,70,,1609,10,0,9 3 10 16,1,30,,8229,10,0,9 3 10 16,1,70,,8240,10,0,9 3 10 16,1,30,,8234,10,0,9 3 10 16,1,70,,8236,10,0,9 3 10 16,1,30,,8223,10,0,9 3 10 16,1,70,,8237,10,0,9 3 10 16,1
21601,'4',642,,8291,10,0,9 3 10 16,1,70,,8273,10,0,9 3 10 16,1,30,,8280,10,0,9 3 10 16,1,70,,8267,10,0,9 3 10 16,1,30,,8275,10,0,9 3 10 16,1,70,,8293,10,0,9 3 10 16,1,30,,8266,10,0,9 3 10 16,1,70,,8270,10,0,9 3 10 16,1,30,,8244,10,0,9 3 10 16,1,70,,8289,10,0,9 3 10 16,1,30,,8262,10,0,9 3 10 16,1,70,,8278,10,0,9 3 10 16,1,30,,8285,10,0,9 3 10 16,1,70,,8298,10,0,9 3 10 16,1,30,,8290,10,0,9 3 10 16,1,70,,8287,10,0,9 3 10 16,1,30,,8256,10,0,9 3 10 16,1,70,,8272,10,0,9 3 10 16,1,30,,8252,10,0,9 3 10 16,1,70,,8261,10,0,9 3 10 16,1,30,,8271,10,0,9 3 10 16,1,70,,8251,10,0,9 3 10 16,1,30,,8297,10,0,9 3 10 16,1,70,,8264,10,0,9 3 10 16,1,30,,8299,10,0,9 3 10 16,1,70,,8268,10,0,9 3 10 16,1,30,,8249,10,0,9 3 10 16,1,70,,8259,10,0,9 3 10 16,1,30,,8284,10,0,9 3 10 16,1
21601,'8',1812,,8305,10,0,9 3 10 16,1,30,,8318,10,0,9 3 10 16,1,70,,8310,10,0,9 3 10 16,1,30,,8307,10,0,9 3 10 16,1,70,,8315,10,0,9 3 10 16,1,30,,8308,10,0,9 3 10 16,1,70,,8320,10,0,9 3 10 16,1,30,,8313,10,0,9 3 10 16,1,70,,8316,10,0,9 3 10 16,1,30,,8302,10,0,9 3 10 16,1,70,,8317,10,0,9 3 10 16,1
