11101,'14',622,,5112,9,,,1,30,,5103,9,,,1,70,,5114,9,,,1,30,,5119,9,,,1,70,,5107,9,,,1,30,,5102,9,,,1,70,,5110,9,,,1,30,,5118,9,,,1,70,,5120,9,,,1,30,,5108,9,,,1,70,,793,9,,,1,30,,5101,9,,,1,70,,5109,9,,,1,30,,5113,9,,,1,70,,5116,9,,,1,30,,5115,9,,,1,71,,5117,9,,,1,30,,5106,9,,,1,70,,5105,9,,,1,30,,5111,9,,,1,70,,5122,9,,,1,30,,453,9,,,1,70,,1216,9,,,1,30,,5121,9,,,1,70,,5104,9,,,1
11101,'18',622,,5136,9,,,1,30,,5126,9,,,1,70,,5138,9,,,1,30,,5144,9,,,1,70,,5130,9,,,1,30,,5124,9,,,1,70,,5133,9,,,1,30,,5143,9,,,1,70,,5145,9,,,1,30,,5131,9,,,1,70,,5140,9,,,1,30,,5123,9,,,1,70,,5132,9,,,1,30,,5137,9,,,1,70,,5141,9,,,1,30,,5139,9,,,1,71,,5142,9,,,1,30,,5129,9,,,1,70,,5128,9,,,1,30,,5135,9,,,1,70,,5147,9,,,1,30,,5125,9,,,1,70,,5134,9,,,1,30,,5146,9,,,1,70,,5127,9,,,1
11101,'20',622,,5158,9,,,1,30,,5149,9,,,1,70,,5160,9,,,1,30,,5167,9,,,1,70,,5150,9,,,1,30,,5148,9,,,1,70,,5155,9,,,1,30,,5165,9,,,1,70,,5168,9,,,1,30,,5157,9,,,1,70,,733,9,,,1,30,,5163,9,,,1,70,,5153,9,,,1,30,,5152,9,,,1,70,,5166,9,,,1,30,,510,9,,,1,71,,5164,9,,,1,30,,2557,9,,,1,70,,5161,9,,,1,30,,5151,9,,,1,70,,5154,9,,,1,30,,5156,9,,,1,70,,1864,9,,,1,30,,5162,9,,,1,70,,5159,9,,,1
11101,'8',622,,5181,9,,,1,30,,5170,9,,,1,70,,5184,9,,,1,30,,5192,9,,,1,70,,5171,9,,,1,30,,5169,9,,,1,70,,5176,9,,,1,30,,5190,9,,,1,70,,5193,9,,,1,30,,5179,9,,,1,70,,5188,9,,,1,30,,5187,9,,,1,70,,5174,9,,,1,30,,5173,9,,,1,70,,5191,9,,,1,30,,5178,9,,,1,71,,5189,9,,,1,30,,5183,9,,,1,70,,5185,9,,,1,30,,5172,9,,,1,70,,5175,9,,,1,30,,5177,9,,,1,70,,5180,9,,,1,30,,5186,9,,,1,70,,5182,9,,,1
21101,'11',722,,7590,9,,,1,30,,7598,9,,,1,70,,7592,9,,,1,30,,7591,9,,,1,70,,7577,9,,,1,30,,7597,9,,,1,70,,7594,9,,,1,30,,7600,9,,,1,70,,7578,9,,,1,30,,7589,9,,,1,70,,7595,9,,,1,30,,7581,9,,,1,70,,7593,9,,,1,30,,2377,9,,,1,70,,7596,9,,,1,30,,7601,9,,,1,70,,7576,9,,,1,30,,7582,9,,,1,70,,7588,9,,,1,30,,7586,9,,,1,70,,7587,9,,,1,30,,7583,9,,,1,70,,7579,9,,,1,30,,7580,9,,,1,70,,7599,9,,,1,30,,7584,9,,,1,70,,7585,9,,,1
21101,'14',1852,,7609,9,,,1,70,,7606,9,,,1,30,,7608,9,,,1,70,,596,9,,,1,30,,7603,9,,,1,70,,7604,9,,,1,30,,7602,9,,,1,70,,7605,9,,,1,30,,7607,9,,,1
21101,'18',1852,,7618,9,,,1,70,,7615,9,,,1,30,,7617,9,,,1,70,,7614,9,,,1,30,,7611,9,,,1,70,,7612,9,,,1,30,,7610,9,,,1,70,,7613,9,,,1,30,,7616,9,,,1
21101,'20',1852,,7623,9,,,1,70,,7624,9,,,1,30,,7626,9,,,1,70,,579,9,,,1,30,,7620,9,,,1,70,,7621,9,,,1,30,,7619,9,,,1,70,,7622,9,,,1,30,,7625,9,,,1
21101,'4',722,,7641,9,,,1,30,,7650,9,,,1,70,,7643,9,,,1,30,,7642,9,,,1,70,,7628,9,,,1,30,,7649,9,,,1,70,,7646,9,,,1,30,,7652,9,,,1,70,,7629,9,,,1,30,,7640,9,,,1,70,,7647,9,,,1,30,,7632,9,,,1,70,,7645,9,,,1,30,,7644,9,,,1,70,,7648,9,,,1,30,,7653,9,,,1,70,,7627,9,,,1,30,,7633,9,,,1,70,,7639,9,,,1,30,,7637,9,,,1,70,,7638,9,,,1,30,,7634,9,,,1,70,,7630,9,,,1,30,,7631,9,,,1,70,,7651,9,,,1,30,,7635,9,,,1,70,,7636,9,,,1
21101,'8',1852,,7659,9,,,1,70,,7660,9,,,1,30,,7662,9,,,1,70,,7658,9,,,1,30,,7655,9,,,1,70,,7656,9,,,1,30,,7654,9,,,1,70,,7657,9,,,1,30,,7661,9,,,1
