10601,'12',602,,9166,15,,,1,100,,9177,15,,,1,30,,9172,15,,,1,70,,9178,15,,,1,30,,9175,15,,,1,70,,9162,15,,,1,100,,4862,15,,,1,100,,9164,15,,,1,100,,9163,15,,,1,100,,9173,15,,,1,100,,9179,15,,,1,30,,9180,15,,,1,70,,9170,15,,,1,30,,9174,15,,,1,70,,9167,15,,,1,30,,9169,15,,,1,70,,9168,15,,,1,30,,9165,15,,,1,70,,9176,15,,,1
10601,'5',602,,9185,15,,,1,100,,9197,15,,,1,30,,9192,15,,,1,70,,9198,15,,,1,30,,9195,15,,,1,70,,9181,15,,,1,100,,9186,15,,,1,100,,9183,15,,,1,100,,9182,15,,,1,100,,9193,15,,,1,100,,9199,15,,,1,30,,9200,15,,,1,70,,9190,15,,,1,30,,9194,15,,,1,70,,9187,15,,,1,30,,9189,15,,,1,70,,9188,15,,,1,30,,9184,15,,,1,70,,9196,15,,,1
10601,'9',602,,9205,15,,,1,100,,9216,15,,,1,30,,9211,15,,,1,70,,9217,15,,,1,30,,9214,15,,,1,70,,9201,15,,,1,100,,4816,15,,,1,100,,9203,15,,,1,100,,9202,15,,,1,100,,9212,15,,,1,100,,9218,15,,,1,30,,9219,15,,,1,70,,9209,15,,,1,30,,9213,15,,,1,70,,9206,15,,,1,30,,9208,15,,,1,70,,9207,15,,,1,30,,9204,15,,,1,70,,9215,15,,,1
11201,'12',716,,10065,5,,,1,100,,10054,5,,,1,100,,10047,5,,,1,100,,10052,5,,,1,100,,10049,5,,,1,100,,10053,5,,,1,100,,10063,5,,,1,100,,10050,5,,,1,100,,10062,5,,,1,100,,10058,5,,,1,100,,10059,5,,,1
11201,'5',716,,10087,5,,,1,100,,10075,5,,,1,100,,10074,5,,,1,100,,10084,5,,,1,100,,10068,5,,,1,100,,10073,5,,,1,100,,10086,5,,,1,100,,10071,5,,,1,100,,10085,5,,,1,100,,10081,5,,,1,100,,10082,5,,,1
11201,'9',716,,10100,5,,,1,100,,10090,5,,,1,100,,10105,5,,,1,100,,10095,5,,,1,100,,10091,5,,,1,100,,10096,5,,,1,100,,10107,5,,,1,100,,10092,5,,,1,100,,10106,5,,,1,100,,10102,5,,,1,100,,10103,5,,,1
20601,'12',1832,,11178,5,,,1,70,,11175,5,,,1,30,,11181,5,,,1,70,,11183,5,,,1,30,,11179,5,,,1,70,,11172,5,,,1,30,,11182,5,,,1,70,,11177,5,,,1,30,,5642,5,,,1,70,,11170,5,,,1
20601,'5',1832,,11195,5,,,1,70,,11192,5,,,1,30,,11188,5,,,1,70,,11203,5,,,1,30,,11197,5,,,1,70,,11186,5,,,1,30,,11202,5,,,1,70,,11194,5,,,1,30,,11200,5,,,1,70,,11184,5,,,1
20601,'7',702,,11205,5,,,1,30,,11220,5,,,1,70,,11236,5,,,1,30,,11246,5,,,1,70,,11208,5,,,1,30,,11238,5,,,1,70,,11207,5,,,1,30,,11210,5,,,1,70,,11219,5,,,1,30,,11227,5,,,1,70,,11242,5,,,1,30,,11214,5,,,1,70,,11232,5,,,1,30,,11245,5,,,1,70,,11252,5,,,1,30,,11228,5,,,1,70,,2642,5,,,1,30,,11215,5,,,1,70,,11244,5,,,1,30,,7830,5,,,1,70,,11247,5,,,1,30,,11216,5,,,1,70,,11230,5,,,1,30,,11209,5,,,1,70,,11250,5,,,1,30,,11231,5,,,1,70,,11204,5,,,1,30,,11243,5,,,1
20601,'9',1832,,11263,5,,,1,70,,11260,5,,,1,30,,11257,5,,,1,70,,11268,5,,,1,30,,11265,5,,,1,70,,11256,5,,,1,30,,11267,5,,,1,70,,11262,5,,,1,30,,5619,5,,,1,70,,11254,5,,,1
