11301,'14',653,,5474,16,,,1,100,,2215,16,,,1,100,,5477,16,,,1,100,,5490,16,,,1,100,,5482,16,,,1,100,,5459,16,,,1,100,,5461,16,,,1,100,,5464,16,,,1,100,,5479,16,,,1,100,,5483,16,,,1,100,,5463,16,,,1,100,,5484,16,,,1,100,,5466,16,,,1
11301,'18',653,,5513,16,,,1,100,,5502,16,,,1,100,,5516,16,,,1,100,,5531,16,,,1,100,,5522,16,,,1,100,,5496,16,,,1,100,,5498,16,,,1,100,,5501,16,,,1,100,,5518,16,,,1,100,,5523,16,,,1,100,,5500,16,,,1,100,,5525,16,,,1,100,,5504,16,,,1
11301,'20',653,,5545,16,,,1,100,,2139,16,,,1,100,,5548,16,,,1,100,,5566,16,,,1,100,,5552,16,,,1,100,,5537,16,,,1,100,,5568,16,,,1,100,,5540,16,,,1,100,,5556,16,,,1,100,,5564,16,,,1,100,,5571,16,,,1,100,,5567,16,,,1,100,,5542,16,,,1
11301,'8',653,,5585,16,,,1,100,,5579,16,,,1,100,,5588,16,,,1,100,,5607,16,,,1,100,,5592,16,,,1,100,,5575,16,,,1,100,,5609,16,,,1,100,,5578,16,,,1,100,,5597,16,,,1,100,,5605,16,,,1,100,,5612,16,,,1,100,,5608,16,,,1,100,,5581,16,,,1
21301,'11',753,,7709,16,,,1,100,,7712,16,,,1,100,,7732,16,,,1,100,,7726,16,,,1,100,,7710,16,,,1,100,,7734,16,,,1,100,,7738,16,,,1,100,,7720,16,,,1,100,,7725,16,,,1,100,,7730,16,,,1,100,,7705,16,,,1,100,,7711,16,,,1,100,,7706,16,,,1
21301,'14',1953,,7743,16,,,1,100,,7747,16,,,1,100,,7750,16,,,1,100,,7749,16,,,1
21301,'18',1953,,7753,16,,,1,100,,7757,16,,,1,100,,7761,16,,,1,100,,7760,16,,,1
21301,'20',1953,,7764,16,,,1,100,,7768,16,,,1,100,,7771,16,,,1,100,,7770,16,,,1
21301,'4',753,,7779,16,,,1,100,,7782,16,,,1,100,,7803,16,,,1,100,,7797,16,,,1,100,,7780,16,,,1,100,,7805,16,,,1,100,,7809,16,,,1,100,,7790,16,,,1,100,,7796,16,,,1,100,,7801,16,,,1,100,,7775,16,,,1,100,,7781,16,,,1,100,,7776,16,,,1
21301,'8',1953,,7814,16,,,1,100,,7818,16,,,1,100,,7822,16,,,1,100,,7821,16,,,1
