10601,'12',604,,9166,16,,,1,100,,9177,16,,,1,30,,9172,16,,,1,70,,9178,16,,,1,30,,9175,16,,,1,70,,9162,16,,,1,100,,4862,16,,,1,100,,9164,16,,,1,100,,9163,16,,,1,100,,9173,16,,,1,100,,9179,16,,,1,30,,9180,16,,,1,70,,9170,16,,,1,30,,9174,16,,,1,70,,9167,16,,,1,30,,9169,16,,,1,70,,9168,16,,,1,30,,9165,16,,,1,70,,9176,16,,,1
10601,'5',604,,9185,16,,,1,100,,9197,16,,,1,30,,9192,16,,,1,70,,9198,16,,,1,30,,9195,16,,,1,70,,9181,16,,,1,100,,9186,16,,,1,100,,9183,16,,,1,100,,9182,16,,,1,100,,9193,16,,,1,100,,9199,16,,,1,30,,9200,16,,,1,70,,9190,16,,,1,30,,9194,16,,,1,70,,9187,16,,,1,30,,9189,16,,,1,70,,9188,16,,,1,30,,9184,16,,,1,70,,9196,16,,,1
10601,'9',604,,9205,16,,,1,100,,9216,16,,,1,30,,9211,16,,,1,70,,9217,16,,,1,30,,9214,16,,,1,70,,9201,16,,,1,100,,4816,16,,,1,100,,9203,16,,,1,100,,9202,16,,,1,100,,9212,16,,,1,100,,9218,16,,,1,30,,9219,16,,,1,70,,9209,16,,,1,30,,9213,16,,,1,70,,9206,16,,,1,30,,9208,16,,,1,70,,9207,16,,,1,30,,9204,16,,,1,70,,9215,16,,,1
11201,'12',719,,10065,6,,,1,100,,10054,6,,,1,100,,10047,6,,,1,100,,10052,6,,,1,100,,10049,6,,,1,100,,10053,6,,,1,100,,10063,6,,,1,100,,10050,6,,,1,100,,10062,6,,,1,100,,10058,6,,,1,100,,10059,6,,,1
11201,'5',719,,10087,6,,,1,100,,10075,6,,,1,100,,10074,6,,,1,100,,10084,6,,,1,100,,10068,6,,,1,100,,10073,6,,,1,100,,10086,6,,,1,100,,10071,6,,,1,100,,10085,6,,,1,100,,10081,6,,,1,100,,10082,6,,,1
11201,'9',719,,10100,6,,,1,100,,10090,6,,,1,100,,10105,6,,,1,100,,10095,6,,,1,100,,10091,6,,,1,100,,10096,6,,,1,100,,10107,6,,,1,100,,10092,6,,,1,100,,10106,6,,,1,100,,10102,6,,,1,100,,10103,6,,,1
20601,'12',1834,,11178,6,,,1,70,,11175,6,,,1,30,,11181,6,,,1,70,,11183,6,,,1,30,,11179,6,,,1,70,,11172,6,,,1,30,,11182,6,,,1,70,,11177,6,,,1,30,,5642,6,,,1,70,,11170,6,,,1
20601,'5',1834,,11195,6,,,1,70,,11192,6,,,1,30,,11188,6,,,1,70,,11203,6,,,1,30,,11197,6,,,1,70,,11186,6,,,1,30,,11202,6,,,1,70,,11194,6,,,1,30,,11200,6,,,1,70,,11184,6,,,1
20601,'7',704,,11205,6,,,1,30,,11220,6,,,1,70,,11236,6,,,1,30,,11246,6,,,1,70,,11208,6,,,1,30,,11238,6,,,1,70,,11207,6,,,1,30,,11210,6,,,1,70,,11219,6,,,1,30,,11227,6,,,1,70,,11242,6,,,1,30,,11214,6,,,1,70,,11232,6,,,1,30,,11245,6,,,1,70,,11252,6,,,1,30,,11228,6,,,1,70,,2642,6,,,1,30,,11215,6,,,1,70,,11244,6,,,1,30,,7830,6,,,1,70,,11247,6,,,1,30,,11216,6,,,1,70,,11230,6,,,1,30,,11209,6,,,1,70,,11250,6,,,1,30,,11231,6,,,1,70,,11204,6,,,1,30,,11243,6,,,1
20601,'9',1834,,11263,6,,,1,70,,11260,6,,,1,30,,11257,6,,,1,70,,11268,6,,,1,30,,11265,6,,,1,70,,11256,6,,,1,30,,11267,6,,,1,70,,11262,6,,,1,30,,5619,6,,,1,70,,11254,6,,,1
