10100,'14',703,,2603,6,,,1,30,,2868,6,,,1,70,,1656,6,,,1,30,,2872,6,,,1,70,,2869,6,,,1,30,,2880,6,,,1,70,,2878,6,,,1,100,,2873,6,,,1,100,,2881,6,,,1,100,,2877,6,,,1,100,,2876,6,,,1,100,,2867,6,,,1,30,,2875,6,,,1,70,,2879,6,,,1,30,,2882,6,,,1,70,,2870,6,,,1,30,,2871,6,,,1,70,,2874,6,,,1
10100,'18',703,,2890,6,,,1,30,,2884,6,,,1,70,,2895,6,,,1,30,,2888,6,,,1,70,,2885,6,,,1,30,,2898,6,,,1,70,,2896,6,,,1,100,,2889,6,,,1,100,,2899,6,,,1,100,,2894,6,,,1,100,,2893,6,,,1,100,,2883,6,,,1,30,,2892,6,,,1,70,,2897,6,,,1,30,,2900,6,,,1,70,,2886,6,,,1,30,,2887,6,,,1,70,,2891,6,,,1
10100,'20',703,,2552,6,,,1,30,,2902,6,,,1,70,,1610,6,,,1,30,,2906,6,,,1,70,,2903,6,,,1,30,,2914,6,,,1,70,,2912,6,,,1,100,,2907,6,,,1,100,,2915,6,,,1,100,,2911,6,,,1,100,,2910,6,,,1,100,,2901,6,,,1,30,,2909,6,,,1,70,,2913,6,,,1,30,,2916,6,,,1,70,,2904,6,,,1,30,,2905,6,,,1,70,,2908,6,,,1
10100,'8',703,,2924,6,,,1,30,,2918,6,,,1,70,,2929,6,,,1,30,,2922,6,,,1,70,,2919,6,,,1,30,,2932,6,,,1,70,,2930,6,,,1,100,,2923,6,,,1,100,,2933,6,,,1,100,,2928,6,,,1,100,,2927,6,,,1,100,,2917,6,,,1,30,,2926,6,,,1,70,,2931,6,,,1,30,,2934,6,,,1,70,,2920,6,,,1,30,,2921,6,,,1,70,,2925,6,,,1
10600,'14',638,,3956,6,,,1,100,,3951,6,,,1,70,,850,6,,,1,30,,3952,6,,,1,70,,3955,6,,,1,30,,3945,6,,,1,100,,3954,6,,,1,100,,3953,6,,,1,100,,3944,6,,,1,100,,3949,6,,,1,100,,3948,6,,,1,70,,3943,6,,,1,30,,3946,6,,,1,70,,3942,6,,,1,32,,1074,6,,,1,68,,3950,6,,,1,32,,3947,6,,,1
10600,'18',638,,3973,6,,,1,100,,3967,6,,,1,70,,3963,6,,,1,30,,3968,6,,,1,70,,3971,6,,,1,30,,3960,6,,,1,100,,3970,6,,,1,100,,3969,6,,,1,100,,3959,6,,,1,100,,3965,6,,,1,100,,3964,6,,,1,70,,3958,6,,,1,30,,3961,6,,,1,70,,3957,6,,,1,32,,3972,6,,,1,68,,3966,6,,,1,32,,3962,6,,,1
10600,'20',638,,3988,6,,,1,100,,3983,6,,,1,70,,820,6,,,1,30,,3984,6,,,1,70,,3987,6,,,1,30,,3977,6,,,1,100,,3986,6,,,1,100,,3985,6,,,1,100,,3976,6,,,1,100,,3981,6,,,1,100,,3980,6,,,1,70,,3975,6,,,1,30,,3978,6,,,1,70,,3974,6,,,1,32,,1049,6,,,1,68,,3982,6,,,1,32,,3979,6,,,1
10600,'8',638,,4005,6,,,1,100,,3999,6,,,1,70,,3995,6,,,1,30,,4000,6,,,1,70,,4003,6,,,1,30,,3992,6,,,1,100,,4002,6,,,1,100,,4001,6,,,1,100,,3991,6,,,1,100,,3997,6,,,1,100,,3996,6,,,1,70,,3990,6,,,1,30,,3993,6,,,1,70,,3989,6,,,1,32,,4004,6,,,1,68,,3998,6,,,1,32,,3994,6,,,1
20600,'11',738,,6836,6,,,1,70,,6823,6,,,1,30,,6840,6,,,1,70,,6839,6,,,1,30,,6820,6,,,1,70,,6821,6,,,1,30,,6835,6,,,1,71,,6816,6,,,1,29,,6830,6,,,1,70,,6818,6,,,1,30,,6815,6,,,1,70,,6826,6,,,1,30,,6831,6,,,1,71,,6838,6,,,1,29,,6827,6,,,1,70,,6833,6,,,1,30,,6817,6,,,1,70,,6819,6,,,1,30,,6832,6,,,1,70,,6828,6,,,1,30,,6824,6,,,1,70,,6837,6,,,1,31,,6822,6,,,1,69,,6834,6,,,1,30,,6829,6,,,1,70,,6825,6,,,1
20600,'14',1809,,6841,6,,,1,29,,6848,6,,,1,70,,6846,6,,,1,31,,6842,6,,,1,70,,6849,6,,,1,30,,6844,6,,,1,69,,6847,6,,,1,30,,477,6,,,1,70,,6845,6,,,1,30,,6843,6,,,1
20600,'18',1809,,6850,6,,,1,29,,6858,6,,,1,70,,6856,6,,,1,31,,6851,6,,,1,70,,6859,6,,,1,30,,6853,6,,,1,69,,6857,6,,,1,30,,6855,6,,,1,70,,6854,6,,,1,30,,6852,6,,,1
20600,'20',1809,,6860,6,,,1,29,,6867,6,,,1,70,,6865,6,,,1,31,,6861,6,,,1,70,,6868,6,,,1,30,,6863,6,,,1,69,,6866,6,,,1,30,,439,6,,,1,70,,6864,6,,,1,30,,6862,6,,,1
20600,'4',738,,6890,6,,,1,70,,6877,6,,,1,30,,6894,6,,,1,70,,6893,6,,,1,30,,6874,6,,,1,70,,6875,6,,,1,30,,6889,6,,,1,71,,6870,6,,,1,29,,6884,6,,,1,70,,6872,6,,,1,30,,6869,6,,,1,70,,6880,6,,,1,30,,6885,6,,,1,71,,6892,6,,,1,29,,6881,6,,,1,70,,6887,6,,,1,30,,6871,6,,,1,70,,6873,6,,,1,30,,6886,6,,,1,70,,6882,6,,,1,30,,6878,6,,,1,70,,6891,6,,,1,31,,6876,6,,,1,69,,6888,6,,,1,30,,6883,6,,,1,70,,6879,6,,,1
20600,'8',1809,,6895,6,,,1,29,,6903,6,,,1,70,,6901,6,,,1,31,,6896,6,,,1,70,,6904,6,,,1,30,,6898,6,,,1,69,,6902,6,,,1,30,,6900,6,,,1,70,,6899,6,,,1,30,,6897,6,,,1
