10701,'14',559,,6706,,,1,100,,6701,,,1,70,,4105,,,1,30,,6687,,,1,70,,6704,,,1,30,,6689,,,1,100,,6711,,,1,100,,6671,,,1,100,,6677,,,1,100,,6696,,,1,100,,6714,,,1,70,,6719,,,1,30,,6675,,,1,70,,6692,,,1,30,,6720,,,1,70,,6691,,,1,30,,6700,,,1,70,,6668,,,1,30,,6710,,,1,100,,6712,,,1
10701,'18',559,,6767,,,1,100,,6760,,,1,70,,6752,,,1,30,,6744,,,1,70,,6764,,,1,30,,6746,,,1,100,,6771,,,1,100,,6728,,,1,100,,6734,,,1,100,,6754,,,1,100,,6774,,,1,70,,6779,,,1,30,,6732,,,1,70,,6749,,,1,30,,6780,,,1,70,,6748,,,1,30,,6758,,,1,70,,6725,,,1,30,,6770,,,1,100,,6772,,,1
10701,'20',559,,6822,,,1,100,,6818,,,1,70,,4066,,,1,30,,6804,,,1,70,,6821,,,1,30,,6806,,,1,100,,6828,,,1,100,,6788,,,1,100,,6794,,,1,100,,6813,,,1,100,,6831,,,1,70,,6836,,,1,30,,6792,,,1,70,,6809,,,1,30,,6837,,,1,70,,6808,,,1,30,,6817,,,1,70,,6785,,,1,30,,6827,,,1,100,,6829,,,1
10701,'8',559,,6884,,,1,100,,6877,,,1,70,,6869,,,1,30,,6861,,,1,70,,6881,,,1,30,,6863,,,1,100,,6888,,,1,100,,6845,,,1,100,,6851,,,1,100,,6871,,,1,100,,6891,,,1,70,,6896,,,1,30,,6849,,,1,70,,6866,,,1,30,,6897,,,1,70,,6865,,,1,30,,6875,,,1,70,,6842,,,1,30,,6887,,,1,100,,6889,,,1
21401,'11',740,,10395,,,1,100,,10403,,,1,100,,10399,,,1,100,,10394,,,1,100,,10396,,,1,100,,10402,,,1,100,,10401,,,1,100,,10392,,,1,100,,10398,,,1,100,,10391,,,1,100,,10400,,,1,100,,10397,,,1,100,,10393,,,1
21401,'14',1840,,10408,,,1,100,,10406,,,1,100,,10404,,,1,100,,10407,,,1,100,,10405,,,1
21401,'18',1840,,10413,,,1,100,,10411,,,1,100,,10409,,,1,100,,10412,,,1,100,,10410,,,1
21401,'20',1840,,10416,,,1,100,,2939,,,1,100,,10414,,,1,100,,10415,,,1,100,,10417,,,1
21401,'4',740,,10422,,,1,100,,10430,,,1,100,,10426,,,1,100,,10421,,,1,100,,10423,,,1,100,,10429,,,1,100,,10428,,,1,100,,10419,,,1,100,,10425,,,1,100,,10418,,,1,100,,10427,,,1,100,,10424,,,1,100,,10420,,,1
21401,'8',1840,,10434,,,1,100,,10432,,,1,100,,10431,,,1,100,,10433,,,1,100,,10435,,,1
