10201,'14',632,,3009,4,0,7 1 8,1,70,,3015,4,0,7 1 8,1,30,,1623,4,0,7 1 8,1,70,,3007,4,0,7 1 8,1,30,,3052,4,0,7 1 8,1,70,,3048,4,0,7 1 8,1,30,,3028,4,0,7 1 8,1,100,,3049,4,0,7 1 8,1,100,,3027,4,0,7 1 8,1,100,,3024,4,0,7 1 8,1,100,,3042,4,0,7 1 8,1,100,,1632,4,0,7 1 8,1,70,,3030,4,0,7 1 8,1,30,,3017,4,0,7 1 8,1,70,,3034,4,0,7 1 8,1,30,,3039,4,0,7 1 8,1,70,,3020,4,0,7 1 8,1,30,,3033,4,0,7 1 8,1
10201,'18',632,,3061,4,0,7 1 8,1,70,,3068,4,0,7 1 8,1,30,,3056,4,0,7 1 8,1,70,,3059,4,0,7 1 8,1,30,,3109,4,0,7 1 8,1,70,,3105,4,0,7 1 8,1,30,,3085,4,0,7 1 8,1,100,,3106,4,0,7 1 8,1,100,,3084,4,0,7 1 8,1,100,,3081,4,0,7 1 8,1,100,,3099,4,0,7 1 8,1,100,,3071,4,0,7 1 8,1,70,,3087,4,0,7 1 8,1,30,,3070,4,0,7 1 8,1,70,,3091,4,0,7 1 8,1,30,,3096,4,0,7 1 8,1,70,,3077,4,0,7 1 8,1,30,,3090,4,0,7 1 8,1
10201,'20',632,,3117,4,0,7 1 8,1,70,,3123,4,0,7 1 8,1,30,,1577,4,0,7 1 8,1,70,,3115,4,0,7 1 8,1,30,,3161,4,0,7 1 8,1,70,,3157,4,0,7 1 8,1,30,,3137,4,0,7 1 8,1,100,,3158,4,0,7 1 8,1,100,,3136,4,0,7 1 8,1,100,,3133,4,0,7 1 8,1,100,,3151,4,0,7 1 8,1,100,,1586,4,0,7 1 8,1,70,,3139,4,0,7 1 8,1,30,,3125,4,0,7 1 8,1,70,,3143,4,0,7 1 8,1,30,,3148,4,0,7 1 8,1,70,,3129,4,0,7 1 8,1,30,,3142,4,0,7 1 8,1
10201,'8',632,,3170,4,0,7 1 8,1,70,,3177,4,0,7 1 8,1,30,,3165,4,0,7 1 8,1,70,,3168,4,0,7 1 8,1,30,,3218,4,0,7 1 8,1,70,,3214,4,0,7 1 8,1,30,,3194,4,0,7 1 8,1,100,,3215,4,0,7 1 8,1,100,,3193,4,0,7 1 8,1,100,,3190,4,0,7 1 8,1,100,,3208,4,0,7 1 8,1,100,,3180,4,0,7 1 8,1,70,,3196,4,0,7 1 8,1,30,,3179,4,0,7 1 8,1,70,,3200,4,0,7 1 8,1,30,,3205,4,0,7 1 8,1,70,,3186,4,0,7 1 8,1,30,,3199,4,0,7 1 8,1
10401,'14',617,,3472,4,,,1,30,,886,4,,,1,70,,3499,4,,,1,30,,1115,4,,,1,70,,3466,4,,,1,30,,3490,4,,,1,70,,3484,4,,,1,30,,3485,4,,,1,70,,481,4,,,1,30,,3473,4,,,1,70,,3477,4,,,1,30,,1282,4,,,1,70,,3486,4,,,1,30,,3464,4,,,1,70,,3479,4,,,1,30,,3483,4,,,1,70,,3492,4,,,1,30,,3497,4,,,1,70,,3478,4,,,1,30,,3489,4,,,1,70,,3471,4,,,1,30,,3491,4,,,1,70,,3496,4,,,1,30,,3462,4,,,1,70,,3469,4,,,1
10401,'18',617,,3518,4,,,1,30,,3509,4,,,1,70,,3549,4,,,1,30,,3538,4,,,1,70,,3510,4,,,1,30,,3540,4,,,1,70,,3532,4,,,1,30,,3533,4,,,1,70,,3535,4,,,1,30,,3519,4,,,1,70,,3523,4,,,1,30,,3528,4,,,1,70,,3534,4,,,1,30,,3507,4,,,1,70,,3525,4,,,1,30,,3531,4,,,1,70,,3542,4,,,1,30,,3547,4,,,1,70,,3524,4,,,1,30,,3539,4,,,1,70,,3517,4,,,1,30,,3541,4,,,1,70,,3546,4,,,1,30,,3505,4,,,1,70,,3515,4,,,1
10401,'20',617,,3565,4,,,1,30,,867,4,,,1,70,,3592,4,,,1,30,,1090,4,,,1,70,,3559,4,,,1,30,,3583,4,,,1,70,,3577,4,,,1,30,,3578,4,,,1,70,,443,4,,,1,30,,3566,4,,,1,70,,3570,4,,,1,30,,1261,4,,,1,70,,3579,4,,,1,30,,3557,4,,,1,70,,3572,4,,,1,30,,3576,4,,,1,70,,3585,4,,,1,30,,3590,4,,,1,70,,3571,4,,,1,30,,3582,4,,,1,70,,3564,4,,,1,30,,3584,4,,,1,70,,3589,4,,,1,30,,3555,4,,,1,70,,3562,4,,,1
10401,'8',617,,3611,4,,,1,30,,3602,4,,,1,70,,3642,4,,,1,30,,3631,4,,,1,70,,3603,4,,,1,30,,3633,4,,,1,70,,3625,4,,,1,30,,3626,4,,,1,70,,3628,4,,,1,30,,3612,4,,,1,70,,3616,4,,,1,30,,3621,4,,,1,70,,3627,4,,,1,30,,3600,4,,,1,70,,3618,4,,,1,30,,3624,4,,,1,70,,3635,4,,,1,30,,3640,4,,,1,70,,3617,4,,,1,30,,3632,4,,,1,70,,3610,4,,,1,30,,3634,4,,,1,70,,3639,4,,,1,30,,3598,4,,,1,70,,3608,4,,,1
20401,'11',717,,6480,4,,,1,30,,6470,4,,,1,70,,6512,4,,,1,30,,6514,4,,,1,70,,6496,4,,,1,30,,6508,4,,,1,70,,6464,4,,,1,30,,6492,4,,,1,70,,6472,4,,,1,30,,6468,4,,,1,70,,6477,4,,,1,30,,6497,4,,,1,70,,6515,4,,,1,30,,6489,4,,,1,70,,6502,4,,,1,30,,6479,4,,,1,70,,6516,4,,,1,30,,6506,4,,,1,70,,6485,4,,,1,30,,6501,4,,,1,70,,6503,4,,,1,30,,6493,4,,,1,70,,6500,4,,,1,30,,6478,4,,,1,70,,6487,4,,,1,30,,6471,4,,,1,70,,6469,4,,,1,30,,6463,4,,,1
20401,'14',1847,,6523,4,,,1,70,,6526,4,,,1,30,,6531,4,,,1,70,,6518,4,,,1,30,,767,4,,,1,70,,6528,4,,,1,30,,455,4,,,1,70,,6520,4,,,1,30,,6522,4,,,1,70,,6530,4,,,1
20401,'18',1847,,6543,4,,,1,70,,6546,4,,,1,30,,6551,4,,,1,70,,6537,4,,,1,30,,6540,4,,,1,70,,6548,4,,,1,30,,6534,4,,,1,70,,6539,4,,,1,30,,6542,4,,,1,70,,6550,4,,,1
20401,'20',1847,,6559,4,,,1,70,,6562,4,,,1,30,,6567,4,,,1,70,,6555,4,,,1,30,,707,4,,,1,70,,6564,4,,,1,30,,417,4,,,1,70,,813,4,,,1,30,,6558,4,,,1,70,,6566,4,,,1
20401,'4',717,,6588,4,,,1,30,,6578,4,,,1,70,,6621,4,,,1,30,,6623,4,,,1,70,,6604,4,,,1,30,,6617,4,,,1,70,,6572,4,,,1,30,,6600,4,,,1,70,,6580,4,,,1,30,,6576,4,,,1,70,,6585,4,,,1,30,,6605,4,,,1,70,,6624,4,,,1,30,,6597,4,,,1,70,,6611,4,,,1,30,,6587,4,,,1,70,,6625,4,,,1,30,,6615,4,,,1,70,,6593,4,,,1,30,,6610,4,,,1,70,,6612,4,,,1,30,,6601,4,,,1,70,,6609,4,,,1,30,,6586,4,,,1,70,,6595,4,,,1,30,,6579,4,,,1,70,,6577,4,,,1,30,,6571,4,,,1
20401,'8',1847,,6635,4,,,1,70,,6638,4,,,1,30,,6643,4,,,1,70,,6629,4,,,1,30,,6632,4,,,1,70,,6640,4,,,1,30,,6626,4,,,1,70,,6631,4,,,1,30,,6634,4,,,1,70,,6642,4,,,1
