10501,'14',617,,3799,4,0,14 15 16,1,100,,3797,4,0,14 15 16,1,30,,3801,4,0,14 15 16,1,70,,3827,4,0,14 15 16,1,30,,1733,4,0,14 15 16,1,70,,1161,4,0,14 15 16,1,30,,3803,4,0,14 15 16,1,70,,3800,4,0,14 15 16,1,100,,3817,4,0,14 15 16,1,100,,3815,4,0,14 15 16,1,100,,3810,4,0,14 15 16,1,100,,3805,4,0,14 15 16,1,100,,3807,4,0,14 15 16,1,30,,3809,4,0,14 15 16,1,70,,3808,4,0,14 15 16,1,30,,3804,4,0,14 15 16,1,70,,3802,4,0,14 15 16,1,30,,3824,4,0,14 15 16,1,70,,3795,4,0,14 15 16,1
10501,'18',617,,3835,4,0,14 15 16,1,100,,3833,4,0,14 15 16,1,30,,3837,4,0,14 15 16,1,70,,3865,4,0,14 15 16,1,30,,3851,4,0,14 15 16,1,70,,3838,4,0,14 15 16,1,30,,3840,4,0,14 15 16,1,70,,3836,4,0,14 15 16,1,100,,3855,4,0,14 15 16,1,100,,3853,4,0,14 15 16,1,100,,3847,4,0,14 15 16,1,100,,3842,4,0,14 15 16,1,100,,3844,4,0,14 15 16,1,30,,3846,4,0,14 15 16,1,70,,3845,4,0,14 15 16,1,30,,3841,4,0,14 15 16,1,70,,3839,4,0,14 15 16,1,30,,3862,4,0,14 15 16,1,70,,3831,4,0,14 15 16,1
10501,'20',617,,3873,4,0,14 15 16,1,100,,3871,4,0,14 15 16,1,30,,3875,4,0,14 15 16,1,70,,3901,4,0,14 15 16,1,30,,1685,4,0,14 15 16,1,70,,1133,4,0,14 15 16,1,30,,3877,4,0,14 15 16,1,70,,3874,4,0,14 15 16,1,100,,3891,4,0,14 15 16,1,100,,3889,4,0,14 15 16,1,100,,3884,4,0,14 15 16,1,100,,3879,4,0,14 15 16,1,100,,3881,4,0,14 15 16,1,30,,3883,4,0,14 15 16,1,70,,3882,4,0,14 15 16,1,30,,3878,4,0,14 15 16,1,70,,3876,4,0,14 15 16,1,30,,3898,4,0,14 15 16,1,70,,3869,4,0,14 15 16,1
10501,'8',617,,3909,4,0,14 15 16,1,100,,3907,4,0,14 15 16,1,30,,3911,4,0,14 15 16,1,70,,3939,4,0,14 15 16,1,30,,3925,4,0,14 15 16,1,70,,3912,4,0,14 15 16,1,30,,3914,4,0,14 15 16,1,70,,3910,4,0,14 15 16,1,100,,3929,4,0,14 15 16,1,100,,3927,4,0,14 15 16,1,100,,3921,4,0,14 15 16,1,100,,3916,4,0,14 15 16,1,100,,3918,4,0,14 15 16,1,30,,3920,4,0,14 15 16,1,70,,3919,4,0,14 15 16,1,30,,3915,4,0,14 15 16,1,70,,3913,4,0,14 15 16,1,30,,3936,4,0,14 15 16,1,70,,3905,4,0,14 15 16,1
20501,'11',717,,6737,4,,,1,100,,6733,4,,,1,100,,6731,4,,,1,100,,6729,4,,,1,100,,6754,4,,,1,100,,6739,4,,,1,100,,6744,4,,,1,100,,6746,4,,,1,100,,6736,4,,,1,100,,2688,4,,,1,100,,6745,4,,,1,100,,6749,4,,,1,100,,6743,4,,,1,100,,6741,4,,,1
20501,'14',1917,,6761,4,,,1,100,,6757,4,,,1,100,,6758,4,,,1,100,,6759,4,,,1
20501,'18',1917,,6769,4,,,1,100,,6765,4,,,1,100,,6766,4,,,1,100,,6767,4,,,1
20501,'20',1917,,6777,4,,,1,100,,6773,4,,,1,100,,6774,4,,,1,100,,6775,4,,,1
20501,'4',717,,6788,4,,,1,100,,6784,4,,,1,100,,6782,4,,,1,100,,6779,4,,,1,100,,6806,4,,,1,100,,6790,4,,,1,100,,6795,4,,,1,100,,6798,4,,,1,100,,6787,4,,,1,100,,6781,4,,,1,100,,6797,4,,,1,100,,6801,4,,,1,100,,6794,4,,,1,100,,6792,4,,,1
20501,'8',1917,,6813,4,,,1,100,,6809,4,,,1,100,,6810,4,,,1,100,,6811,4,,,1
