10501,'14',629,,6342,0,14 15 16,1,100,,6343,0,14 15 16,1,30,,6351,0,14 15 16,1,70,,6339,0,14 15 16,1,30,,6321,0,14 15 16,1,70,,6329,0,14 15 16,1,30,,6349,0,14 15 16,1,70,,6335,0,14 15 16,1,100,,6319,0,14 15 16,1,100,,6334,0,14 15 16,1,100,,6337,0,14 15 16,1,100,,6317,0,14 15 16,1,100,,6336,0,14 15 16,1,30,,6346,0,14 15 16,1,70,,6345,0,14 15 16,1,30,,6344,0,14 15 16,1,70,,6341,0,14 15 16,1,30,,6352,0,14 15 16,1,70,,6348,0,14 15 16,1
10501,'18',629,,6380,0,14 15 16,1,100,,6381,0,14 15 16,1,30,,6389,0,14 15 16,1,70,,6377,0,14 15 16,1,30,,6357,0,14 15 16,1,70,,6366,0,14 15 16,1,30,,6387,0,14 15 16,1,70,,6372,0,14 15 16,1,100,,6355,0,14 15 16,1,100,,6371,0,14 15 16,1,100,,6375,0,14 15 16,1,100,,6353,0,14 15 16,1,100,,6373,0,14 15 16,1,30,,6384,0,14 15 16,1,70,,6383,0,14 15 16,1,30,,6382,0,14 15 16,1,70,,6379,0,14 15 16,1,30,,6390,0,14 15 16,1,70,,6386,0,14 15 16,1
10501,'20',629,,6416,0,14 15 16,1,100,,6417,0,14 15 16,1,30,,6425,0,14 15 16,1,70,,6413,0,14 15 16,1,30,,6395,0,14 15 16,1,70,,6403,0,14 15 16,1,30,,6423,0,14 15 16,1,70,,6409,0,14 15 16,1,100,,6393,0,14 15 16,1,100,,6408,0,14 15 16,1,100,,6411,0,14 15 16,1,100,,6391,0,14 15 16,1,100,,6410,0,14 15 16,1,30,,6420,0,14 15 16,1,70,,6419,0,14 15 16,1,30,,6418,0,14 15 16,1,70,,6415,0,14 15 16,1,30,,6426,0,14 15 16,1,70,,6422,0,14 15 16,1
10501,'8',629,,6454,0,14 15 16,1,100,,6455,0,14 15 16,1,30,,6463,0,14 15 16,1,70,,6451,0,14 15 16,1,30,,6431,0,14 15 16,1,70,,6440,0,14 15 16,1,30,,6461,0,14 15 16,1,70,,6446,0,14 15 16,1,100,,6429,0,14 15 16,1,100,,6445,0,14 15 16,1,100,,6449,0,14 15 16,1,100,,6427,0,14 15 16,1,100,,6447,0,14 15 16,1,30,,6458,0,14 15 16,1,70,,6457,0,14 15 16,1,30,,6456,0,14 15 16,1,70,,6453,0,14 15 16,1,30,,6464,0,14 15 16,1,70,,6460,0,14 15 16,1
20501,'11',728,,9274,,,1,100,,9275,,,1,100,,9261,,,1,100,,5065,,,1,100,,9276,,,1,100,,9273,,,1,100,,9263,,,1,100,,9271,,,1,100,,9253,,,1,100,,9258,,,1,100,,9257,,,1,100,,9255,,,1,100,,9265,,,1,100,,9270,,,1
20501,'14',1928,,9279,,,1,100,,9285,,,1,100,,9278,,,1,100,,9283,,,1
20501,'18',1928,,9287,,,1,100,,9293,,,1,100,,9286,,,1,100,,9291,,,1
20501,'20',1928,,9295,,,1,100,,9301,,,1,100,,9294,,,1,100,,9299,,,1
20501,'4',728,,9326,,,1,100,,9327,,,1,100,,9312,,,1,100,,9319,,,1,100,,9328,,,1,100,,9325,,,1,100,,9314,,,1,100,,9323,,,1,100,,9303,,,1,100,,9309,,,1,100,,9308,,,1,100,,9306,,,1,100,,9316,,,1,100,,9322,,,1
20501,'8',1928,,9331,,,1,100,,9337,,,1,100,,9330,,,1,100,,9335,,,1
