10500,'14',603,,3682,13,,,1,100,,3668,13,,,1,30,,3649,13,,,1,70,,3679,13,,,1,30,,3650,13,,,1,70,,3678,13,,,1,30,,3665,13,,,1,70,,3648,13,,,1,100,,3664,13,,,1,100,,1449,13,,,1,100,,3662,13,,,1,100,,3661,13,,,1,100,,3657,13,,,1,30,,3653,13,,,1,70,,3667,13,,,1,30,,3671,13,,,1,70,,1017,13,,,1,30,,3660,13,,,1,70,,3680,13,,,1
10500,'18',603,,3720,13,,,1,100,,3704,13,,,1,30,,3684,13,,,1,70,,3717,13,,,1,30,,3685,13,,,1,70,,3716,13,,,1,30,,3700,13,,,1,70,,3683,13,,,1,100,,3699,13,,,1,100,,3707,13,,,1,100,,3697,13,,,1,100,,3696,13,,,1,100,,3692,13,,,1,30,,3688,13,,,1,70,,3703,13,,,1,30,,3709,13,,,1,70,,3705,13,,,1,30,,3695,13,,,1,70,,3718,13,,,1
10500,'20',603,,3755,13,,,1,100,,3740,13,,,1,30,,3722,13,,,1,70,,3752,13,,,1,30,,3723,13,,,1,70,,3751,13,,,1,30,,3737,13,,,1,70,,3721,13,,,1,100,,3736,13,,,1,100,,3742,13,,,1,100,,3734,13,,,1,100,,3733,13,,,1,100,,3729,13,,,1,30,,806,13,,,1,70,,3739,13,,,1,30,,3744,13,,,1,70,,969,13,,,1,30,,3732,13,,,1,70,,3753,13,,,1
10500,'8',603,,3793,13,,,1,100,,3777,13,,,1,30,,3757,13,,,1,70,,3790,13,,,1,30,,3758,13,,,1,70,,3789,13,,,1,30,,3773,13,,,1,70,,3756,13,,,1,100,,3772,13,,,1,100,,3780,13,,,1,100,,3770,13,,,1,100,,3769,13,,,1,100,,3765,13,,,1,30,,3761,13,,,1,70,,3776,13,,,1,30,,3782,13,,,1,70,,3778,13,,,1,30,,3768,13,,,1,70,,3791,13,,,1
20500,'11',702,,6648,10,,,1,100,,6658,10,,,1,100,,6654,10,,,1,100,,6662,10,,,1,100,,6667,10,,,1,100,,6647,10,,,1,100,,6668,10,,,1,100,,6663,10,,,1,100,,6669,10,,,1,100,,6646,10,,,1,100,,2735,10,,,1,100,,6665,10,,,1,100,,2642,10,,,1,100,,6650,10,,,1
20500,'14',1902,,6671,10,,,1,100,,6672,10,,,1,100,,1735,10,,,1,100,,6677,10,,,1
20500,'18',1902,,6678,10,,,1,100,,6679,10,,,1,100,,6682,10,,,1,100,,6685,10,,,1
20500,'20',1902,,6686,10,,,1,100,,6687,10,,,1,100,,1687,10,,,1,100,,6692,10,,,1
20500,'4',702,,6696,10,,,1,100,,6707,10,,,1,100,,6703,10,,,1,100,,6711,10,,,1,100,,6717,10,,,1,100,,6695,10,,,1,100,,6718,10,,,1,100,,6712,10,,,1,100,,6719,10,,,1,100,,6693,10,,,1,100,,6713,10,,,1,100,,6715,10,,,1,100,,6694,10,,,1,100,,6699,10,,,1
20500,'8',1902,,6721,10,,,1,100,,6722,10,,,1,100,,6725,10,,,1,100,,6728,10,,,1
