10400,'10',630,,12241,2,0,11 12,1,70,,12249,2,0,11 12,1,30,,12246,2,0,11 12,1,70,,9530,2,0,11 12,1,30,,12250,2,0,11 12,1,70,,12244,2,0,11 12,1,30,,12252,2,0,11 12,1,70,,12235,2,0,11 12,1,30,,12238,2,0,11 12,1,70,,12255,2,0,11 12,1,30,,8643,2,0,11 12,1,70,,12254,2,0,11 12,1,30,,12251,2,0,11 12,1,70,,12242,2,0,11 12,1,30,,12253,2,0,11 12,1,70,,3299,2,0,11 12,1,30,,12247,2,0,11 12,1,70,,12237,2,0,11 12,1,30,,12243,2,0,11 12,1,70,,12240,2,0,11 12,1,30,,8587,2,0,11 12,1,70,,12245,2,0,11 12,1,30,,12236,2,0,11 12,1,70,,12239,2,0,11 12,1,30,,12248,2,0,11 12,1
10400,'13',630,,12262,2,0,11 12,1,70,,12270,2,0,11 12,1,30,,12267,2,0,11 12,1,70,,9463,2,0,11 12,1,30,,12271,2,0,11 12,1,70,,12265,2,0,11 12,1,30,,12273,2,0,11 12,1,70,,12256,2,0,11 12,1,30,,12259,2,0,11 12,1,70,,12276,2,0,11 12,1,30,,8605,2,0,11 12,1,70,,12275,2,0,11 12,1,30,,12272,2,0,11 12,1,70,,12263,2,0,11 12,1,30,,12274,2,0,11 12,1,70,,3336,2,0,11 12,1,30,,12268,2,0,11 12,1,70,,12258,2,0,11 12,1,30,,12264,2,0,11 12,1,70,,12261,2,0,11 12,1,30,,8475,2,0,11 12,1,70,,12266,2,0,11 12,1,30,,12257,2,0,11 12,1,70,,12260,2,0,11 12,1,30,,12269,2,0,11 12,1
11601,'10',626,,13550,2,0,13,1,30,,3018,2,0,13,1,70,,13515,2,0,13,1,30,,13533,2,0,13,1,70,,13522,2,0,13,1,30,,13505,2,0,13,1,70,,13537,2,0,13,1,30,,13509,2,0,13,1,70,,13542,2,0,13,1,30,,13520,2,0,13,1,70,,13536,2,0,13,1,30,,13514,2,0,13,1,70,,13528,2,0,13,1,30,,13531,2,0,13,1,70,,13527,2,0,13,1,30,,13519,2,0,13,1,70,,13525,2,0,13,1,30,,13544,2,0,13,1,70,,13518,2,0,13,1,30,,13538,2,0,13,1,70,,10494,2,0,13,1,30,,13507,2,0,13,1,70,,13545,2,0,13,1,30,,13508,2,0,13,1
11601,'13',626,,13596,2,0,13,1,30,,3126,2,0,13,1,70,,13561,2,0,13,1,30,,13579,2,0,13,1,70,,13568,2,0,13,1,30,,13551,2,0,13,1,70,,13583,2,0,13,1,30,,13555,2,0,13,1,70,,13588,2,0,13,1,30,,13566,2,0,13,1,70,,13582,2,0,13,1,30,,13560,2,0,13,1,70,,13574,2,0,13,1,30,,13577,2,0,13,1,70,,13573,2,0,13,1,30,,13565,2,0,13,1,70,,13571,2,0,13,1,30,,13590,2,0,13,1,70,,13564,2,0,13,1,30,,13584,2,0,13,1,70,,10424,2,0,13,1,30,,13553,2,0,13,1,70,,13591,2,0,13,1,30,,13554,2,0,13,1
20301,'10',2400,,13642,3,,,1
20301,'13',2400,,13653,3,,,1
20400,'10',1901,,13695,3,,,1,30,,8577,3,,,1,70,,13691,3,,,1,30,,13690,3,,,1,70,,10495,3,,,1,30,,13692,3,,,1,70,,13696,3,,,1,30,,13693,3,,,1,70,,13694,3,,,1,30,,13689,3,,,1
20400,'13',1901,,13703,3,,,1,30,,8465,3,,,1,70,,13699,3,,,1,30,,13698,3,,,1,70,,10425,3,,,1,30,,13700,3,,,1,70,,13704,3,,,1,30,,13701,3,,,1,70,,13702,3,,,1,30,,13697,3,,,1
20400,'7',731,,13709,3,,,1,70,,13721,3,,,1,30,,13725,3,,,1,70,,13707,3,,,1,30,,13720,3,,,1,70,,13713,3,,,1,30,,13712,3,,,1,70,,13728,3,,,1,30,,13708,3,,,1,70,,13726,3,,,1,30,,13716,3,,,1,70,,13717,3,,,1,30,,13718,3,,,1,70,,13710,3,,,1,30,,13724,3,,,1,70,,13719,3,,,1,30,,13730,3,,,1,70,,13722,3,,,1,30,,13711,3,,,1,70,,13729,3,,,1,30,,13714,3,,,1,70,,13715,3,,,1,30,,10851,3,,,1,70,,13723,3,,,1,30,,13727,3,,,1,70,,10845,3,,,1,30,,13705,3,,,1,70,,13706,3,,,1
21601,'10',1826,,14536,2,0,13,1,30,,14531,2,0,13,1,70,,14542,2,0,13,1,30,,14546,2,0,13,1,70,,14540,2,0,13,1,30,,14532,2,0,13,1,70,,14552,2,0,13,1,30,,14550,2,0,13,1,70,,14537,2,0,13,1,30,,14535,2,0,13,1,70,,14551,2,0,13,1
21601,'13',1826,,14558,2,0,13,1,30,,14553,2,0,13,1,70,,14564,2,0,13,1,30,,14568,2,0,13,1,70,,14562,2,0,13,1,30,,14554,2,0,13,1,70,,14574,2,0,13,1,30,,14572,2,0,13,1,70,,14559,2,0,13,1,30,,14557,2,0,13,1,70,,14573,2,0,13,1
21601,'7',656,,11049,2,0,13,1,70,,14588,2,0,13,1,30,,14621,2,0,13,1,70,,11946,2,0,13,1,30,,14579,2,0,13,1,70,,14592,2,0,13,1,30,,14586,2,0,13,1,70,,14585,2,0,13,1,30,,14600,2,0,13,1,70,,14615,2,0,13,1,30,,14605,2,0,13,1,70,,14606,2,0,13,1,30,,14612,2,0,13,1,70,,14625,2,0,13,1,30,,14593,2,0,13,1,70,,14616,2,0,13,1,30,,14578,2,0,13,1,70,,14618,2,0,13,1,30,,14623,2,0,13,1,70,,11491,2,0,13,1,30,,14613,2,0,13,1,70,,14626,2,0,13,1,30,,14609,2,0,13,1,70,,14610,2,0,13,1,30,,14597,2,0,13,1,70,,14620,2,0,13,1,30,,14603,2,0,13,1,70,,11537,2,0,13,1,30,,14575,2,0,13,1
