10101,'14',645,,151,9,,,1,70,,2939,9,,,1,30,,2950,9,,,1,70,,2945,9,,,1,30,,2863,9,,,1,70,,2944,9,,,1,30,,2948,9,,,1,100,,2943,9,,,1,100,,2937,9,,,1,100,,2940,9,,,1,100,,2941,9,,,1,101,,2938,9,,,1,70,,2947,9,,,1,30,,2936,9,,,1,70,,2942,9,,,1,30,,2946,9,,,1,70,,2949,9,,,1,30,,2935,9,,,1
10101,'18',645,,2956,9,,,1,70,,2955,9,,,1,30,,2968,9,,,1,70,,2962,9,,,1,30,,2963,9,,,1,70,,2961,9,,,1,30,,2966,9,,,1,100,,2960,9,,,1,100,,2953,9,,,1,100,,2957,9,,,1,100,,2958,9,,,1,101,,2954,9,,,1,70,,2965,9,,,1,30,,2952,9,,,1,70,,2959,9,,,1,30,,2964,9,,,1,70,,2967,9,,,1,30,,2951,9,,,1
10101,'20',645,,94,9,,,1,70,,2973,9,,,1,30,,2984,9,,,1,70,,2979,9,,,1,30,,2783,9,,,1,70,,2978,9,,,1,30,,2982,9,,,1,100,,2977,9,,,1,100,,2971,9,,,1,100,,2974,9,,,1,100,,2975,9,,,1,101,,2972,9,,,1,70,,2981,9,,,1,30,,2970,9,,,1,70,,2976,9,,,1,30,,2980,9,,,1,70,,2983,9,,,1,30,,2969,9,,,1
10101,'8',645,,2990,9,,,1,70,,2989,9,,,1,30,,3002,9,,,1,70,,2996,9,,,1,30,,2997,9,,,1,70,,2995,9,,,1,30,,3000,9,,,1,100,,2994,9,,,1,100,,2987,9,,,1,100,,2991,9,,,1,100,,2992,9,,,1,101,,2988,9,,,1,70,,2999,9,,,1,30,,2986,9,,,1,70,,2993,9,,,1,30,,2998,9,,,1,70,,3001,9,,,1,30,,2985,9,,,1
11101,'14',621,,5112,6,,,1,30,,5103,6,,,1,70,,5114,6,,,1,30,,5119,6,,,1,70,,5107,6,,,1,30,,5102,6,,,1,70,,5110,6,,,1,30,,5118,6,,,1,70,,5120,6,,,1,30,,5108,6,,,1,70,,793,6,,,1,30,,5101,6,,,1,70,,5109,6,,,1,30,,5113,6,,,1,70,,5116,6,,,1,30,,5115,6,,,1,71,,5117,6,,,1,30,,5106,6,,,1,70,,5105,6,,,1,30,,5111,6,,,1,70,,5122,6,,,1,30,,453,6,,,1,70,,1216,6,,,1,30,,5121,6,,,1,70,,5104,6,,,1
11101,'18',621,,5136,6,,,1,30,,5126,6,,,1,70,,5138,6,,,1,30,,5144,6,,,1,70,,5130,6,,,1,30,,5124,6,,,1,70,,5133,6,,,1,30,,5143,6,,,1,70,,5145,6,,,1,30,,5131,6,,,1,70,,5140,6,,,1,30,,5123,6,,,1,70,,5132,6,,,1,30,,5137,6,,,1,70,,5141,6,,,1,30,,5139,6,,,1,71,,5142,6,,,1,30,,5129,6,,,1,70,,5128,6,,,1,30,,5135,6,,,1,70,,5147,6,,,1,30,,5125,6,,,1,70,,5134,6,,,1,30,,5146,6,,,1,70,,5127,6,,,1
11101,'20',621,,5158,6,,,1,30,,5149,6,,,1,70,,5160,6,,,1,30,,5167,6,,,1,70,,5150,6,,,1,30,,5148,6,,,1,70,,5155,6,,,1,30,,5165,6,,,1,70,,5168,6,,,1,30,,5157,6,,,1,70,,733,6,,,1,30,,5163,6,,,1,70,,5153,6,,,1,30,,5152,6,,,1,70,,5166,6,,,1,30,,510,6,,,1,71,,5164,6,,,1,30,,2557,6,,,1,70,,5161,6,,,1,30,,5151,6,,,1,70,,5154,6,,,1,30,,5156,6,,,1,70,,1864,6,,,1,30,,5162,6,,,1,70,,5159,6,,,1
11101,'8',621,,5181,6,,,1,30,,5170,6,,,1,70,,5184,6,,,1,30,,5192,6,,,1,70,,5171,6,,,1,30,,5169,6,,,1,70,,5176,6,,,1,30,,5190,6,,,1,70,,5193,6,,,1,30,,5179,6,,,1,70,,5188,6,,,1,30,,5187,6,,,1,70,,5174,6,,,1,30,,5173,6,,,1,70,,5191,6,,,1,30,,5178,6,,,1,71,,5189,6,,,1,30,,5183,6,,,1,70,,5185,6,,,1,30,,5172,6,,,1,70,,5175,6,,,1,30,,5177,6,,,1,70,,5180,6,,,1,30,,5186,6,,,1,70,,5182,6,,,1
21101,'11',721,,7590,6,,,1,30,,7598,6,,,1,70,,7592,6,,,1,30,,7591,6,,,1,70,,7577,6,,,1,30,,7597,6,,,1,70,,7594,6,,,1,30,,7600,6,,,1,70,,7578,6,,,1,30,,7589,6,,,1,70,,7595,6,,,1,30,,7581,6,,,1,70,,7593,6,,,1,30,,2377,6,,,1,70,,7596,6,,,1,30,,7601,6,,,1,70,,7576,6,,,1,30,,7582,6,,,1,70,,7588,6,,,1,30,,7586,6,,,1,70,,7587,6,,,1,30,,7583,6,,,1,70,,7579,6,,,1,30,,7580,6,,,1,70,,7599,6,,,1,30,,7584,6,,,1,70,,7585,6,,,1
21101,'14',1851,,7609,6,,,1,70,,7606,6,,,1,30,,7608,6,,,1,70,,596,6,,,1,30,,7603,6,,,1,70,,7604,6,,,1,30,,7602,6,,,1,70,,7605,6,,,1,30,,7607,6,,,1
21101,'18',1851,,7618,6,,,1,70,,7615,6,,,1,30,,7617,6,,,1,70,,7614,6,,,1,30,,7611,6,,,1,70,,7612,6,,,1,30,,7610,6,,,1,70,,7613,6,,,1,30,,7616,6,,,1
21101,'20',1851,,7623,6,,,1,70,,7624,6,,,1,30,,7626,6,,,1,70,,579,6,,,1,30,,7620,6,,,1,70,,7621,6,,,1,30,,7619,6,,,1,70,,7622,6,,,1,30,,7625,6,,,1
21101,'4',721,,7641,6,,,1,30,,7650,6,,,1,70,,7643,6,,,1,30,,7642,6,,,1,70,,7628,6,,,1,30,,7649,6,,,1,70,,7646,6,,,1,30,,7652,6,,,1,70,,7629,6,,,1,30,,7640,6,,,1,70,,7647,6,,,1,30,,7632,6,,,1,70,,7645,6,,,1,30,,7644,6,,,1,70,,7648,6,,,1,30,,7653,6,,,1,70,,7627,6,,,1,30,,7633,6,,,1,70,,7639,6,,,1,30,,7637,6,,,1,70,,7638,6,,,1,30,,7634,6,,,1,70,,7630,6,,,1,30,,7631,6,,,1,70,,7651,6,,,1,30,,7635,6,,,1,70,,7636,6,,,1
21101,'8',1851,,7659,6,,,1,70,,7660,6,,,1,30,,7662,6,,,1,70,,7658,6,,,1,30,,7655,6,,,1,70,,7656,6,,,1,30,,7654,6,,,1,70,,7657,6,,,1,30,,7661,6,,,1
