10100,'14',708,,2603,16,,,1,30,,2868,16,,,1,70,,1656,16,,,1,30,,2872,16,,,1,70,,2869,16,,,1,30,,2880,16,,,1,70,,2878,16,,,1,100,,2873,16,,,1,100,,2881,16,,,1,100,,2877,16,,,1,100,,2876,16,,,1,100,,2867,16,,,1,30,,2875,16,,,1,70,,2879,16,,,1,30,,2882,16,,,1,70,,2870,16,,,1,30,,2871,16,,,1,70,,2874,16,,,1
10100,'18',708,,2890,16,,,1,30,,2884,16,,,1,70,,2895,16,,,1,30,,2888,16,,,1,70,,2885,16,,,1,30,,2898,16,,,1,70,,2896,16,,,1,100,,2889,16,,,1,100,,2899,16,,,1,100,,2894,16,,,1,100,,2893,16,,,1,100,,2883,16,,,1,30,,2892,16,,,1,70,,2897,16,,,1,30,,2900,16,,,1,70,,2886,16,,,1,30,,2887,16,,,1,70,,2891,16,,,1
10100,'20',708,,2552,16,,,1,30,,2902,16,,,1,70,,1610,16,,,1,30,,2906,16,,,1,70,,2903,16,,,1,30,,2914,16,,,1,70,,2912,16,,,1,100,,2907,16,,,1,100,,2915,16,,,1,100,,2911,16,,,1,100,,2910,16,,,1,100,,2901,16,,,1,30,,2909,16,,,1,70,,2913,16,,,1,30,,2916,16,,,1,70,,2904,16,,,1,30,,2905,16,,,1,70,,2908,16,,,1
10100,'8',708,,2924,16,,,1,30,,2918,16,,,1,70,,2929,16,,,1,30,,2922,16,,,1,70,,2919,16,,,1,30,,2932,16,,,1,70,,2930,16,,,1,100,,2923,16,,,1,100,,2933,16,,,1,100,,2928,16,,,1,100,,2927,16,,,1,100,,2917,16,,,1,30,,2926,16,,,1,70,,2931,16,,,1,30,,2934,16,,,1,70,,2920,16,,,1,30,,2921,16,,,1,70,,2925,16,,,1
11100,'14',606,,5007,11,,,1,30,,5010,11,,,1,70,,5017,11,,,1,30,,5016,11,,,1,70,,765,11,,,1,30,,5018,11,,,1,70,,5024,11,,,1,30,,1287,11,,,1,70,,5020,11,,,1,30,,5014,11,,,1,70,,5019,11,,,1,30,,5005,11,,,1,70,,5004,11,,,1,30,,5003,11,,,1,70,,5013,11,,,1,30,,5023,11,,,1,70,,5021,11,,,1,30,,5008,11,,,1,70,,5009,11,,,1,30,,5015,11,,,1,70,,5006,11,,,1,30,,5002,11,,,1,70,,5022,11,,,1,30,,5012,11,,,1,70,,5011,11,,,1,30,,1286,11,,,1
11100,'18',606,,5030,11,,,1,30,,5033,11,,,1,70,,5041,11,,,1,30,,5040,11,,,1,70,,5039,11,,,1,30,,5044,11,,,1,70,,5050,11,,,1,30,,5043,11,,,1,70,,5046,11,,,1,30,,5037,11,,,1,70,,5045,11,,,1,30,,5028,11,,,1,70,,5027,11,,,1,30,,5026,11,,,1,70,,5036,11,,,1,30,,5049,11,,,1,70,,5047,11,,,1,30,,5031,11,,,1,70,,5032,11,,,1,30,,5038,11,,,1,70,,5029,11,,,1,30,,5025,11,,,1,70,,5048,11,,,1,30,,5035,11,,,1,70,,5034,11,,,1,30,,5042,11,,,1
11100,'20',606,,5059,11,,,1,30,,5062,11,,,1,70,,5067,11,,,1,30,,5065,11,,,1,70,,705,11,,,1,30,,5068,11,,,1,70,,5074,11,,,1,30,,1269,11,,,1,70,,5070,11,,,1,30,,5063,11,,,1,70,,5069,11,,,1,30,,5054,11,,,1,70,,5056,11,,,1,30,,5051,11,,,1,70,,5064,11,,,1,30,,5073,11,,,1,70,,5058,11,,,1,30,,5060,11,,,1,70,,5066,11,,,1,30,,5052,11,,,1,70,,5057,11,,,1,30,,5055,11,,,1,70,,5061,11,,,1,30,,5072,11,,,1,70,,5053,11,,,1,30,,5071,11,,,1
11100,'8',606,,5083,11,,,1,30,,5086,11,,,1,70,,5092,11,,,1,30,,5090,11,,,1,70,,5089,11,,,1,30,,5094,11,,,1,70,,5100,11,,,1,30,,5093,11,,,1,70,,5096,11,,,1,30,,5087,11,,,1,70,,5095,11,,,1,30,,5078,11,,,1,70,,5080,11,,,1,30,,5075,11,,,1,70,,5088,11,,,1,30,,5099,11,,,1,70,,5082,11,,,1,30,,5084,11,,,1,70,,5091,11,,,1,30,,5076,11,,,1,70,,5081,11,,,1,30,,5079,11,,,1,70,,5085,11,,,1,30,,5098,11,,,1,70,,5077,11,,,1,30,,5097,11,,,1
20300,'11',736,,6213,12,,,1,70,,6203,12,,,1,30,,2599,12,,,1,70,,6204,12,,,1,30,,6214,12,,,1,70,,6208,12,,,1,30,,6218,12,,,1,70,,1827,12,,,1,30,,6216,12,,,1,70,,6211,12,,,1,30,,6205,12,,,1,70,,6200,12,,,1,30,,6209,12,,,1,70,,6199,12,,,1,30,,6215,12,,,1,70,,6212,12,,,1,30,,6198,12,,,1,70,,6197,12,,,1,30,,6195,12,,,1,70,,6210,12,,,1,30,,6202,12,,,1,70,,6201,12,,,1,30,,6206,12,,,1,70,,6207,12,,,1,30,,6217,12,,,1,70,,6196,12,,,1,30,,6194,12,,,1
20300,'14',1906,,6223,12,,,1,30,,6225,12,,,1,70,,6219,12,,,1,30,,6220,12,,,1,70,,2607,12,,,1,30,,6226,12,,,1,70,,6222,12,,,1,30,,6224,12,,,1,70,,6221,12,,,1
20300,'18',1906,,6231,12,,,1,30,,6234,12,,,1,70,,6227,12,,,1,30,,6228,12,,,1,70,,6232,12,,,1,30,,6235,12,,,1,70,,6230,12,,,1,30,,6233,12,,,1,70,,6229,12,,,1
20300,'20',1906,,6240,12,,,1,30,,6242,12,,,1,70,,6236,12,,,1,30,,6237,12,,,1,70,,2556,12,,,1,30,,6243,12,,,1,70,,6239,12,,,1,30,,6241,12,,,1,70,,6238,12,,,1
20300,'4',736,,6264,12,,,1,70,,6254,12,,,1,30,,6267,12,,,1,70,,6255,12,,,1,30,,6265,12,,,1,70,,6259,12,,,1,30,,6270,12,,,1,70,,6249,12,,,1,30,,6268,12,,,1,70,,6262,12,,,1,30,,6256,12,,,1,70,,6251,12,,,1,30,,6260,12,,,1,70,,6250,12,,,1,30,,6266,12,,,1,70,,6263,12,,,1,30,,6248,12,,,1,70,,6247,12,,,1,30,,6245,12,,,1,70,,6261,12,,,1,30,,6253,12,,,1,70,,6252,12,,,1,30,,6257,12,,,1,70,,6258,12,,,1,30,,6269,12,,,1,70,,6246,12,,,1,30,,6244,12,,,1
20300,'8',1906,,6275,12,,,1,30,,6278,12,,,1,70,,6271,12,,,1,30,,6272,12,,,1,70,,6276,12,,,1,30,,6279,12,,,1,70,,6274,12,,,1,30,,6277,12,,,1,70,,6273,12,,,1
21100,'11',736,,7493,11,,,1,70,,7506,11,,,1,30,,7489,11,,,1,70,,7508,11,,,1,30,,7492,11,,,1,70,,7491,11,,,1,30,,7501,11,,,1,70,,7496,11,,,1,30,,7512,11,,,1,70,,2503,11,,,1,30,,7490,11,,,1,70,,7504,11,,,1,30,,7495,11,,,1,70,,7503,11,,,1,30,,7499,11,,,1,70,,7505,11,,,1,30,,7502,11,,,1,70,,7497,11,,,1,30,,7507,11,,,1,70,,7509,11,,,1,30,,7511,11,,,1,70,,2362,11,,,1,30,,7500,11,,,1,70,,7494,11,,,1,30,,7510,11,,,1,70,,7498,11,,,1,30,,7488,11,,,1
21100,'14',1906,,7515,11,,,1,30,,7521,11,,,1,70,,7514,11,,,1,30,,7513,11,,,1,70,,7517,11,,,1,30,,7520,11,,,1,70,,7518,11,,,1,30,,7516,11,,,1,70,,7519,11,,,1
21100,'18',1906,,7524,11,,,1,30,,7530,11,,,1,70,,7523,11,,,1,30,,7522,11,,,1,70,,7526,11,,,1,30,,7529,11,,,1,70,,7527,11,,,1,30,,7525,11,,,1,70,,7528,11,,,1
21100,'20',1906,,7538,11,,,1,30,,7539,11,,,1,70,,7532,11,,,1,30,,7531,11,,,1,70,,7534,11,,,1,30,,7537,11,,,1,70,,7535,11,,,1,30,,7533,11,,,1,70,,7536,11,,,1
21100,'4',736,,7546,11,,,1,70,,7560,11,,,1,30,,7541,11,,,1,70,,7562,11,,,1,30,,7545,11,,,1,70,,7544,11,,,1,30,,7555,11,,,1,70,,7549,11,,,1,30,,7566,11,,,1,70,,7553,11,,,1,30,,7542,11,,,1,70,,7558,11,,,1,30,,7548,11,,,1,70,,7557,11,,,1,30,,7552,11,,,1,70,,7559,11,,,1,30,,7556,11,,,1,70,,7550,11,,,1,30,,7561,11,,,1,70,,7563,11,,,1,30,,7565,11,,,1,70,,7543,11,,,1,30,,7554,11,,,1,70,,7547,11,,,1,30,,7564,11,,,1,70,,7551,11,,,1,30,,7540,11,,,1
21100,'8',1906,,7574,11,,,1,30,,7575,11,,,1,70,,7568,11,,,1,30,,7567,11,,,1,70,,7570,11,,,1,30,,7573,11,,,1,70,,7571,11,,,1,30,,7569,11,,,1,70,,7572,11,,,1
