10901,'14',618,,4648,4,,,1,100,,4665,4,,,1,100,,4667,4,,,1,100,,4633,4,,,1,100,,4654,4,,,1,100,,4662,4,,,1,100,,4663,4,,,1,100,,4645,4,,,1,100,,4673,4,,,1,100,,4635,4,,,1,100,,4640,4,,,1,100,,4664,4,,,1
10901,'18',618,,4696,4,,,1,100,,4713,4,,,1,100,,4715,4,,,1,100,,4676,4,,,1,100,,4702,4,,,1,100,,4710,4,,,1,100,,4711,4,,,1,100,,4691,4,,,1,100,,4721,4,,,1,100,,4679,4,,,1,100,,4686,4,,,1,100,,4712,4,,,1
10901,'20',618,,4739,4,,,1,100,,4756,4,,,1,100,,4758,4,,,1,100,,4724,4,,,1,100,,4745,4,,,1,100,,4753,4,,,1,100,,4754,4,,,1,100,,4736,4,,,1,100,,4764,4,,,1,100,,4726,4,,,1,100,,4731,4,,,1,100,,4755,4,,,1
10901,'8',618,,4787,4,,,1,100,,4804,4,,,1,100,,4806,4,,,1,100,,4767,4,,,1,100,,4793,4,,,1,100,,4801,4,,,1,100,,4802,4,,,1,100,,4782,4,,,1,100,,4812,4,,,1,100,,4770,4,,,1,100,,4777,4,,,1,100,,4803,4,,,1
20901,'11',718,,7141,4,,,1,100,,7145,4,,,1,100,,7169,4,,,1,100,,7155,4,,,1,100,,7138,4,,,1,100,,7147,4,,,1,100,,7153,4,,,1,100,,7165,4,,,1,100,,7154,4,,,1,100,,7173,4,,,1,100,,7135,4,,,1,100,,7134,4,,,1,100,,7136,4,,,1,100,,7171,4,,,1
20901,'14',1818,,7183,4,,,1,100,,166,4,,,1,100,,7182,4,,,1,100,,7187,4,,,1,100,,7192,4,,,1
20901,'18',1818,,7202,4,,,1,100,,7205,4,,,1,100,,7201,4,,,1,100,,7207,4,,,1,100,,7212,4,,,1
20901,'20',1818,,7222,4,,,1,100,,109,4,,,1,100,,7219,4,,,1,100,,1046,4,,,1,100,,7217,4,,,1
20901,'4',718,,7250,4,,,1,100,,7254,4,,,1,100,,7279,4,,,1,100,,7265,4,,,1,100,,7247,4,,,1,100,,7256,4,,,1,100,,7263,4,,,1,100,,7275,4,,,1,100,,7264,4,,,1,100,,7283,4,,,1,100,,7243,4,,,1,100,,7242,4,,,1,100,,7245,4,,,1,100,,7281,4,,,1
20901,'8',1818,,7295,4,,,1,100,,7297,4,,,1,100,,7291,4,,,1,100,,7302,4,,,1,100,,7289,4,,,1
