10600,'12',644,,9122,13,,,1,100,,9120,13,,,1,70,,9127,13,,,1,30,,9130,13,,,1,70,,6107,13,,,1,30,,9121,13,,,1,100,,9119,13,,,1,100,,9129,13,,,1,100,,9124,13,,,1,100,,9123,13,,,1,100,,9126,13,,,1,70,,5402,13,,,1,30,,9118,13,,,1,70,,4049,13,,,1,31,,9125,13,,,1,69,,3333,13,,,1,32,,9128,13,,,1
10600,'5',644,,9136,13,,,1,100,,9134,13,,,1,70,,9144,13,,,1,30,,9147,13,,,1,70,,9131,13,,,1,30,,9135,13,,,1,100,,9133,13,,,1,100,,9146,13,,,1,100,,9138,13,,,1,100,,9137,13,,,1,100,,9143,13,,,1,70,,9141,13,,,1,30,,9132,13,,,1,70,,9139,13,,,1,31,,9142,13,,,1,69,,9140,13,,,1,32,,9145,13,,,1
10600,'9',644,,9152,13,,,1,100,,9150,13,,,1,70,,9158,13,,,1,30,,9161,13,,,1,70,,6017,13,,,1,30,,9151,13,,,1,100,,9149,13,,,1,100,,9160,13,,,1,100,,9154,13,,,1,100,,9153,13,,,1,100,,9157,13,,,1,70,,5335,13,,,1,30,,9148,13,,,1,70,,4011,13,,,1,31,,9156,13,,,1,69,,9155,13,,,1,32,,9159,13,,,1
10601,'12',608,,9166,19,,,1,100,,9177,19,,,1,30,,9172,19,,,1,70,,9178,19,,,1,30,,9175,19,,,1,70,,9162,19,,,1,100,,4862,19,,,1,100,,9164,19,,,1,100,,9163,19,,,1,100,,9173,19,,,1,100,,9179,19,,,1,30,,9180,19,,,1,70,,9170,19,,,1,30,,9174,19,,,1,70,,9167,19,,,1,30,,9169,19,,,1,70,,9168,19,,,1,30,,9165,19,,,1,70,,9176,19,,,1
10601,'5',608,,9185,19,,,1,100,,9197,19,,,1,30,,9192,19,,,1,70,,9198,19,,,1,30,,9195,19,,,1,70,,9181,19,,,1,100,,9186,19,,,1,100,,9183,19,,,1,100,,9182,19,,,1,100,,9193,19,,,1,100,,9199,19,,,1,30,,9200,19,,,1,70,,9190,19,,,1,30,,9194,19,,,1,70,,9187,19,,,1,30,,9189,19,,,1,70,,9188,19,,,1,30,,9184,19,,,1,70,,9196,19,,,1
10601,'9',608,,9205,19,,,1,100,,9216,19,,,1,30,,9211,19,,,1,70,,9217,19,,,1,30,,9214,19,,,1,70,,9201,19,,,1,100,,4816,19,,,1,100,,9203,19,,,1,100,,9202,19,,,1,100,,9212,19,,,1,100,,9218,19,,,1,30,,9219,19,,,1,70,,9209,19,,,1,30,,9213,19,,,1,70,,9206,19,,,1,30,,9208,19,,,1,70,,9207,19,,,1,30,,9204,19,,,1,70,,9215,19,,,1
20600,'12',1814,,11125,18,,,1,29,,11116,18,,,1,70,,11120,18,,,1,31,,11122,18,,,1,70,,11119,18,,,1,30,,11117,18,,,1,69,,11118,18,,,1,30,,11124,18,,,1,70,,11123,18,,,1,30,,11121,18,,,1
20600,'5',1814,,11134,18,,,1,29,,11126,18,,,1,70,,11135,18,,,1,31,,11131,18,,,1,70,,11129,18,,,1,30,,11127,18,,,1,69,,11128,18,,,1,30,,11133,18,,,1,70,,11132,18,,,1,30,,11130,18,,,1
20600,'7',743,,11158,18,,,1,70,,11155,18,,,1,30,,11156,18,,,1,70,,11137,18,,,1,30,,11147,18,,,1,70,,11138,18,,,1,30,,11149,18,,,1,71,,6301,18,,,1,29,,11150,18,,,1,70,,11144,18,,,1,30,,11139,18,,,1,70,,11160,18,,,1,30,,11159,18,,,1,71,,11153,18,,,1,29,,11141,18,,,1,70,,11154,18,,,1,30,,11140,18,,,1,70,,11136,18,,,1,30,,11146,18,,,1,70,,11145,18,,,1,30,,11148,18,,,1,70,,11151,18,,,1,31,,11143,18,,,1,69,,11152,18,,,1,30,,11157,18,,,1,70,,11142,18,,,1
20600,'9',1814,,11168,18,,,1,29,,11161,18,,,1,70,,11169,18,,,1,31,,11165,18,,,1,70,,11163,18,,,1,30,,11162,18,,,1,69,,4514,18,,,1,30,,11167,18,,,1,70,,11166,18,,,1,30,,11164,18,,,1
20601,'12',1837,,11178,9,,,1,70,,11175,9,,,1,30,,11181,9,,,1,70,,11183,9,,,1,30,,11179,9,,,1,70,,11172,9,,,1,30,,11182,9,,,1,70,,11177,9,,,1,30,,5642,9,,,1,70,,11170,9,,,1
20601,'5',1837,,11195,9,,,1,70,,11192,9,,,1,30,,11188,9,,,1,70,,11203,9,,,1,30,,11197,9,,,1,70,,11186,9,,,1,30,,11202,9,,,1,70,,11194,9,,,1,30,,11200,9,,,1,70,,11184,9,,,1
20601,'7',707,,11205,9,,,1,30,,11220,9,,,1,70,,11236,9,,,1,30,,11246,9,,,1,70,,11208,9,,,1,30,,11238,9,,,1,70,,11207,9,,,1,30,,11210,9,,,1,70,,11219,9,,,1,30,,11227,9,,,1,70,,11242,9,,,1,30,,11214,9,,,1,70,,11232,9,,,1,30,,11245,9,,,1,70,,11252,9,,,1,30,,11228,9,,,1,70,,2642,9,,,1,30,,11215,9,,,1,70,,11244,9,,,1,30,,7830,9,,,1,70,,11247,9,,,1,30,,11216,9,,,1,70,,11230,9,,,1,30,,11209,9,,,1,70,,11250,9,,,1,30,,11231,9,,,1,70,,11204,9,,,1,30,,11243,9,,,1
20601,'9',1837,,11263,9,,,1,70,,11260,9,,,1,30,,11257,9,,,1,70,,11268,9,,,1,30,,11265,9,,,1,70,,11256,9,,,1,30,,11267,9,,,1,70,,11262,9,,,1,30,,5619,9,,,1,70,,11254,9,,,1
