10800,'10',702,,12735,5,,,1,30,,12750,5,,,1,70,,12754,5,,,1,30,,12744,5,,,1,70,,12741,5,,,1,30,,12743,5,,,1,100,,12731,5,,,1,100,,12726,5,,,1,100,,12745,5,,,1,100,,12734,5,,,1,100,,12724,5,,,1,70,,12738,5,,,1,30,,12746,5,,,1,70,,12728,5,,,1,30,,12753,5,,,1,70,,12749,5,,,1,30,,12733,5,,,1
10800,'13',702,,12768,5,,,1,30,,12782,5,,,1,70,,12765,5,,,1,30,,12777,5,,,1,70,,12775,5,,,1,30,,12776,5,,,1,100,,12764,5,,,1,100,,12759,5,,,1,100,,12778,5,,,1,100,,12767,5,,,1,100,,12757,5,,,1,70,,12771,5,,,1,30,,12779,5,,,1,70,,12761,5,,,1,30,,12785,5,,,1,70,,12780,5,,,1,30,,12766,5,,,1
10900,'10',704,,12822,5,,,1,100,,12824,5,,,1,100,,12821,5,,,1,100,,12829,5,,,1,100,,12826,5,,,1,100,,12825,5,,,1,100,,12828,5,,,1,100,,12820,5,,,1,100,,12830,5,,,1,100,,12827,5,,,1,100,,12823,5,,,1,100,,10360,5,,,1
10900,'13',704,,12833,5,,,1,100,,12835,5,,,1,100,,12832,5,,,1,100,,12839,5,,,1,100,,12836,5,,,1,100,,10235,5,,,1,100,,12838,5,,,1,100,,12831,5,,,1,100,,12840,5,,,1,100,,12837,5,,,1,100,,12834,5,,,1,100,,10338,5,,,1
11400,'10',632,,13319,5,,,1,100,,13315,5,,,1,100,,13323,5,,,1,100,,13321,5,,,1,100,,13320,5,,,1,100,,13324,5,,,1,100,,13317,5,,,1,100,,10389,5,,,1,100,,13318,5,,,1,100,,9713,5,,,1,100,,13316,5,,,1,100,,13322,5,,,1
11400,'13',632,,13329,5,,,1,100,,13325,5,,,1,100,,13333,5,,,1,100,,13331,5,,,1,100,,13330,5,,,1,100,,13334,5,,,1,100,,13327,5,,,1,100,,10366,5,,,1,100,,13328,5,,,1,100,,9622,5,,,1,100,,13326,5,,,1,100,,13332,5,,,1
20900,'10',1902,,14033,5,,,1,100,,14034,5,,,1,100,,14035,5,,,1,100,,14036,5,,,1
20900,'13',1902,,9454,5,,,1,100,,14038,5,,,1,100,,14039,5,,,1,100,,14037,5,,,1
20900,'7',802,,14045,5,,,1,100,,14043,5,,,1,100,,14049,5,,,1,100,,14048,5,,,1,100,,11928,5,,,1,100,,14044,5,,,1,100,,14047,5,,,1,100,,7869,5,,,1,100,,14042,5,,,1,100,,14046,5,,,1,100,,14040,5,,,1,100,,11060,5,,,1,100,,14041,5,,,1
21400,'10',1832,,14394,5,,,1,100,,10095,5,,,1,100,,14393,5,,,1,100,,14395,5,,,1,100,,14392,5,,,1
21400,'13',1832,,14397,5,,,1,100,,14398,5,,,1,100,,14399,5,,,1,100,,14396,5,,,1,100,,14400,5,,,1
21400,'7',732,,14408,5,,,1,100,,14406,5,,,1,100,,14402,5,,,1,100,,14411,5,,,1,100,,14403,5,,,1,100,,14409,5,,,1,100,,14405,5,,,1,100,,14404,5,,,1,100,,11964,5,,,1,100,,14410,5,,,1,100,,14412,5,,,1,100,,14407,5,,,1,100,,14401,5,,,1
