10601,'12',558,,9166,7,,,1,100,,9177,7,,,1,70,,9172,7,,,1,30,,9178,7,,,1,70,,9175,7,,,1,30,,9162,7,,,1,71,,9171,7,0,17,1,29,,4862,7,,,1,100,,9164,7,,,1,100,,9163,7,,,1,100,,9173,7,,,1,100,,9179,7,,,1,70,,9180,7,,,1,30,,9170,7,,,1,70,,9174,7,,,1,30,,9167,7,,,1,70,,9169,7,,,1,30,,9168,7,,,1,70,,9165,7,,,1,30,,9176,7,,,1
10601,'5',558,,9185,7,,,1,100,,9197,7,,,1,70,,9192,7,,,1,30,,9198,7,,,1,70,,9195,7,,,1,30,,9181,7,,,1,71,,9191,7,0,17,1,29,,9186,7,,,1,100,,9183,7,,,1,100,,9182,7,,,1,100,,9193,7,,,1,100,,9199,7,,,1,70,,9200,7,,,1,30,,9190,7,,,1,70,,9194,7,,,1,30,,9187,7,,,1,70,,9189,7,,,1,30,,9188,7,,,1,70,,9184,7,,,1,30,,9196,7,,,1
10601,'9',558,,9205,7,,,1,100,,9216,7,,,1,70,,9211,7,,,1,30,,9217,7,,,1,70,,9214,7,,,1,30,,9201,7,,,1,71,,9210,7,0,17,1,29,,4816,7,,,1,100,,9203,7,,,1,100,,9202,7,,,1,100,,9212,7,,,1,100,,9218,7,,,1,70,,9219,7,,,1,30,,9209,7,,,1,70,,9213,7,,,1,30,,9206,7,,,1,70,,9208,7,,,1,30,,9207,7,,,1,70,,9204,7,,,1,30,,9215,7,,,1
11201,'12',713,,10048,9,,,1,100,,10055,9,,,1,100,,10064,9,,,1,100,,10061,9,,,1,100,,10051,9,,,1,100,,10060,9,,,1,100,,10046,9,,,1,100,,10045,9,,,1,100,,10057,9,,,1,100,,4735,9,,,1,100,,10056,9,0,17,1
11201,'5',713,,10076,9,,,1,100,,10069,9,,,1,100,,10070,9,,,1,100,,10079,9,,,1,100,,10072,9,,,1,100,,10083,9,,,1,100,,10067,9,,,1,100,,10066,9,,,1,100,,10080,9,,,1,100,,10078,9,,,1,100,,10077,9,0,17,1
11201,'9',713,,10097,9,,,1,100,,10108,9,,,1,100,,10094,9,,,1,100,,10099,9,,,1,100,,10093,9,,,1,100,,10104,9,,,1,100,,10089,9,,,1,100,,10088,9,,,1,100,,10101,9,,,1,100,,4644,9,,,1,100,,10098,9,0,17,1
20601,'12',1826,,6564,7,,,1,30,,3428,7,,,1,70,,4279,7,,,1,30,,3725,7,,,1,70,,11174,7,,,1,30,,11180,7,,,1,70,,11171,7,,,1,30,,11176,7,,,1,70,,11173,7,,,1,30,,3876,7,,,1
20601,'5',1826,,11201,7,,,1,30,,11198,7,,,1,70,,11196,7,,,1,30,,11187,7,,,1,70,,11191,7,,,1,30,,11199,7,,,1,70,,11185,7,,,1,30,,11193,7,,,1,70,,11190,7,,,1,30,,11189,7,,,1
20601,'7',656,,11223,7,,,1,70,,7731,7,,,1,30,,11206,7,,,1,70,,11251,7,,,1,30,,11226,7,,,1,70,,11222,7,,,1,30,,7943,7,,,1,70,,11253,7,,,1,30,,6383,7,,,1,70,,11233,7,,,1,30,,11217,7,,,1,70,,11211,7,,,1,30,,11221,7,,,1,70,,11241,7,,,1,30,,11249,7,,,1,70,,11225,7,,,1,30,,11229,7,,,1,70,,11237,7,,,1,30,,11234,7,,,1,70,,11235,7,,,1,30,,11218,7,,,1,70,,11213,7,,,1,30,,11248,7,,,1,70,,11212,7,,,1,30,,6919,7,,,1,70,,11239,7,,,1,30,,11224,7,,,1,70,,11240,7,,,1
20601,'9',1826,,6528,7,,,1,30,,3380,7,,,1,70,,11264,7,,,1,30,,3652,7,,,1,70,,11259,7,,,1,30,,11266,7,,,1,70,,11255,7,,,1,30,,11261,7,,,1,70,,11258,7,,,1,30,,3802,7,,,1
