11400,'14',633,,5615,8,,,1,100,,5616,8,,,1,100,,5620,8,,,1,100,,5617,8,,,1,100,,5619,8,,,1,100,,5618,8,,,1,100,,5624,8,,,1,100,,5623,8,,,1,100,,5626,8,,,1,100,,5621,8,,,1,100,,5625,8,,,1,100,,5622,8,,,1
11400,'18',633,,5627,8,,,1,100,,5628,8,,,1,100,,5632,8,,,1,100,,5629,8,,,1,100,,5631,8,,,1,100,,5630,8,,,1,100,,5636,8,,,1,100,,5635,8,,,1,100,,5638,8,,,1,100,,5633,8,,,1,100,,5637,8,,,1,100,,5634,8,,,1
11400,'20',633,,5639,8,,,1,100,,5640,8,,,1,100,,5643,8,,,1,100,,5641,8,,,1,100,,5642,8,,,1,100,,1137,8,,,1,100,,5647,8,,,1,100,,5646,8,,,1,100,,5649,8,,,1,100,,5644,8,,,1,100,,5648,8,,,1,100,,5645,8,,,1
11400,'8',633,,5650,8,,,1,100,,5651,8,,,1,100,,5655,8,,,1,100,,5652,8,,,1,100,,5654,8,,,1,100,,5653,8,,,1,100,,5659,8,,,1,100,,5658,8,,,1,100,,5661,8,,,1,100,,5656,8,,,1,100,,5660,8,,,1,100,,5657,8,,,1
21400,'11',733,,7830,8,,,1,100,,7826,8,,,1,100,,7835,8,,,1,100,,7823,8,,,1,100,,7829,8,,,1,100,,7827,8,,,1,100,,7833,8,,,1,100,,7824,8,,,1,100,,7832,8,,,1,100,,7831,8,,,1,100,,7834,8,,,1,100,,7825,8,,,1,100,,7828,8,,,1
21400,'14',1833,,7839,8,,,1,100,,7836,8,,,1,100,,7840,8,,,1,100,,7838,8,,,1,100,,7837,8,,,1
21400,'18',1833,,7844,8,,,1,100,,7841,8,,,1,100,,7845,8,,,1,100,,7843,8,,,1,100,,7842,8,,,1
21400,'20',1833,,7848,8,,,1,100,,7847,8,,,1,100,,7846,8,,,1,100,,7849,8,,,1,100,,339,8,,,1
21400,'4',733,,7857,8,,,1,100,,7853,8,,,1,100,,7862,8,,,1,100,,7850,8,,,1,100,,7856,8,,,1,100,,7854,8,,,1,100,,7860,8,,,1,100,,7851,8,,,1,100,,7859,8,,,1,100,,7858,8,,,1,100,,7861,8,,,1,100,,7852,8,,,1,100,,7855,8,,,1
21400,'8',1833,,7866,8,,,1,100,,7865,8,,,1,100,,7863,8,,,1,100,,7867,8,,,1,100,,7864,8,,,1
