10800,'14',705,,6934,,,1,30,,6925,,,1,70,,6920,,,1,30,,6912,,,1,70,,6928,,,1,30,,6923,,,1,100,,6932,,,1,100,,6911,,,1,100,,6930,,,1,100,,3348,,,1,100,,6902,,,1,70,,6924,,,1,30,,6926,,,1,70,,6906,,,1,30,,6913,,,1,70,,6907,,,1,30,,6931,,,1
10800,'18',705,,6968,,,1,30,,6959,,,1,70,,6954,,,1,30,,6945,,,1,70,,6962,,,1,30,,6957,,,1,100,,6966,,,1,100,,6944,,,1,100,,6964,,,1,100,,6947,,,1,100,,6935,,,1,70,,6958,,,1,30,,6960,,,1,70,,6939,,,1,30,,6946,,,1,70,,6940,,,1,30,,6965,,,1
10800,'20',705,,6969,,,1,30,,6995,,,1,70,,6989,,,1,30,,6981,,,1,70,,6980,,,1,30,,6993,,,1,100,,6999,,,1,100,,6979,,,1,100,,6997,,,1,100,,3313,,,1,100,,6970,,,1,70,,6994,,,1,30,,6996,,,1,70,,6974,,,1,30,,6982,,,1,70,,6975,,,1,30,,6998,,,1
10800,'8',705,,7001,,,1,30,,7029,,,1,70,,7023,,,1,30,,7013,,,1,70,,7012,,,1,30,,7027,,,1,100,,7033,,,1,100,,7011,,,1,100,,7031,,,1,100,,7015,,,1,100,,7002,,,1,70,,7028,,,1,30,,7030,,,1,70,,7006,,,1,30,,7014,,,1,70,,7007,,,1,30,,7032,,,1
11401,'14',644,,8192,,,1,100,,8194,,,1,100,,8191,,,1,100,,8188,,,1,100,,8193,,,1,100,,4464,,,1,100,,8189,,,1,100,,8187,,,1,100,,8186,,,1,100,,8190,,,1,100,,8195,,,1,100,,8185,,,1
11401,'18',644,,8204,,,1,100,,8206,,,1,100,,8203,,,1,100,,8200,,,1,100,,8205,,,1,100,,8196,,,1,100,,8201,,,1,100,,8199,,,1,100,,8198,,,1,100,,8202,,,1,100,,8207,,,1,100,,8197,,,1
11401,'20',644,,8215,,,1,100,,8217,,,1,100,,8214,,,1,100,,8211,,,1,100,,8216,,,1,100,,4426,,,1,100,,8212,,,1,100,,8210,,,1,100,,8209,,,1,100,,8213,,,1,100,,8218,,,1,100,,8208,,,1
11401,'8',644,,8227,,,1,100,,8229,,,1,100,,8226,,,1,100,,8223,,,1,100,,8228,,,1,100,,8219,,,1,100,,8224,,,1,100,,8222,,,1,100,,8221,,,1,100,,8225,,,1,100,,8230,,,1,100,,8220,,,1
21401,'11',746,,10395,,,1,100,,10403,,,1,100,,10399,,,1,100,,10394,,,1,100,,10396,,,1,100,,10402,,,1,100,,10401,,,1,100,,10392,,,1,100,,10398,,,1,100,,10391,,,1,100,,10400,,,1,100,,10397,,,1,100,,10393,,,1
21401,'14',1846,,10408,,,1,100,,10406,,,1,100,,10404,,,1,100,,10407,,,1,100,,10405,,,1
21401,'18',1846,,10413,,,1,100,,10411,,,1,100,,10409,,,1,100,,10412,,,1,100,,10410,,,1
21401,'20',1846,,10416,,,1,100,,2939,,,1,100,,10414,,,1,100,,10415,,,1,100,,10417,,,1
21401,'4',746,,10422,,,1,100,,10430,,,1,100,,10426,,,1,100,,10421,,,1,100,,10423,,,1,100,,10429,,,1,100,,10428,,,1,100,,10419,,,1,100,,10425,,,1,100,,10418,,,1,100,,10427,,,1,100,,10424,,,1,100,,10420,,,1
21401,'8',1846,,10434,,,1,100,,10432,,,1,100,,10431,,,1,100,,10433,,,1,100,,10435,,,1
