10501,'10',636,,15090,18,,,1,100,,15088,18,,,1,70,,15094,18,,,1,30,,15083,18,,,1,70,,15081,18,,,1,30,,15075,18,,,1,70,,15097,18,,,1,30,,15065,18,,,1,100,,15070,18,,,1,100,,13733,18,,,1,100,,12302,18,,,1,100,,15095,18,,,1,100,,15085,18,,,1,70,,15082,18,,,1,30,,15099,18,,,1,70,,15068,18,,,1,30,,15077,18,,,1,70,,15078,18,,,1,30,,15096,18,,,1
10501,'15',636,,15126,18,,,1,100,,15124,18,,,1,70,,15130,18,,,1,30,,15119,18,,,1,70,,15117,18,,,1,30,,15111,18,,,1,70,,15133,18,,,1,30,,15101,18,,,1,100,,15106,18,,,1,100,,13750,18,,,1,100,,12345,18,,,1,100,,15131,18,,,1,100,,15121,18,,,1,70,,15118,18,,,1,30,,15135,18,,,1,70,,15104,18,,,1,30,,15113,18,,,1,70,,15114,18,,,1,30,,15132,18,,,1
11300,'10',626,,15826,11,,,1,100,,15812,11,,,1,100,,15828,11,,,1,100,,15814,11,,,1,100,,15796,11,,,1,100,,15807,11,,,1,100,,15809,11,,,1,100,,15825,11,,,1,100,,15802,11,,,1,100,,15800,11,,,1,100,,15818,11,,,1,100,,15820,11,,,1,100,,9009,11,,,1
11300,'15',626,,15858,11,,,1,100,,15842,11,,,1,100,,15862,11,,,1,100,,15844,11,,,1,100,,15830,11,,,1,100,,15840,11,,,1,100,,15850,11,,,1,100,,15856,11,,,1,100,,15859,11,,,1,100,,15832,11,,,1,100,,15834,11,,,1,100,,13164,11,,,1,100,,15863,11,,,1
20501,'10',1935,,16484,18,,,1,100,,16488,18,,,1,100,,12643,18,,,1,100,,16486,18,,,1
20501,'15',1935,,16491,18,,,1,100,,16495,18,,,1,100,,12699,18,,,1,100,,16493,18,,,1
20501,'7',735,,16496,18,,,1,100,,16514,18,,,1,100,,16498,18,,,1,100,,16500,18,,,1,100,,13843,18,,,1,100,,13875,18,,,1,100,,16513,18,,,1,100,,16517,18,,,1,100,,16515,18,,,1,100,,16497,18,,,1,100,,16499,18,,,1,100,,16505,18,,,1,100,,16508,18,,,1,100,,16519,18,,,1
21300,'10',1926,,16922,11,,,1,100,,16923,11,,,1,100,,16921,11,,,1,100,,16920,11,,,1
21300,'15',1926,,16926,11,,,1,100,,16927,11,,,1,100,,16925,11,,,1,100,,16924,11,,,1
21300,'7',726,,16928,11,,,1,100,,16936,11,,,1,100,,16939,11,,,1,100,,16935,11,,,1,100,,16932,11,,,1,100,,16930,11,,,1,100,,16938,11,,,1,100,,16933,11,,,1,100,,16940,11,,,1,100,,16937,11,,,1,100,,16929,11,,,1,100,,16934,11,,,1,100,,16931,11,,,1
