10401,'14',617,,3472,5,,,1,30,,886,5,,,1,70,,3499,5,,,1,30,,1115,5,,,1,70,,3466,5,,,1,30,,3490,5,,,1,70,,3484,5,,,1,30,,3485,5,,,1,70,,481,5,,,1,30,,3473,5,,,1,70,,3477,5,,,1,30,,1282,5,,,1,70,,3486,5,,,1,30,,3464,5,,,1,70,,3479,5,,,1,30,,3483,5,,,1,70,,3492,5,,,1,30,,3497,5,,,1,70,,3478,5,,,1,30,,3489,5,,,1,70,,3471,5,,,1,30,,3491,5,,,1,70,,3496,5,,,1,30,,3462,5,,,1,70,,3469,5,,,1
10401,'18',617,,3518,5,,,1,30,,3509,5,,,1,70,,3549,5,,,1,30,,3538,5,,,1,70,,3510,5,,,1,30,,3540,5,,,1,70,,3532,5,,,1,30,,3533,5,,,1,70,,3535,5,,,1,30,,3519,5,,,1,70,,3523,5,,,1,30,,3528,5,,,1,70,,3534,5,,,1,30,,3507,5,,,1,70,,3525,5,,,1,30,,3531,5,,,1,70,,3542,5,,,1,30,,3547,5,,,1,70,,3524,5,,,1,30,,3539,5,,,1,70,,3517,5,,,1,30,,3541,5,,,1,70,,3546,5,,,1,30,,3505,5,,,1,70,,3515,5,,,1
10401,'20',617,,3565,5,,,1,30,,867,5,,,1,70,,3592,5,,,1,30,,1090,5,,,1,70,,3559,5,,,1,30,,3583,5,,,1,70,,3577,5,,,1,30,,3578,5,,,1,70,,443,5,,,1,30,,3566,5,,,1,70,,3570,5,,,1,30,,1261,5,,,1,70,,3579,5,,,1,30,,3557,5,,,1,70,,3572,5,,,1,30,,3576,5,,,1,70,,3585,5,,,1,30,,3590,5,,,1,70,,3571,5,,,1,30,,3582,5,,,1,70,,3564,5,,,1,30,,3584,5,,,1,70,,3589,5,,,1,30,,3555,5,,,1,70,,3562,5,,,1
10401,'8',617,,3611,5,,,1,30,,3602,5,,,1,70,,3642,5,,,1,30,,3631,5,,,1,70,,3603,5,,,1,30,,3633,5,,,1,70,,3625,5,,,1,30,,3626,5,,,1,70,,3628,5,,,1,30,,3612,5,,,1,70,,3616,5,,,1,30,,3621,5,,,1,70,,3627,5,,,1,30,,3600,5,,,1,70,,3618,5,,,1,30,,3624,5,,,1,70,,3635,5,,,1,30,,3640,5,,,1,70,,3617,5,,,1,30,,3632,5,,,1,70,,3610,5,,,1,30,,3634,5,,,1,70,,3639,5,,,1,30,,3598,5,,,1,70,,3608,5,,,1
20401,'11',717,,6480,5,,,1,30,,6470,5,,,1,70,,6512,5,,,1,30,,6514,5,,,1,70,,6496,5,,,1,30,,6508,5,,,1,70,,6464,5,,,1,30,,6492,5,,,1,70,,6472,5,,,1,30,,6468,5,,,1,70,,6477,5,,,1,30,,6497,5,,,1,70,,6515,5,,,1,30,,6489,5,,,1,70,,6502,5,,,1,30,,6479,5,,,1,70,,6516,5,,,1,30,,6506,5,,,1,70,,6485,5,,,1,30,,6501,5,,,1,70,,6503,5,,,1,30,,6493,5,,,1,70,,6500,5,,,1,30,,6478,5,,,1,70,,6487,5,,,1,30,,6471,5,,,1,70,,6469,5,,,1,30,,6463,5,,,1
20401,'14',1847,,6523,5,,,1,70,,6526,5,,,1,30,,6531,5,,,1,70,,6518,5,,,1,30,,767,5,,,1,70,,6528,5,,,1,30,,455,5,,,1,70,,6520,5,,,1,30,,6522,5,,,1,70,,6530,5,,,1
20401,'18',1847,,6543,5,,,1,70,,6546,5,,,1,30,,6551,5,,,1,70,,6537,5,,,1,30,,6540,5,,,1,70,,6548,5,,,1,30,,6534,5,,,1,70,,6539,5,,,1,30,,6542,5,,,1,70,,6550,5,,,1
20401,'20',1847,,6559,5,,,1,70,,6562,5,,,1,30,,6567,5,,,1,70,,6555,5,,,1,30,,707,5,,,1,70,,6564,5,,,1,30,,417,5,,,1,70,,813,5,,,1,30,,6558,5,,,1,70,,6566,5,,,1
20401,'4',717,,6588,5,,,1,30,,6578,5,,,1,70,,6621,5,,,1,30,,6623,5,,,1,70,,6604,5,,,1,30,,6617,5,,,1,70,,6572,5,,,1,30,,6600,5,,,1,70,,6580,5,,,1,30,,6576,5,,,1,70,,6585,5,,,1,30,,6605,5,,,1,70,,6624,5,,,1,30,,6597,5,,,1,70,,6611,5,,,1,30,,6587,5,,,1,70,,6625,5,,,1,30,,6615,5,,,1,70,,6593,5,,,1,30,,6610,5,,,1,70,,6612,5,,,1,30,,6601,5,,,1,70,,6609,5,,,1,30,,6586,5,,,1,70,,6595,5,,,1,30,,6579,5,,,1,70,,6577,5,,,1,30,,6571,5,,,1
20401,'8',1847,,6635,5,,,1,70,,6638,5,,,1,30,,6643,5,,,1,70,,6629,5,,,1,30,,6632,5,,,1,70,,6640,5,,,1,30,,6626,5,,,1,70,,6631,5,,,1,30,,6634,5,,,1,70,,6642,5,,,1
