11301,'14',654,,7997,,,1,100,,4797,,,1,100,,8000,,,1,100,,8013,,,1,100,,8005,,,1,100,,7982,,,1,100,,7984,,,1,100,,7987,,,1,100,,8002,,,1,100,,8006,,,1,100,,7986,,,1,100,,8007,,,1,100,,7989,,,1
11301,'18',654,,8036,,,1,100,,8025,,,1,100,,8039,,,1,100,,8054,,,1,100,,8045,,,1,100,,8019,,,1,100,,8021,,,1,100,,8024,,,1,100,,8041,,,1,100,,8046,,,1,100,,8023,,,1,100,,8048,,,1,100,,8027,,,1
11301,'20',654,,8068,,,1,100,,4727,,,1,100,,8071,,,1,100,,8089,,,1,100,,8075,,,1,100,,8060,,,1,100,,8091,,,1,100,,8063,,,1,100,,8079,,,1,100,,8087,,,1,100,,8094,,,1,100,,8090,,,1,100,,8065,,,1
11301,'8',654,,8108,,,1,100,,8102,,,1,100,,8111,,,1,100,,8130,,,1,100,,8115,,,1,100,,8098,,,1,100,,8132,,,1,100,,8101,,,1,100,,8120,,,1,100,,8128,,,1,100,,8135,,,1,100,,8131,,,1,100,,8104,,,1
21301,'11',754,,10232,,,1,100,,10235,,,1,100,,10255,,,1,100,,10249,,,1,100,,10233,,,1,100,,10257,,,1,100,,10261,,,1,100,,10243,,,1,100,,10248,,,1,100,,10253,,,1,100,,10228,,,1,100,,10234,,,1,100,,10229,,,1
21301,'14',1954,,10266,,,1,100,,10270,,,1,100,,10273,,,1,100,,10272,,,1
21301,'18',1954,,10276,,,1,100,,10280,,,1,100,,10284,,,1,100,,10283,,,1
21301,'20',1954,,10287,,,1,100,,10291,,,1,100,,10294,,,1,100,,10293,,,1
21301,'4',754,,10302,,,1,100,,10305,,,1,100,,10326,,,1,100,,10320,,,1,100,,10303,,,1,100,,10328,,,1,100,,10332,,,1,100,,10313,,,1,100,,10319,,,1,100,,10324,,,1,100,,10298,,,1,100,,10304,,,1,100,,10299,,,1
21301,'8',1954,,10337,,,1,100,,10341,,,1,100,,10345,,,1,100,,10344,,,1
