10401,'14',623,,3472,10,,,1,30,,886,10,,,1,70,,3499,10,,,1,30,,1115,10,,,1,70,,3466,10,,,1,30,,3490,10,,,1,70,,3484,10,,,1,30,,3485,10,,,1,70,,481,10,,,1,30,,3473,10,,,1,70,,3477,10,,,1,30,,1282,10,,,1,70,,3486,10,,,1,30,,3464,10,,,1,70,,3479,10,,,1,30,,3483,10,,,1,70,,3492,10,,,1,30,,3497,10,,,1,70,,3478,10,,,1,30,,3489,10,,,1,70,,3471,10,,,1,30,,3491,10,,,1,70,,3496,10,,,1,30,,3462,10,,,1,70,,3469,10,,,1
10401,'18',623,,3518,10,,,1,30,,3509,10,,,1,70,,3549,10,,,1,30,,3538,10,,,1,70,,3510,10,,,1,30,,3540,10,,,1,70,,3532,10,,,1,30,,3533,10,,,1,70,,3535,10,,,1,30,,3519,10,,,1,70,,3523,10,,,1,30,,3528,10,,,1,70,,3534,10,,,1,30,,3507,10,,,1,70,,3525,10,,,1,30,,3531,10,,,1,70,,3542,10,,,1,30,,3547,10,,,1,70,,3524,10,,,1,30,,3539,10,,,1,70,,3517,10,,,1,30,,3541,10,,,1,70,,3546,10,,,1,30,,3505,10,,,1,70,,3515,10,,,1
10401,'20',623,,3565,10,,,1,30,,867,10,,,1,70,,3592,10,,,1,30,,1090,10,,,1,70,,3559,10,,,1,30,,3583,10,,,1,70,,3577,10,,,1,30,,3578,10,,,1,70,,443,10,,,1,30,,3566,10,,,1,70,,3570,10,,,1,30,,1261,10,,,1,70,,3579,10,,,1,30,,3557,10,,,1,70,,3572,10,,,1,30,,3576,10,,,1,70,,3585,10,,,1,30,,3590,10,,,1,70,,3571,10,,,1,30,,3582,10,,,1,70,,3564,10,,,1,30,,3584,10,,,1,70,,3589,10,,,1,30,,3555,10,,,1,70,,3562,10,,,1
10401,'8',623,,3611,10,,,1,30,,3602,10,,,1,70,,3642,10,,,1,30,,3631,10,,,1,70,,3603,10,,,1,30,,3633,10,,,1,70,,3625,10,,,1,30,,3626,10,,,1,70,,3628,10,,,1,30,,3612,10,,,1,70,,3616,10,,,1,30,,3621,10,,,1,70,,3627,10,,,1,30,,3600,10,,,1,70,,3618,10,,,1,30,,3624,10,,,1,70,,3635,10,,,1,30,,3640,10,,,1,70,,3617,10,,,1,30,,3632,10,,,1,70,,3610,10,,,1,30,,3634,10,,,1,70,,3639,10,,,1,30,,3598,10,,,1,70,,3608,10,,,1
20401,'11',722,,6480,10,,,1,30,,6470,10,,,1,70,,6512,10,,,1,30,,6514,10,,,1,70,,6496,10,,,1,30,,6508,10,,,1,70,,6464,10,,,1,30,,6492,10,,,1,70,,6472,10,,,1,30,,6468,10,,,1,70,,6477,10,,,1,30,,6497,10,,,1,70,,6515,10,,,1,30,,6489,10,,,1,70,,6502,10,,,1,30,,6479,10,,,1,70,,6516,10,,,1,30,,6506,10,,,1,70,,6485,10,,,1,30,,6501,10,,,1,70,,6503,10,,,1,30,,6493,10,,,1,70,,6500,10,,,1,30,,6478,10,,,1,70,,6487,10,,,1,30,,6471,10,,,1,70,,6469,10,,,1,30,,6463,10,,,1
20401,'14',1852,,6523,10,,,1,70,,6526,10,,,1,30,,6531,10,,,1,70,,6518,10,,,1,30,,767,10,,,1,70,,6528,10,,,1,30,,455,10,,,1,70,,6520,10,,,1,30,,6522,10,,,1,70,,6530,10,,,1
20401,'18',1852,,6543,10,,,1,70,,6546,10,,,1,30,,6551,10,,,1,70,,6537,10,,,1,30,,6540,10,,,1,70,,6548,10,,,1,30,,6534,10,,,1,70,,6539,10,,,1,30,,6542,10,,,1,70,,6550,10,,,1
20401,'20',1852,,6559,10,,,1,70,,6562,10,,,1,30,,6567,10,,,1,70,,6555,10,,,1,30,,707,10,,,1,70,,6564,10,,,1,30,,417,10,,,1,70,,813,10,,,1,30,,6558,10,,,1,70,,6566,10,,,1
20401,'4',722,,6588,10,,,1,30,,6578,10,,,1,70,,6621,10,,,1,30,,6623,10,,,1,70,,6604,10,,,1,30,,6617,10,,,1,70,,6572,10,,,1,30,,6600,10,,,1,70,,6580,10,,,1,30,,6576,10,,,1,70,,6585,10,,,1,30,,6605,10,,,1,70,,6624,10,,,1,30,,6597,10,,,1,70,,6611,10,,,1,30,,6587,10,,,1,70,,6625,10,,,1,30,,6615,10,,,1,70,,6593,10,,,1,30,,6610,10,,,1,70,,6612,10,,,1,30,,6601,10,,,1,70,,6609,10,,,1,30,,6586,10,,,1,70,,6595,10,,,1,30,,6579,10,,,1,70,,6577,10,,,1,30,,6571,10,,,1
20401,'8',1852,,6635,10,,,1,70,,6638,10,,,1,30,,6643,10,,,1,70,,6629,10,,,1,30,,6632,10,,,1,70,,6640,10,,,1,30,,6626,10,,,1,70,,6631,10,,,1,30,,6634,10,,,1,70,,6642,10,,,1
