11600,'10',630,,16054,1,0,9 3 10 16,1,70,,16083,1,0,9 3 10 16,1,30,,16069,1,0,9 3 10 16,1,70,,16060,1,0,9 3 10 16,1,30,,16088,1,0,9 3 10 16,1,70,,16064,1,0,9 3 10 16,1,30,,16080,1,0,9 3 10 16,1,70,,13196,1,0,9 3 10 16,1,30,,12789,1,0,9 3 10 16,1,70,,16076,1,0,9 3 10 16,1,30,,16075,1,0,9 3 10 16,1,70,,13532,1,0,9 3 10 16,1,30,,16081,1,0,9 3 10 16,1,70,,16049,1,0,9 3 10 16,1,30,,16056,1,0,9 3 10 16,1,70,,16055,1,0,9 3 10 16,1,30,,16086,1,0,9 3 10 16,1,70,,16051,1,0,9 3 10 16,1,30,,16059,1,0,9 3 10 16,1,70,,16070,1,0,9 3 10 16,1,30,,12869,1,0,9 3 10 16,1,70,,16085,1,0,9 3 10 16,1,30,,16072,1,0,9 3 10 16,1
11600,'15',630,,16094,1,0,9 3 10 16,1,70,,16124,1,0,9 3 10 16,1,30,,16110,1,0,9 3 10 16,1,70,,16101,1,0,9 3 10 16,1,30,,16129,1,0,9 3 10 16,1,70,,16105,1,0,9 3 10 16,1,30,,16121,1,0,9 3 10 16,1,70,,13232,1,0,9 3 10 16,1,30,,16099,1,0,9 3 10 16,1,70,,16117,1,0,9 3 10 16,1,30,,16116,1,0,9 3 10 16,1,70,,13578,1,0,9 3 10 16,1,30,,16122,1,0,9 3 10 16,1,70,,16089,1,0,9 3 10 16,1,30,,16096,1,0,9 3 10 16,1,70,,16095,1,0,9 3 10 16,1,30,,16127,1,0,9 3 10 16,1,70,,16091,1,0,9 3 10 16,1,30,,16100,1,0,9 3 10 16,1,70,,16111,1,0,9 3 10 16,1,30,,12911,1,0,9 3 10 16,1,70,,16126,1,0,9 3 10 16,1,30,,16113,1,0,9 3 10 16,1
11601,'10',629,,16133,4,4,,1,30,,16170,4,4,,1,70,,16141,4,4,,1,30,,16162,4,4,,1,70,,16171,4,4,,1,30,,16159,4,4,,1,70,,16153,4,4,,1,30,,16151,4,4,,1,70,,16169,4,4,,1,30,,12039,4,4,,1,70,,16148,4,4,,1,30,,16157,4,4,,1,70,,14235,4,4,,1,30,,16135,4,4,,1,70,,16150,4,4,,1,30,,16136,4,4,,1,70,,16144,4,4,,1,30,,16156,4,4,,1,70,,16131,4,4,,1,30,,16161,4,4,,1,70,,16163,4,4,,1,30,,13743,4,4,,1,70,,16152,4,4,,1,30,,16130,4,4,,1
11601,'15',629,,16177,4,4,,1,30,,16214,4,4,,1,70,,16185,4,4,,1,30,,16206,4,4,,1,70,,16215,4,4,,1,30,,16203,4,4,,1,70,,16197,4,4,,1,30,,16195,4,4,,1,70,,16213,4,4,,1,30,,12056,4,4,,1,70,,16192,4,4,,1,30,,16201,4,4,,1,70,,14242,4,4,,1,30,,16179,4,4,,1,70,,16194,4,4,,1,30,,16180,4,4,,1,70,,16188,4,4,,1,30,,16200,4,4,,1,70,,16175,4,4,,1,30,,16205,4,4,,1,70,,16207,4,4,,1,30,,13760,4,4,,1,70,,16196,4,4,,1,30,,16174,4,4,,1
21600,'10',1800,,17050,1,0,9 3 10 16,1,30,,17056,1,0,9 3 10 16,1,70,,17051,1,0,9 3 10 16,1,30,,17062,1,0,9 3 10 16,1,70,,17053,1,0,9 3 10 16,1,30,,17046,1,0,9 3 10 16,1,70,,17057,1,0,9 3 10 16,1,30,,17061,1,0,9 3 10 16,1,70,,17054,1,0,9 3 10 16,1,30,,17049,1,0,9 3 10 16,1,70,,17047,1,0,9 3 10 16,1,30,,12280,1,0,9 3 10 16,1
21600,'15',1800,,17073,1,0,9 3 10 16,1,30,,17079,1,0,9 3 10 16,1,70,,17074,1,0,9 3 10 16,1,30,,17085,1,0,9 3 10 16,1,70,,17076,1,0,9 3 10 16,1,30,,17069,1,0,9 3 10 16,1,70,,17080,1,0,9 3 10 16,1,30,,17084,1,0,9 3 10 16,1,70,,17077,1,0,9 3 10 16,1,30,,17072,1,0,9 3 10 16,1,70,,17070,1,0,9 3 10 16,1,30,,12324,1,0,9 3 10 16,1
21600,'7',700,,17117,1,0,9 3 10 16,1,30,,17128,1,0,9 3 10 16,1,70,,17100,1,0,9 3 10 16,1,30,,17139,1,0,9 3 10 16,1,70,,17108,1,0,9 3 10 16,1,30,,17142,1,0,9 3 10 16,1,70,,17145,1,0,9 3 10 16,1,30,,17099,1,0,9 3 10 16,1,70,,17144,1,0,9 3 10 16,1,30,,17138,1,0,9 3 10 16,1,70,,17133,1,0,9 3 10 16,1,30,,17096,1,0,9 3 10 16,1,70,,17127,1,0,9 3 10 16,1,30,,17134,1,0,9 3 10 16,1,70,,13621,1,0,9 3 10 16,1,30,,17101,1,0,9 3 10 16,1,70,,17143,1,0,9 3 10 16,1,30,,17098,1,0,9 3 10 16,1,70,,17140,1,0,9 3 10 16,1,30,,17112,1,0,9 3 10 16,1,70,,17120,1,0,9 3 10 16,1,30,,17109,1,0,9 3 10 16,1,70,,17102,1,0,9 3 10 16,1,30,,17124,1,0,9 3 10 16,1,70,,17126,1,0,9 3 10 16,1,30,,17118,1,0,9 3 10 16,1,70,,17135,1,0,9 3 10 16,1,30,,17097,1,0,9 3 10 16,1,70,,17141,1,0,9 3 10 16,1
21601,'10',1829,,17149,4,4,,1,30,,17155,4,4,,1,70,,17151,4,4,,1,30,,17152,4,4,,1,70,,12940,4,4,,1,30,,17156,4,4,,1,70,,17147,4,4,,1,30,,17146,4,4,,1,70,,13189,4,4,,1,30,,17160,4,4,,1,70,,17157,4,4,,1
21601,'15',1829,,13086,4,4,,1,30,,17170,4,4,,1,70,,17166,4,4,,1,30,,17167,4,4,,1,70,,12960,4,4,,1,30,,17171,4,4,,1,70,,14418,4,4,,1,30,,17163,4,4,,1,70,,13227,4,4,,1,30,,17175,4,4,,1,70,,17172,4,4,,1
21601,'7',659,,17184,4,4,,1,70,,17230,4,4,,1,30,,17222,4,4,,1,70,,17227,4,4,,1,30,,17203,4,4,,1,70,,17183,4,4,,1,30,,17228,4,4,,1,70,,17224,4,4,,1,30,,14257,4,4,,1,70,,17213,4,4,,1,30,,17189,4,4,,1,70,,17187,4,4,,1,30,,17204,4,4,,1,70,,17186,4,4,,1,30,,17192,4,4,,1,70,,17215,4,4,,1,30,,17218,4,4,,1,70,,17212,4,4,,1,30,,17221,4,4,,1,70,,17209,4,4,,1,30,,17178,4,4,,1,70,,17191,4,4,,1,30,,17196,4,4,,1,70,,17231,4,4,,1,30,,17226,4,4,,1,70,,17214,4,4,,1,30,,17195,4,4,,1,70,,17188,4,4,,1,30,,17208,4,4,,1
