10700,'12',641,,9226,16,4,,1,100,,9232,16,4,,1,70,,9220,16,4,,1,30,,9234,16,4,,1,70,,9236,16,4,,1,30,,9229,16,4,,1,100,,9228,16,4,,1,100,,9225,16,4,,1,100,,9223,16,4,,1,100,,6104,16,4,,1,100,,9233,16,4,,1,70,,3266,16,4,,1,30,,9221,16,4,,1,70,,9224,16,4,,1,30,,9230,16,4,,1,70,,9231,16,4,,1,30,,9222,16,4,,1,70,,9227,16,4,,1,30,,9235,16,4,,1
10700,'5',641,,9244,16,4,,1,100,,9250,16,4,,1,70,,9238,16,4,,1,30,,9252,16,4,,1,70,,9254,16,4,,1,30,,9247,16,4,,1,100,,9246,16,4,,1,100,,9243,16,4,,1,100,,9241,16,4,,1,100,,9237,16,4,,1,100,,9251,16,4,,1,70,,9255,16,4,,1,30,,9239,16,4,,1,70,,9242,16,4,,1,30,,9248,16,4,,1,70,,9249,16,4,,1,30,,9240,16,4,,1,70,,9245,16,4,,1,30,,9253,16,4,,1
10700,'9',641,,9262,16,4,,1,100,,9268,16,4,,1,70,,9256,16,4,,1,30,,9270,16,4,,1,70,,9272,16,4,,1,30,,9265,16,4,,1,100,,9264,16,4,,1,100,,9261,16,4,,1,100,,9259,16,4,,1,100,,6014,16,4,,1,100,,9269,16,4,,1,70,,3231,16,4,,1,30,,9257,16,4,,1,70,,9260,16,4,,1,30,,9266,16,4,,1,70,,9267,16,4,,1,30,,9258,16,4,,1,70,,9263,16,4,,1,30,,9271,16,4,,1
10701,'12',555,,5281,1,0,5 6,1,48,,9279,9,4,,1,12,,9289,1,,,1,40,,9274,1,0,5 6,1,48,,9290,9,4,,1,12,,1806,1,,,1,10,,9321,1,0,5 6,1,8,,9276,9,4,,1,12,,9318,1,,,1,10,,9315,1,0,5 6,1,48,,9305,9,4,,1,12,,4112,1,,,1,10,,9298,1,0,5 6,1,8,,9292,9,4,,1,12,,9293,1,,,1,10,,9322,1,0,5 6,1,48,,9301,9,4,,1,12,,9283,1,,,1,40,,9287,1,0,5 6,1,48,,9324,9,4,,1,12,,9275,1,,,1,40,,9308,1,0,5 6,1,48,,9320,9,4,,1,12,,9281,1,,,1,40,,9282,1,0,5 6,1,48,,9311,9,4,,1,12,,9325,1,,,1,40,,9288,1,0,5 6,1,48,,9285,9,4,,1,12,,4296,1,,,1,40,,9296,1,0,5 6,1,48,,9309,9,4,,1,12,,9294,1,,,1,10,,9291,1,0,5 6,1,8,,9302,9,4,,1,12,,9277,1,,,1,10,,9284,1,0,5 6,1,48,,9312,9,4,,1,12,,9314,1,,,1,10,,9316,1,0,5 6,1,8,,9286,9,4,,1,12,,9313,1,,,1,10,,9300,1,0,5 6,1,48,,9323,9,4,,1,12,,9319,1,,,1,10,,9299,1,0,5 6,1,8,,9278,9,4,,1,12,,9304,1,,,1,10,,9326,1,0,5 6,1,48,,9280,9,4,,1,12,,7622,1,,,1,10,,9307,1,0,5 6,1,8,,9273,9,4,,1,12,,9306,1,,,1,10,,9310,1,0,5 6,1,48,,9317,9,4,,1,12,,9303,1,,,1,40,,3264,1,0,5 6,1,48,,9295,9,4,,1,12,,9297,1,,,1
10701,'5',555,,9343,1,0,5 6,1,48,,9335,9,4,,1,12,,9346,1,,,1,40,,9330,1,0,5 6,1,48,,9347,9,4,,1,12,,9328,1,,,1,10,,9381,1,0,5 6,1,8,,9332,9,4,,1,12,,9378,1,,,1,10,,9375,1,0,5 6,1,48,,9362,9,4,,1,12,,9327,1,,,1,10,,9355,1,0,5 6,1,8,,9349,9,4,,1,12,,9350,1,,,1,10,,9382,1,0,5 6,1,48,,9358,9,4,,1,12,,9339,1,,,1,40,,9344,1,0,5 6,1,48,,9384,9,4,,1,12,,9331,1,,,1,40,,9365,1,0,5 6,1,48,,9380,9,4,,1,12,,9337,1,,,1,40,,9338,1,0,5 6,1,48,,9368,9,4,,1,12,,9385,1,,,1,40,,9345,1,0,5 6,1,48,,9341,9,4,,1,12,,9371,1,,,1,40,,9353,1,0,5 6,1,48,,9366,9,4,,1,12,,9351,1,,,1,10,,9348,1,0,5 6,1,8,,9359,9,4,,1,12,,9333,1,,,1,10,,9340,1,0,5 6,1,48,,9369,9,4,,1,12,,9374,1,,,1,10,,9376,1,0,5 6,1,8,,9342,9,4,,1,12,,9373,1,,,1,10,,9357,1,0,5 6,1,48,,9383,9,4,,1,12,,9379,1,,,1,10,,9356,1,0,5 6,1,8,,9334,9,4,,1,12,,9361,1,,,1,10,,9386,1,0,5 6,1,48,,9336,9,4,,1,12,,9370,1,,,1,10,,9364,1,0,5 6,1,8,,9329,9,4,,1,12,,9363,1,,,1,10,,9367,1,0,5 6,1,48,,9377,9,4,,1,12,,9360,1,,,1,40,,9372,1,0,5 6,1,48,,9352,9,4,,1,12,,9354,1,,,1
10701,'9',555,,9400,1,0,5 6,1,48,,9393,9,4,,1,12,,9403,1,,,1,40,,9388,1,0,5 6,1,48,,9404,9,4,,1,12,,1845,1,,,1,10,,9435,1,0,5 6,1,8,,9390,9,4,,1,12,,9432,1,,,1,10,,9429,1,0,5 6,1,48,,9419,9,4,,1,12,,4079,1,,,1,10,,9412,1,0,5 6,1,8,,9406,9,4,,1,12,,9407,1,,,1,10,,9436,1,0,5 6,1,48,,9415,9,4,,1,12,,9396,1,,,1,40,,9401,1,0,5 6,1,48,,9438,9,4,,1,12,,9389,1,,,1,40,,9422,1,0,5 6,1,48,,9434,9,4,,1,12,,9395,1,,,1,40,,7179,1,0,5 6,1,48,,9425,9,4,,1,12,,9439,1,,,1,40,,9402,1,0,5 6,1,48,,9398,9,4,,1,12,,4179,1,,,1,40,,9410,1,0,5 6,1,48,,9423,9,4,,1,12,,9408,1,,,1,10,,9405,1,0,5 6,1,8,,9416,9,4,,1,12,,9391,1,,,1,10,,9397,1,0,5 6,1,48,,9426,9,4,,1,12,,9428,1,,,1,10,,9430,1,0,5 6,1,8,,9399,9,4,,1,12,,9427,1,,,1,10,,9414,1,0,5 6,1,48,,9437,9,4,,1,12,,9433,1,,,1,10,,9413,1,0,5 6,1,8,,9392,9,4,,1,12,,9418,1,,,1,10,,9440,1,0,5 6,1,48,,9394,9,4,,1,12,,7605,1,,,1,10,,9421,1,0,5 6,1,8,,9387,9,4,,1,12,,9420,1,,,1,10,,9424,1,0,5 6,1,48,,9431,9,4,,1,12,,9417,1,,,1,40,,3228,1,0,5 6,1,48,,9409,9,4,,1,12,,9411,1,,,1
10800,'12',708,,9468,13,4,,1,7,,3575,1,,,1,23,,9461,13,4,,1,7,,9449,1,,,1,63,,1519,13,4,,1,7,,9460,1,,,1,23,,9459,13,4,,1,7,,5158,1,,,1,63,,9454,13,4,,1,7,,9466,1,,,1,23,,9445,13,4,,1,7,,9469,1,,,1,93,,9467,13,4,,1,7,,9448,1,,,1,93,,9450,13,4,,1,7,,9455,1,,,1,93,,9457,13,4,,1,7,,9456,1,,,1,93,,9465,13,4,,1,7,,9458,1,,,1,93,,9463,13,4,,1,7,,9464,1,,,1,63,,9452,13,4,,1,7,,9462,1,,,1,23,,9446,13,4,,1,7,,9441,1,,,1,63,,9443,13,4,,1,7,,9442,1,,,1,23,,9447,13,4,,1,7,,9444,1,,,1,63,,9451,13,4,,1,7,,7107,1,,,1,23,,9453,13,4,,1,7,,5692,1,,,1
10800,'5',708,,9491,13,4,,1,7,,9481,1,,,1,23,,9497,13,4,,1,7,,9483,1,,,1,63,,9479,13,4,,1,7,,9474,1,,,1,23,,9495,13,4,,1,7,,9493,1,,,1,63,,9470,13,4,,1,7,,9471,1,,,1,23,,9477,13,4,,1,7,,9503,1,,,1,93,,9502,13,4,,1,7,,9482,1,,,1,93,,9484,13,4,,1,7,,9488,1,,,1,93,,9492,13,4,,1,7,,9489,1,,,1,93,,9501,13,4,,1,7,,9494,1,,,1,93,,9499,13,4,,1,7,,9500,1,,,1,63,,9486,13,4,,1,7,,9498,1,,,1,23,,9478,13,4,,1,7,,9472,1,,,1,63,,9475,13,4,,1,7,,9473,1,,,1,23,,9480,13,4,,1,7,,9476,1,,,1,63,,9485,13,4,,1,7,,9490,1,,,1,23,,9487,13,4,,1,7,,9496,1,,,1
10800,'9',708,,9524,13,4,,1,7,,9514,1,,,1,23,,9528,13,4,,1,7,,9516,1,,,1,63,,390,13,4,,1,7,,9508,1,,,1,23,,9527,13,4,,1,7,,5112,1,,,1,63,,9504,13,4,,1,7,,9505,1,,,1,23,,9511,13,4,,1,7,,9534,1,,,1,93,,9533,13,4,,1,7,,9515,1,,,1,93,,9517,13,4,,1,7,,9521,1,,,1,93,,9525,13,4,,1,7,,9522,1,,,1,93,,9532,13,4,,1,7,,9526,1,,,1,93,,9530,13,4,,1,7,,9531,1,,,1,63,,9519,13,4,,1,7,,9529,1,,,1,23,,9512,13,4,,1,7,,9506,1,,,1,63,,9509,13,4,,1,7,,9507,1,,,1,23,,9513,13,4,,1,7,,9510,1,,,1,63,,9518,13,4,,1,7,,9523,1,,,1,23,,9520,13,4,,1,7,,5669,1,,,1
11401,'12',647,,10375,22,,,1,100,,10374,22,,,1,100,,10369,22,,,1,100,,10370,22,,,1,100,,10373,22,,,1,100,,10365,22,,,1,100,,10367,22,,,1,100,,10372,22,,,1,100,,10366,22,,,1,100,,10368,22,,,1,100,,10371,22,,,1,100,,6417,22,,,1
11401,'5',647,,10387,22,,,1,100,,10386,22,,,1,100,,10381,22,,,1,100,,10382,22,,,1,100,,10385,22,,,1,100,,10377,22,,,1,100,,10379,22,,,1,100,,10384,22,,,1,100,,10378,22,,,1,100,,10380,22,,,1,100,,10383,22,,,1,100,,10376,22,,,1
11401,'9',647,,10398,22,,,1,100,,10397,22,,,1,100,,10392,22,,,1,100,,10393,22,,,1,100,,10396,22,,,1,100,,10388,22,,,1,100,,10390,22,,,1,100,,10395,22,,,1,100,,10389,22,,,1,100,,10391,22,,,1,100,,10394,22,,,1,100,,6400,22,,,1
21401,'12',1848,,11727,28,,,1,100,,11730,28,,,1,100,,11728,28,,,1,100,,11731,28,,,1,100,,11729,28,,,1
21401,'5',1848,,11736,28,,,1,100,,11734,28,,,1,100,,11733,28,,,1,100,,11732,28,,,1,100,,11735,28,,,1
21401,'7',748,,11739,28,,,1,100,,11741,28,,,1,100,,11744,28,,,1,100,,11742,28,,,1,100,,11749,28,,,1,100,,11746,28,,,1,100,,11748,28,,,1,100,,11738,28,,,1,100,,11740,28,,,1,100,,11743,28,,,1,100,,11745,28,,,1,100,,11747,28,,,1,100,,11737,28,,,1
21401,'9',1848,,11751,28,,,1,100,,5663,28,,,1,100,,11752,28,,,1,100,,11753,28,,,1,100,,11750,28,,,1
