11600,'14',647,,8382,4,,1,70,,8393,4,,1,30,,8365,4,,1,70,,8369,4,,1,30,,8388,4,,1,70,,8361,4,,1,30,,3222,4,,1,70,,8385,4,,1,30,,8389,4,,1,70,,8397,4,,1,30,,8372,4,,1,70,,8401,4,,1,30,,8373,4,,1,70,,8394,4,,1,30,,8370,4,,1,70,,8367,4,,1,30,,8392,4,,1,70,,8386,4,,1,30,,8377,4,,1,70,,3414,4,,1,30,,8366,4,,1,70,,8374,4,,1,30,,8362,4,,1
11600,'18',647,,8427,4,,1,70,,8439,4,,1,30,,8407,4,,1,70,,8411,4,,1,30,,8434,4,,1,70,,8403,4,,1,30,,8431,4,,1,70,,8430,4,,1,30,,8435,4,,1,70,,8443,4,,1,30,,8415,4,,1,70,,8447,4,,1,30,,8416,4,,1,70,,8440,4,,1,30,,8412,4,,1,70,,8409,4,,1,30,,8438,4,,1,70,,8432,4,,1,30,,8422,4,,1,70,,8419,4,,1,30,,8408,4,,1,70,,8417,4,,1,30,,8404,4,,1
11600,'20',647,,8470,4,,1,70,,8481,4,,1,30,,8453,4,,1,70,,8457,4,,1,30,,8476,4,,1,70,,8449,4,,1,30,,3177,4,,1,70,,8473,4,,1,30,,8477,4,,1,70,,8485,4,,1,30,,8460,4,,1,70,,8489,4,,1,30,,8461,4,,1,70,,8482,4,,1,30,,8458,4,,1,70,,8455,4,,1,30,,8480,4,,1,70,,8474,4,,1,30,,8465,4,,1,70,,3399,4,,1,30,,8454,4,,1,70,,8462,4,,1,30,,8450,4,,1
11600,'8',647,,8515,4,,1,70,,8527,4,,1,30,,8495,4,,1,70,,8499,4,,1,30,,8522,4,,1,70,,8491,4,,1,30,,8519,4,,1,70,,8518,4,,1,30,,8523,4,,1,70,,8531,4,,1,30,,8503,4,,1,70,,8535,4,,1,30,,8504,4,,1,70,,8528,4,,1,30,,8500,4,,1,70,,8497,4,,1,30,,8526,4,,1,70,,8520,4,,1,30,,8510,4,,1,70,,8507,4,,1,30,,8496,4,,1,70,,8505,4,,1,30,,8492,4,,1
11601,'14',605,,8565,0,9 3 10 16,1,30,,8542,0,9 3 10 16,1,70,,8544,0,9 3 10 16,1,30,,8574,0,9 3 10 16,1,70,,8566,0,9 3 10 16,1,30,,3097,0,9 3 10 16,1,70,,8541,0,9 3 10 16,1,30,,8558,0,9 3 10 16,1,70,,8550,0,9 3 10 16,1,30,,8576,0,9 3 10 16,1,70,,8570,0,9 3 10 16,1,30,,8569,0,9 3 10 16,1,70,,8547,0,9 3 10 16,1,30,,8554,0,9 3 10 16,1,70,,8567,0,9 3 10 16,1,30,,3913,0,9 3 10 16,1,70,,8543,0,9 3 10 16,1,30,,8555,0,9 3 10 16,1,70,,8575,0,9 3 10 16,1,30,,8563,0,9 3 10 16,1,70,,8557,0,9 3 10 16,1,30,,8556,0,9 3 10 16,1,70,,8549,0,9 3 10 16,1,30,,8548,0,9 3 10 16,1
11601,'18',605,,8612,0,9 3 10 16,1,30,,8585,0,9 3 10 16,1,70,,8587,0,9 3 10 16,1,30,,8622,0,9 3 10 16,1,70,,8613,0,9 3 10 16,1,30,,8615,0,9 3 10 16,1,70,,8584,0,9 3 10 16,1,30,,8604,0,9 3 10 16,1,70,,8594,0,9 3 10 16,1,30,,8624,0,9 3 10 16,1,70,,8618,0,9 3 10 16,1,30,,8617,0,9 3 10 16,1,70,,8591,0,9 3 10 16,1,30,,8599,0,9 3 10 16,1,70,,8614,0,9 3 10 16,1,30,,8590,0,9 3 10 16,1,70,,8586,0,9 3 10 16,1,30,,8600,0,9 3 10 16,1,70,,8623,0,9 3 10 16,1,30,,8610,0,9 3 10 16,1,70,,8603,0,9 3 10 16,1,30,,8601,0,9 3 10 16,1,70,,8593,0,9 3 10 16,1,30,,8592,0,9 3 10 16,1
11601,'20',605,,8655,0,9 3 10 16,1,30,,8632,0,9 3 10 16,1,70,,8634,0,9 3 10 16,1,30,,8664,0,9 3 10 16,1,70,,8656,0,9 3 10 16,1,30,,3080,0,9 3 10 16,1,70,,8631,0,9 3 10 16,1,30,,8647,0,9 3 10 16,1,70,,8641,0,9 3 10 16,1,30,,8666,0,9 3 10 16,1,70,,8660,0,9 3 10 16,1,30,,8659,0,9 3 10 16,1,70,,8638,0,9 3 10 16,1,30,,8644,0,9 3 10 16,1,70,,8657,0,9 3 10 16,1,30,,8637,0,9 3 10 16,1,70,,8633,0,9 3 10 16,1,30,,436,0,9 3 10 16,1,70,,8665,0,9 3 10 16,1,30,,8653,0,9 3 10 16,1,70,,8646,0,9 3 10 16,1,30,,8645,0,9 3 10 16,1,70,,8640,0,9 3 10 16,1,30,,8639,0,9 3 10 16,1
11601,'8',605,,8702,0,9 3 10 16,1,30,,8675,0,9 3 10 16,1,70,,8677,0,9 3 10 16,1,30,,8712,0,9 3 10 16,1,70,,8703,0,9 3 10 16,1,30,,8705,0,9 3 10 16,1,70,,8674,0,9 3 10 16,1,30,,8694,0,9 3 10 16,1,70,,8684,0,9 3 10 16,1,30,,8714,0,9 3 10 16,1,70,,8708,0,9 3 10 16,1,30,,8707,0,9 3 10 16,1,70,,8681,0,9 3 10 16,1,30,,8689,0,9 3 10 16,1,70,,8704,0,9 3 10 16,1,30,,8680,0,9 3 10 16,1,70,,8676,0,9 3 10 16,1,30,,8690,0,9 3 10 16,1,70,,8713,0,9 3 10 16,1,30,,8700,0,9 3 10 16,1,70,,8693,0,9 3 10 16,1,30,,8691,0,9 3 10 16,1,70,,8683,0,9 3 10 16,1,30,,8682,0,9 3 10 16,1
21600,'11',717,,10445,4,,1,30,,10485,4,,1,70,,10467,4,,1,30,,10447,4,,1,70,,10468,4,,1,30,,10452,4,,1,70,,10481,4,,1,30,,10488,4,,1,70,,10454,4,,1,30,,10478,4,,1,70,,10436,4,,1,30,,4576,4,,1,70,,10473,4,,1,30,,10464,4,,1,70,,10439,4,,1,30,,10451,4,,1,70,,10461,4,,1,30,,10480,4,,1,70,,10469,4,,1,30,,10444,4,,1,70,,10463,4,,1,30,,10472,4,,1,70,,10449,4,,1,30,,10438,4,,1,70,,10487,4,,1,30,,10466,4,,1,70,,10486,4,,1,30,,10489,4,,1,70,,10440,4,,1
21600,'14',1817,,10515,4,,1,30,,10499,4,,1,70,,10500,4,,1,30,,10508,4,,1,70,,10507,4,,1,30,,10504,4,,1,70,,10497,4,,1,30,,10511,4,,1,70,,10505,4,,1,30,,10509,4,,1,70,,10498,4,,1,30,,10502,4,,1
21600,'18',1817,,10539,4,,1,30,,10522,4,,1,70,,10523,4,,1,30,,10532,4,,1,70,,10531,4,,1,30,,10528,4,,1,70,,10520,4,,1,30,,10535,4,,1,70,,10529,4,,1,30,,10533,4,,1,70,,10521,4,,1,30,,10525,4,,1
21600,'20',1817,,10563,4,,1,30,,10546,4,,1,70,,10547,4,,1,30,,10556,4,,1,70,,10555,4,,1,30,,10552,4,,1,70,,10544,4,,1,30,,10559,4,,1,70,,10553,4,,1,30,,10557,4,,1,70,,10545,4,,1,30,,10549,4,,1
21600,'4',717,,10573,4,,1,30,,10614,4,,1,70,,10595,4,,1,30,,10575,4,,1,70,,10596,4,,1,30,,10580,4,,1,70,,10610,4,,1,30,,10617,4,,1,70,,10582,4,,1,30,,10607,4,,1,70,,10564,4,,1,30,,10597,4,,1,70,,10602,4,,1,30,,10592,4,,1,70,,10567,4,,1,30,,10579,4,,1,70,,10589,4,,1,30,,10609,4,,1,70,,10598,4,,1,30,,10572,4,,1,70,,10591,4,,1,30,,10601,4,,1,70,,10577,4,,1,30,,10566,4,,1,70,,10616,4,,1,30,,10594,4,,1,70,,10615,4,,1,30,,10618,4,,1,70,,10568,4,,1
21600,'8',1817,,10645,4,,1,30,,10628,4,,1,70,,10629,4,,1,30,,10638,4,,1,70,,10637,4,,1,30,,10634,4,,1,70,,10626,4,,1,30,,10641,4,,1,70,,10635,4,,1,30,,10639,4,,1,70,,10627,4,,1,30,,10631,4,,1
21601,'11',635,,10694,0,9 3 10 16,1,70,,10676,0,9 3 10 16,1,30,,10683,0,9 3 10 16,1,70,,10671,0,9 3 10 16,1,30,,10678,0,9 3 10 16,1,70,,10696,0,9 3 10 16,1,30,,10670,0,9 3 10 16,1,70,,10673,0,9 3 10 16,1,30,,10648,0,9 3 10 16,1,70,,10692,0,9 3 10 16,1,30,,10666,0,9 3 10 16,1,70,,10681,0,9 3 10 16,1,30,,10688,0,9 3 10 16,1,70,,10701,0,9 3 10 16,1,30,,10693,0,9 3 10 16,1,70,,10690,0,9 3 10 16,1,30,,10660,0,9 3 10 16,1,70,,10675,0,9 3 10 16,1,30,,10656,0,9 3 10 16,1,70,,10665,0,9 3 10 16,1,30,,10674,0,9 3 10 16,1,70,,10655,0,9 3 10 16,1,30,,10700,0,9 3 10 16,1,70,,10668,0,9 3 10 16,1,30,,10702,0,9 3 10 16,1,70,,5120,0,9 3 10 16,1,30,,10653,0,9 3 10 16,1,70,,10663,0,9 3 10 16,1,30,,10687,0,9 3 10 16,1
21601,'14',1805,,10707,0,9 3 10 16,1,30,,10719,0,9 3 10 16,1,70,,10712,0,9 3 10 16,1,30,,10709,0,9 3 10 16,1,70,,4301,0,9 3 10 16,1,30,,10710,0,9 3 10 16,1,70,,10721,0,9 3 10 16,1,30,,10715,0,9 3 10 16,1,70,,10717,0,9 3 10 16,1,30,,10704,0,9 3 10 16,1,70,,10718,0,9 3 10 16,1
21601,'18',1805,,10728,0,9 3 10 16,1,30,,10741,0,9 3 10 16,1,70,,10733,0,9 3 10 16,1,30,,10730,0,9 3 10 16,1,70,,10738,0,9 3 10 16,1,30,,10731,0,9 3 10 16,1,70,,10743,0,9 3 10 16,1,30,,10736,0,9 3 10 16,1,70,,10739,0,9 3 10 16,1,30,,10725,0,9 3 10 16,1,70,,10740,0,9 3 10 16,1
21601,'20',1805,,10749,0,9 3 10 16,1,30,,10761,0,9 3 10 16,1,70,,10754,0,9 3 10 16,1,30,,10751,0,9 3 10 16,1,70,,4261,0,9 3 10 16,1,30,,10752,0,9 3 10 16,1,70,,10763,0,9 3 10 16,1,30,,10757,0,9 3 10 16,1,70,,10759,0,9 3 10 16,1,30,,10746,0,9 3 10 16,1,70,,10760,0,9 3 10 16,1
21601,'4',635,,10814,0,9 3 10 16,1,70,,10796,0,9 3 10 16,1,30,,10803,0,9 3 10 16,1,70,,10790,0,9 3 10 16,1,30,,10798,0,9 3 10 16,1,70,,10816,0,9 3 10 16,1,30,,10789,0,9 3 10 16,1,70,,10793,0,9 3 10 16,1,30,,10767,0,9 3 10 16,1,70,,10812,0,9 3 10 16,1,30,,10785,0,9 3 10 16,1,70,,10801,0,9 3 10 16,1,30,,10808,0,9 3 10 16,1,70,,10821,0,9 3 10 16,1,30,,10813,0,9 3 10 16,1,70,,10810,0,9 3 10 16,1,30,,10779,0,9 3 10 16,1,70,,10795,0,9 3 10 16,1,30,,10775,0,9 3 10 16,1,70,,10784,0,9 3 10 16,1,30,,10794,0,9 3 10 16,1,70,,10774,0,9 3 10 16,1,30,,10820,0,9 3 10 16,1,70,,10787,0,9 3 10 16,1,30,,10822,0,9 3 10 16,1,70,,10791,0,9 3 10 16,1,30,,10772,0,9 3 10 16,1,70,,10782,0,9 3 10 16,1,30,,10807,0,9 3 10 16,1
21601,'8',1805,,10828,0,9 3 10 16,1,30,,10841,0,9 3 10 16,1,70,,10833,0,9 3 10 16,1,30,,10830,0,9 3 10 16,1,70,,10838,0,9 3 10 16,1,30,,10831,0,9 3 10 16,1,70,,10843,0,9 3 10 16,1,30,,10836,0,9 3 10 16,1,70,,10839,0,9 3 10 16,1,30,,10825,0,9 3 10 16,1,70,,10840,0,9 3 10 16,1
