10101,'14',644,,151,8,,,1,70,,2939,8,,,1,30,,2950,8,,,1,70,,2945,8,,,1,30,,2863,8,,,1,70,,2944,8,,,1,30,,2948,8,,,1,100,,2943,8,,,1,100,,2937,8,,,1,100,,2940,8,,,1,100,,2941,8,,,1,101,,2938,8,,,1,70,,2947,8,,,1,30,,2936,8,,,1,70,,2942,8,,,1,30,,2946,8,,,1,70,,2949,8,,,1,30,,2935,8,,,1
10101,'18',644,,2956,8,,,1,70,,2955,8,,,1,30,,2968,8,,,1,70,,2962,8,,,1,30,,2963,8,,,1,70,,2961,8,,,1,30,,2966,8,,,1,100,,2960,8,,,1,100,,2953,8,,,1,100,,2957,8,,,1,100,,2958,8,,,1,101,,2954,8,,,1,70,,2965,8,,,1,30,,2952,8,,,1,70,,2959,8,,,1,30,,2964,8,,,1,70,,2967,8,,,1,30,,2951,8,,,1
10101,'20',644,,94,8,,,1,70,,2973,8,,,1,30,,2984,8,,,1,70,,2979,8,,,1,30,,2783,8,,,1,70,,2978,8,,,1,30,,2982,8,,,1,100,,2977,8,,,1,100,,2971,8,,,1,100,,2974,8,,,1,100,,2975,8,,,1,101,,2972,8,,,1,70,,2981,8,,,1,30,,2970,8,,,1,70,,2976,8,,,1,30,,2980,8,,,1,70,,2983,8,,,1,30,,2969,8,,,1
10101,'8',644,,2990,8,,,1,70,,2989,8,,,1,30,,3002,8,,,1,70,,2996,8,,,1,30,,2997,8,,,1,70,,2995,8,,,1,30,,3000,8,,,1,100,,2994,8,,,1,100,,2987,8,,,1,100,,2991,8,,,1,100,,2992,8,,,1,101,,2988,8,,,1,70,,2999,8,,,1,30,,2986,8,,,1,70,,2993,8,,,1,30,,2998,8,,,1,70,,3001,8,,,1,30,,2985,8,,,1
11101,'14',620,,5112,5,,,1,30,,5103,5,,,1,70,,5114,5,,,1,30,,5119,5,,,1,70,,5107,5,,,1,30,,5102,5,,,1,70,,5110,5,,,1,30,,5118,5,,,1,70,,5120,5,,,1,30,,5108,5,,,1,70,,793,5,,,1,30,,5101,5,,,1,70,,5109,5,,,1,30,,5113,5,,,1,70,,5116,5,,,1,30,,5115,5,,,1,71,,5117,5,,,1,30,,5106,5,,,1,70,,5105,5,,,1,30,,5111,5,,,1,70,,5122,5,,,1,30,,453,5,,,1,70,,1216,5,,,1,30,,5121,5,,,1,70,,5104,5,,,1
11101,'18',620,,5136,5,,,1,30,,5126,5,,,1,70,,5138,5,,,1,30,,5144,5,,,1,70,,5130,5,,,1,30,,5124,5,,,1,70,,5133,5,,,1,30,,5143,5,,,1,70,,5145,5,,,1,30,,5131,5,,,1,70,,5140,5,,,1,30,,5123,5,,,1,70,,5132,5,,,1,30,,5137,5,,,1,70,,5141,5,,,1,30,,5139,5,,,1,71,,5142,5,,,1,30,,5129,5,,,1,70,,5128,5,,,1,30,,5135,5,,,1,70,,5147,5,,,1,30,,5125,5,,,1,70,,5134,5,,,1,30,,5146,5,,,1,70,,5127,5,,,1
11101,'20',620,,5158,5,,,1,30,,5149,5,,,1,70,,5160,5,,,1,30,,5167,5,,,1,70,,5150,5,,,1,30,,5148,5,,,1,70,,5155,5,,,1,30,,5165,5,,,1,70,,5168,5,,,1,30,,5157,5,,,1,70,,733,5,,,1,30,,5163,5,,,1,70,,5153,5,,,1,30,,5152,5,,,1,70,,5166,5,,,1,30,,510,5,,,1,71,,5164,5,,,1,30,,2557,5,,,1,70,,5161,5,,,1,30,,5151,5,,,1,70,,5154,5,,,1,30,,5156,5,,,1,70,,1864,5,,,1,30,,5162,5,,,1,70,,5159,5,,,1
11101,'8',620,,5181,5,,,1,30,,5170,5,,,1,70,,5184,5,,,1,30,,5192,5,,,1,70,,5171,5,,,1,30,,5169,5,,,1,70,,5176,5,,,1,30,,5190,5,,,1,70,,5193,5,,,1,30,,5179,5,,,1,70,,5188,5,,,1,30,,5187,5,,,1,70,,5174,5,,,1,30,,5173,5,,,1,70,,5191,5,,,1,30,,5178,5,,,1,71,,5189,5,,,1,30,,5183,5,,,1,70,,5185,5,,,1,30,,5172,5,,,1,70,,5175,5,,,1,30,,5177,5,,,1,70,,5180,5,,,1,30,,5186,5,,,1,70,,5182,5,,,1
21101,'11',720,,7590,5,,,1,30,,7598,5,,,1,70,,7592,5,,,1,30,,7591,5,,,1,70,,7577,5,,,1,30,,7597,5,,,1,70,,7594,5,,,1,30,,7600,5,,,1,70,,7578,5,,,1,30,,7589,5,,,1,70,,7595,5,,,1,30,,7581,5,,,1,70,,7593,5,,,1,30,,2377,5,,,1,70,,7596,5,,,1,30,,7601,5,,,1,70,,7576,5,,,1,30,,7582,5,,,1,70,,7588,5,,,1,30,,7586,5,,,1,70,,7587,5,,,1,30,,7583,5,,,1,70,,7579,5,,,1,30,,7580,5,,,1,70,,7599,5,,,1,30,,7584,5,,,1,70,,7585,5,,,1
21101,'14',1850,,7609,5,,,1,70,,7606,5,,,1,30,,7608,5,,,1,70,,596,5,,,1,30,,7603,5,,,1,70,,7604,5,,,1,30,,7602,5,,,1,70,,7605,5,,,1,30,,7607,5,,,1
21101,'18',1850,,7618,5,,,1,70,,7615,5,,,1,30,,7617,5,,,1,70,,7614,5,,,1,30,,7611,5,,,1,70,,7612,5,,,1,30,,7610,5,,,1,70,,7613,5,,,1,30,,7616,5,,,1
21101,'20',1850,,7623,5,,,1,70,,7624,5,,,1,30,,7626,5,,,1,70,,579,5,,,1,30,,7620,5,,,1,70,,7621,5,,,1,30,,7619,5,,,1,70,,7622,5,,,1,30,,7625,5,,,1
21101,'4',720,,7641,5,,,1,30,,7650,5,,,1,70,,7643,5,,,1,30,,7642,5,,,1,70,,7628,5,,,1,30,,7649,5,,,1,70,,7646,5,,,1,30,,7652,5,,,1,70,,7629,5,,,1,30,,7640,5,,,1,70,,7647,5,,,1,30,,7632,5,,,1,70,,7645,5,,,1,30,,7644,5,,,1,70,,7648,5,,,1,30,,7653,5,,,1,70,,7627,5,,,1,30,,7633,5,,,1,70,,7639,5,,,1,30,,7637,5,,,1,70,,7638,5,,,1,30,,7634,5,,,1,70,,7630,5,,,1,30,,7631,5,,,1,70,,7651,5,,,1,30,,7635,5,,,1,70,,7636,5,,,1
21101,'8',1850,,7659,5,,,1,70,,7660,5,,,1,30,,7662,5,,,1,70,,7658,5,,,1,30,,7655,5,,,1,70,,7656,5,,,1,30,,7654,5,,,1,70,,7657,5,,,1,30,,7661,5,,,1
