10700,'12',639,,9226,14,0,5 6,1,100,,9232,14,0,5 6,1,70,,9220,14,0,5 6,1,30,,9234,14,0,5 6,1,70,,9236,14,0,5 6,1,30,,9229,14,0,5 6,1,100,,9228,14,0,5 6,1,100,,9225,14,0,5 6,1,100,,9223,14,0,5 6,1,100,,6104,14,0,5 6,1,100,,9233,14,0,5 6,1,70,,3266,14,0,5 6,1,30,,9221,14,0,5 6,1,70,,9224,14,0,5 6,1,30,,9230,14,0,5 6,1,70,,9231,14,0,5 6,1,30,,9222,14,0,5 6,1,70,,9227,14,0,5 6,1,30,,9235,14,0,5 6,1
10700,'5',639,,9244,14,0,5 6,1,100,,9250,14,0,5 6,1,70,,9238,14,0,5 6,1,30,,9252,14,0,5 6,1,70,,9254,14,0,5 6,1,30,,9247,14,0,5 6,1,100,,9246,14,0,5 6,1,100,,9243,14,0,5 6,1,100,,9241,14,0,5 6,1,100,,9237,14,0,5 6,1,100,,9251,14,0,5 6,1,70,,9255,14,0,5 6,1,30,,9239,14,0,5 6,1,70,,9242,14,0,5 6,1,30,,9248,14,0,5 6,1,70,,9249,14,0,5 6,1,30,,9240,14,0,5 6,1,70,,9245,14,0,5 6,1,30,,9253,14,0,5 6,1
10700,'9',639,,9262,14,0,5 6,1,100,,9268,14,0,5 6,1,70,,9256,14,0,5 6,1,30,,9270,14,0,5 6,1,70,,9272,14,0,5 6,1,30,,9265,14,0,5 6,1,100,,9264,14,0,5 6,1,100,,9261,14,0,5 6,1,100,,9259,14,0,5 6,1,100,,6014,14,0,5 6,1,100,,9269,14,0,5 6,1,70,,3231,14,0,5 6,1,30,,9257,14,0,5 6,1,70,,9260,14,0,5 6,1,30,,9266,14,0,5 6,1,70,,9267,14,0,5 6,1,30,,9258,14,0,5 6,1,70,,9263,14,0,5 6,1,30,,9271,14,0,5 6,1
10801,'12',643,,9542,20,,,1,70,,9541,20,,,1,30,,9551,20,,,1,70,,9538,20,,,1,30,,9543,20,,,1,70,,9539,20,,,1,100,,9536,20,,,1,100,,9550,20,,,1,100,,9547,20,,,1,100,,9549,20,,,1,100,,9544,20,,,1,30,,9546,20,,,1,70,,9548,20,,,1,30,,6419,20,,,1,70,,2911,20,,,1,30,,9535,20,,,1,70,,9540,20,,,1
10801,'5',643,,9561,20,,,1,70,,9557,20,,,1,30,,9569,20,,,1,70,,9554,20,,,1,30,,9570,20,,,1,70,,9555,20,,,1,100,,9553,20,,,1,100,,9568,20,,,1,100,,9565,20,,,1,100,,9567,20,,,1,100,,9560,20,,,1,30,,9563,20,,,1,70,,9566,20,,,1,30,,9558,20,,,1,70,,9559,20,,,1,30,,9552,20,,,1,70,,9556,20,,,1
10801,'9',643,,3662,20,,,1,70,,9576,20,,,1,30,,9585,20,,,1,70,,9573,20,,,1,30,,9586,20,,,1,70,,9574,20,,,1,100,,9572,20,,,1,100,,9584,20,,,1,100,,9581,20,,,1,100,,9583,20,,,1,100,,9577,20,,,1,30,,9579,20,,,1,70,,9582,20,,,1,30,,6402,20,,,1,70,,2877,20,,,1,30,,9571,20,,,1,70,,9575,20,,,1
11400,'12',635,,10334,11,,,1,100,,10340,11,,,1,100,,10339,11,,,1,100,,10333,11,,,1,100,,10336,11,,,1,100,,10337,11,,,1,100,,10341,11,,,1,100,,10342,11,,,1,100,,10335,11,,,1,100,,10338,11,,,1,100,,2398,11,,,1,100,,4454,11,,,1
11400,'5',635,,10344,11,,,1,100,,10352,11,,,1,100,,10351,11,,,1,100,,10343,11,,,1,100,,10347,11,,,1,100,,10348,11,,,1,100,,10353,11,,,1,100,,10354,11,,,1,100,,10346,11,,,1,100,,10350,11,,,1,100,,10349,11,,,1,100,,10345,11,,,1
11400,'9',635,,10356,11,,,1,100,,10362,11,,,1,100,,10361,11,,,1,100,,10355,11,,,1,100,,10358,11,,,1,100,,10359,11,,,1,100,,10363,11,,,1,100,,10364,11,,,1,100,,10357,11,,,1,100,,10360,11,,,1,100,,2436,11,,,1,100,,4386,11,,,1
21400,'12',1835,,11705,11,,,1,100,,11704,11,,,1,100,,11703,11,,,1,100,,11701,11,,,1,100,,11702,11,,,1
21400,'5',1835,,11709,11,,,1,100,,11708,11,,,1,100,,11706,11,,,1,100,,11710,11,,,1,100,,11707,11,,,1
21400,'7',735,,11714,11,,,1,100,,11717,11,,,1,100,,11715,11,,,1,100,,11722,11,,,1,100,,11721,11,,,1,100,,11713,11,,,1,100,,11719,11,,,1,100,,11711,11,,,1,100,,11720,11,,,1,100,,11716,11,,,1,100,,11712,11,,,1,100,,6829,11,,,1,100,,11718,11,,,1
21400,'9',1835,,11726,11,,,1,100,,11724,11,,,1,100,,11725,11,,,1,100,,11723,11,,,1,100,,7972,11,,,1
