10601,'12',614,,9166,23,,,1,100,,9177,23,,,1,30,,9172,23,,,1,70,,9178,23,,,1,30,,9175,23,,,1,70,,9162,23,,,1,100,,4862,23,,,1,100,,9164,23,,,1,100,,9163,23,,,1,100,,9173,23,,,1,100,,9179,23,,,1,30,,9180,23,,,1,70,,9170,23,,,1,30,,9174,23,,,1,70,,9167,23,,,1,30,,9169,23,,,1,70,,9168,23,,,1,30,,9165,23,,,1,70,,9176,23,,,1
10601,'5',614,,9185,23,,,1,100,,9197,23,,,1,30,,9192,23,,,1,70,,9198,23,,,1,30,,9195,23,,,1,70,,9181,23,,,1,100,,9186,23,,,1,100,,9183,23,,,1,100,,9182,23,,,1,100,,9193,23,,,1,100,,9199,23,,,1,30,,9200,23,,,1,70,,9190,23,,,1,30,,9194,23,,,1,70,,9187,23,,,1,30,,9189,23,,,1,70,,9188,23,,,1,30,,9184,23,,,1,70,,9196,23,,,1
10601,'9',614,,9205,23,,,1,100,,9216,23,,,1,30,,9211,23,,,1,70,,9217,23,,,1,30,,9214,23,,,1,70,,9201,23,,,1,100,,4816,23,,,1,100,,9203,23,,,1,100,,9202,23,,,1,100,,9212,23,,,1,100,,9218,23,,,1,30,,9219,23,,,1,70,,9209,23,,,1,30,,9213,23,,,1,70,,9206,23,,,1,30,,9208,23,,,1,70,,9207,23,,,1,30,,9204,23,,,1,70,,9215,23,,,1
11201,'12',721,,10065,9,,,1,100,,10054,9,,,1,100,,10047,9,,,1,100,,10052,9,,,1,100,,10049,9,,,1,100,,10053,9,,,1,100,,10063,9,,,1,100,,10050,9,,,1,100,,10062,9,,,1,100,,10058,9,,,1,100,,10059,9,,,1
11201,'5',721,,10087,9,,,1,100,,10075,9,,,1,100,,10074,9,,,1,100,,10084,9,,,1,100,,10068,9,,,1,100,,10073,9,,,1,100,,10086,9,,,1,100,,10071,9,,,1,100,,10085,9,,,1,100,,10081,9,,,1,100,,10082,9,,,1
11201,'9',721,,10100,9,,,1,100,,10090,9,,,1,100,,10105,9,,,1,100,,10095,9,,,1,100,,10091,9,,,1,100,,10096,9,,,1,100,,10107,9,,,1,100,,10092,9,,,1,100,,10106,9,,,1,100,,10102,9,,,1,100,,10103,9,,,1
20601,'12',1843,,11178,13,,,1,70,,11175,13,,,1,30,,11181,13,,,1,70,,11183,13,,,1,30,,11179,13,,,1,70,,11172,13,,,1,30,,11182,13,,,1,70,,11177,13,,,1,30,,5642,13,,,1,70,,11170,13,,,1
20601,'5',1843,,11195,13,,,1,70,,11192,13,,,1,30,,11188,13,,,1,70,,11203,13,,,1,30,,11197,13,,,1,70,,11186,13,,,1,30,,11202,13,,,1,70,,11194,13,,,1,30,,11200,13,,,1,70,,11184,13,,,1
20601,'7',713,,11205,13,,,1,30,,11220,13,,,1,70,,11236,13,,,1,30,,11246,13,,,1,70,,11208,13,,,1,30,,11238,13,,,1,70,,11207,13,,,1,30,,11210,13,,,1,70,,11219,13,,,1,30,,11227,13,,,1,70,,11242,13,,,1,30,,11214,13,,,1,70,,11232,13,,,1,30,,11245,13,,,1,70,,11252,13,,,1,30,,11228,13,,,1,70,,2642,13,,,1,30,,11215,13,,,1,70,,11244,13,,,1,30,,7830,13,,,1,70,,11247,13,,,1,30,,11216,13,,,1,70,,11230,13,,,1,30,,11209,13,,,1,70,,11250,13,,,1,30,,11231,13,,,1,70,,11204,13,,,1,30,,11243,13,,,1
20601,'9',1843,,11263,13,,,1,70,,11260,13,,,1,30,,11257,13,,,1,70,,11268,13,,,1,30,,11265,13,,,1,70,,11256,13,,,1,30,,11267,13,,,1,70,,11262,13,,,1,30,,5619,13,,,1,70,,11254,13,,,1
