11601,'14',614,,8565,0,9 3 10 16,1,30,,8542,0,9 3 10 16,1,70,,8544,0,9 3 10 16,1,30,,8574,0,9 3 10 16,1,70,,8566,0,9 3 10 16,1,30,,3097,0,9 3 10 16,1,70,,8541,0,9 3 10 16,1,30,,8558,0,9 3 10 16,1,70,,8550,0,9 3 10 16,1,30,,8576,0,9 3 10 16,1,70,,8570,0,9 3 10 16,1,30,,8569,0,9 3 10 16,1,70,,8547,0,9 3 10 16,1,30,,8554,0,9 3 10 16,1,70,,8567,0,9 3 10 16,1,30,,3913,0,9 3 10 16,1,70,,8543,0,9 3 10 16,1,30,,8555,0,9 3 10 16,1,70,,8575,0,9 3 10 16,1,30,,8563,0,9 3 10 16,1,70,,8557,0,9 3 10 16,1,30,,8556,0,9 3 10 16,1,70,,8549,0,9 3 10 16,1,30,,8548,0,9 3 10 16,1
11601,'18',614,,8612,0,9 3 10 16,1,30,,8585,0,9 3 10 16,1,70,,8587,0,9 3 10 16,1,30,,8622,0,9 3 10 16,1,70,,8613,0,9 3 10 16,1,30,,8615,0,9 3 10 16,1,70,,8584,0,9 3 10 16,1,30,,8604,0,9 3 10 16,1,70,,8594,0,9 3 10 16,1,30,,8624,0,9 3 10 16,1,70,,8618,0,9 3 10 16,1,30,,8617,0,9 3 10 16,1,70,,8591,0,9 3 10 16,1,30,,8599,0,9 3 10 16,1,70,,8614,0,9 3 10 16,1,30,,8590,0,9 3 10 16,1,70,,8586,0,9 3 10 16,1,30,,8600,0,9 3 10 16,1,70,,8623,0,9 3 10 16,1,30,,8610,0,9 3 10 16,1,70,,8603,0,9 3 10 16,1,30,,8601,0,9 3 10 16,1,70,,8593,0,9 3 10 16,1,30,,8592,0,9 3 10 16,1
11601,'20',614,,8655,0,9 3 10 16,1,30,,8632,0,9 3 10 16,1,70,,8634,0,9 3 10 16,1,30,,8664,0,9 3 10 16,1,70,,8656,0,9 3 10 16,1,30,,3080,0,9 3 10 16,1,70,,8631,0,9 3 10 16,1,30,,8647,0,9 3 10 16,1,70,,8641,0,9 3 10 16,1,30,,8666,0,9 3 10 16,1,70,,8660,0,9 3 10 16,1,30,,8659,0,9 3 10 16,1,70,,8638,0,9 3 10 16,1,30,,8644,0,9 3 10 16,1,70,,8657,0,9 3 10 16,1,30,,8637,0,9 3 10 16,1,70,,8633,0,9 3 10 16,1,30,,436,0,9 3 10 16,1,70,,8665,0,9 3 10 16,1,30,,8653,0,9 3 10 16,1,70,,8646,0,9 3 10 16,1,30,,8645,0,9 3 10 16,1,70,,8640,0,9 3 10 16,1,30,,8639,0,9 3 10 16,1
11601,'8',614,,8702,0,9 3 10 16,1,30,,8675,0,9 3 10 16,1,70,,8677,0,9 3 10 16,1,30,,8712,0,9 3 10 16,1,70,,8703,0,9 3 10 16,1,30,,8705,0,9 3 10 16,1,70,,8674,0,9 3 10 16,1,30,,8694,0,9 3 10 16,1,70,,8684,0,9 3 10 16,1,30,,8714,0,9 3 10 16,1,70,,8708,0,9 3 10 16,1,30,,8707,0,9 3 10 16,1,70,,8681,0,9 3 10 16,1,30,,8689,0,9 3 10 16,1,70,,8704,0,9 3 10 16,1,30,,8680,0,9 3 10 16,1,70,,8676,0,9 3 10 16,1,30,,8690,0,9 3 10 16,1,70,,8713,0,9 3 10 16,1,30,,8700,0,9 3 10 16,1,70,,8693,0,9 3 10 16,1,30,,8691,0,9 3 10 16,1,70,,8683,0,9 3 10 16,1,30,,8682,0,9 3 10 16,1
21601,'11',644,,10694,0,9 3 10 16,1,70,,10676,0,9 3 10 16,1,30,,10683,0,9 3 10 16,1,70,,10671,0,9 3 10 16,1,30,,10678,0,9 3 10 16,1,70,,10696,0,9 3 10 16,1,30,,10670,0,9 3 10 16,1,70,,10673,0,9 3 10 16,1,30,,10648,0,9 3 10 16,1,70,,10692,0,9 3 10 16,1,30,,10666,0,9 3 10 16,1,70,,10681,0,9 3 10 16,1,30,,10688,0,9 3 10 16,1,70,,10701,0,9 3 10 16,1,30,,10693,0,9 3 10 16,1,70,,10690,0,9 3 10 16,1,30,,10660,0,9 3 10 16,1,70,,10675,0,9 3 10 16,1,30,,10656,0,9 3 10 16,1,70,,10665,0,9 3 10 16,1,30,,10674,0,9 3 10 16,1,70,,10655,0,9 3 10 16,1,30,,10700,0,9 3 10 16,1,70,,10668,0,9 3 10 16,1,30,,10702,0,9 3 10 16,1,70,,5120,0,9 3 10 16,1,30,,10653,0,9 3 10 16,1,70,,10663,0,9 3 10 16,1,30,,10687,0,9 3 10 16,1
21601,'14',1814,,10707,0,9 3 10 16,1,30,,10719,0,9 3 10 16,1,70,,10712,0,9 3 10 16,1,30,,10709,0,9 3 10 16,1,70,,4301,0,9 3 10 16,1,30,,10710,0,9 3 10 16,1,70,,10721,0,9 3 10 16,1,30,,10715,0,9 3 10 16,1,70,,10717,0,9 3 10 16,1,30,,10704,0,9 3 10 16,1,70,,10718,0,9 3 10 16,1
21601,'18',1814,,10728,0,9 3 10 16,1,30,,10741,0,9 3 10 16,1,70,,10733,0,9 3 10 16,1,30,,10730,0,9 3 10 16,1,70,,10738,0,9 3 10 16,1,30,,10731,0,9 3 10 16,1,70,,10743,0,9 3 10 16,1,30,,10736,0,9 3 10 16,1,70,,10739,0,9 3 10 16,1,30,,10725,0,9 3 10 16,1,70,,10740,0,9 3 10 16,1
21601,'20',1814,,10749,0,9 3 10 16,1,30,,10761,0,9 3 10 16,1,70,,10754,0,9 3 10 16,1,30,,10751,0,9 3 10 16,1,70,,4261,0,9 3 10 16,1,30,,10752,0,9 3 10 16,1,70,,10763,0,9 3 10 16,1,30,,10757,0,9 3 10 16,1,70,,10759,0,9 3 10 16,1,30,,10746,0,9 3 10 16,1,70,,10760,0,9 3 10 16,1
21601,'4',644,,10814,0,9 3 10 16,1,70,,10796,0,9 3 10 16,1,30,,10803,0,9 3 10 16,1,70,,10790,0,9 3 10 16,1,30,,10798,0,9 3 10 16,1,70,,10816,0,9 3 10 16,1,30,,10789,0,9 3 10 16,1,70,,10793,0,9 3 10 16,1,30,,10767,0,9 3 10 16,1,70,,10812,0,9 3 10 16,1,30,,10785,0,9 3 10 16,1,70,,10801,0,9 3 10 16,1,30,,10808,0,9 3 10 16,1,70,,10821,0,9 3 10 16,1,30,,10813,0,9 3 10 16,1,70,,10810,0,9 3 10 16,1,30,,10779,0,9 3 10 16,1,70,,10795,0,9 3 10 16,1,30,,10775,0,9 3 10 16,1,70,,10784,0,9 3 10 16,1,30,,10794,0,9 3 10 16,1,70,,10774,0,9 3 10 16,1,30,,10820,0,9 3 10 16,1,70,,10787,0,9 3 10 16,1,30,,10822,0,9 3 10 16,1,70,,10791,0,9 3 10 16,1,30,,10772,0,9 3 10 16,1,70,,10782,0,9 3 10 16,1,30,,10807,0,9 3 10 16,1
21601,'8',1814,,10828,0,9 3 10 16,1,30,,10841,0,9 3 10 16,1,70,,10833,0,9 3 10 16,1,30,,10830,0,9 3 10 16,1,70,,10838,0,9 3 10 16,1,30,,10831,0,9 3 10 16,1,70,,10843,0,9 3 10 16,1,30,,10836,0,9 3 10 16,1,70,,10839,0,9 3 10 16,1,30,,10825,0,9 3 10 16,1,70,,10840,0,9 3 10 16,1
