10300,'14',644,,3233,24,,,1,100,,3230,24,,,1,70,,3227,24,,,1,30,,3235,24,,,1,70,,3229,24,,,1,30,,3232,24,,,1,70,,3222,24,,,1,30,,772,24,,,1,100,,1550,24,,,1,100,,3220,24,,,1,100,,3221,24,,,1,100,,3228,24,,,1,100,,3234,24,,,1,70,,3224,24,,,1,30,,3223,24,,,1,70,,3231,24,,,1,30,,3225,24,,,1,70,,3226,24,,,1,30,,1471,24,,,1
10300,'18',644,,3252,24,,,1,100,,3249,24,,,1,70,,3245,24,,,1,30,,3254,24,,,1,70,,3248,24,,,1,30,,3251,24,,,1,70,,3238,24,,,1,30,,3246,24,,,1,100,,3242,24,,,1,100,,3236,24,,,1,100,,3237,24,,,1,100,,3247,24,,,1,100,,3253,24,,,1,70,,3240,24,,,1,30,,3239,24,,,1,70,,3250,24,,,1,30,,3241,24,,,1,70,,3243,24,,,1,30,,3244,24,,,1
10300,'20',644,,3268,24,,,1,100,,3265,24,,,1,70,,3258,24,,,1,30,,3270,24,,,1,70,,3262,24,,,1,30,,3267,24,,,1,70,,3263,24,,,1,30,,712,24,,,1,100,,1514,24,,,1,100,,3255,24,,,1,100,,3256,24,,,1,100,,3264,24,,,1,100,,3269,24,,,1,70,,3259,24,,,1,30,,3257,24,,,1,70,,3266,24,,,1,30,,3260,24,,,1,70,,3261,24,,,1,30,,1459,24,,,1
10300,'8',644,,3287,24,,,1,100,,3284,24,,,1,70,,3274,24,,,1,30,,3289,24,,,1,70,,3280,24,,,1,30,,3286,24,,,1,70,,3282,24,,,1,30,,3281,24,,,1,100,,3277,24,,,1,100,,3271,24,,,1,100,,3272,24,,,1,100,,3283,24,,,1,100,,3288,24,,,1,70,,3275,24,,,1,30,,3273,24,,,1,70,,3285,24,,,1,30,,3276,24,,,1,70,,3278,24,,,1,30,,3279,24,,,1
20300,'11',743,,6213,25,,,1,70,,6203,25,,,1,30,,2599,25,,,1,70,,6204,25,,,1,30,,6214,25,,,1,70,,6208,25,,,1,30,,6218,25,,,1,70,,1827,25,,,1,30,,6216,25,,,1,70,,6211,25,,,1,30,,6205,25,,,1,70,,6200,25,,,1,30,,6209,25,,,1,70,,6199,25,,,1,30,,6215,25,,,1,70,,6212,25,,,1,30,,6198,25,,,1,70,,6197,25,,,1,30,,6195,25,,,1,70,,6210,25,,,1,30,,6202,25,,,1,70,,6201,25,,,1,30,,6206,25,,,1,70,,6207,25,,,1,30,,6217,25,,,1,70,,6196,25,,,1,30,,6194,25,,,1
20300,'14',1913,,6223,25,,,1,30,,6225,25,,,1,70,,6219,25,,,1,30,,6220,25,,,1,70,,2607,25,,,1,30,,6226,25,,,1,70,,6222,25,,,1,30,,6224,25,,,1,70,,6221,25,,,1
20300,'18',1913,,6231,25,,,1,30,,6234,25,,,1,70,,6227,25,,,1,30,,6228,25,,,1,70,,6232,25,,,1,30,,6235,25,,,1,70,,6230,25,,,1,30,,6233,25,,,1,70,,6229,25,,,1
20300,'20',1913,,6240,25,,,1,30,,6242,25,,,1,70,,6236,25,,,1,30,,6237,25,,,1,70,,2556,25,,,1,30,,6243,25,,,1,70,,6239,25,,,1,30,,6241,25,,,1,70,,6238,25,,,1
20300,'4',743,,6264,25,,,1,70,,6254,25,,,1,30,,6267,25,,,1,70,,6255,25,,,1,30,,6265,25,,,1,70,,6259,25,,,1,30,,6270,25,,,1,70,,6249,25,,,1,30,,6268,25,,,1,70,,6262,25,,,1,30,,6256,25,,,1,70,,6251,25,,,1,30,,6260,25,,,1,70,,6250,25,,,1,30,,6266,25,,,1,70,,6263,25,,,1,30,,6248,25,,,1,70,,6247,25,,,1,30,,6245,25,,,1,70,,6261,25,,,1,30,,6253,25,,,1,70,,6252,25,,,1,30,,6257,25,,,1,70,,6258,25,,,1,30,,6269,25,,,1,70,,6246,25,,,1,30,,6244,25,,,1
20300,'8',1913,,6275,25,,,1,30,,6278,25,,,1,70,,6271,25,,,1,30,,6272,25,,,1,70,,6276,25,,,1,30,,6279,25,,,1,70,,6274,25,,,1,30,,6277,25,,,1,70,,6273,25,,,1
