10300,'14',633,,3233,6,,,1,100,,3230,6,,,1,70,,3227,6,,,1,30,,3235,6,,,1,70,,3229,6,,,1,30,,3232,6,,,1,70,,3222,6,,,1,30,,772,6,,,1,100,,1550,6,,,1,100,,3220,6,,,1,100,,3221,6,,,1,100,,3228,6,,,1,100,,3234,6,,,1,70,,3224,6,,,1,30,,3223,6,,,1,70,,3231,6,,,1,30,,3225,6,,,1,70,,3226,6,,,1,30,,1471,6,,,1
10300,'18',633,,3252,6,,,1,100,,3249,6,,,1,70,,3245,6,,,1,30,,3254,6,,,1,70,,3248,6,,,1,30,,3251,6,,,1,70,,3238,6,,,1,30,,3246,6,,,1,100,,3242,6,,,1,100,,3236,6,,,1,100,,3237,6,,,1,100,,3247,6,,,1,100,,3253,6,,,1,70,,3240,6,,,1,30,,3239,6,,,1,70,,3250,6,,,1,30,,3241,6,,,1,70,,3243,6,,,1,30,,3244,6,,,1
10300,'20',633,,3268,6,,,1,100,,3265,6,,,1,70,,3258,6,,,1,30,,3270,6,,,1,70,,3262,6,,,1,30,,3267,6,,,1,70,,3263,6,,,1,30,,712,6,,,1,100,,1514,6,,,1,100,,3255,6,,,1,100,,3256,6,,,1,100,,3264,6,,,1,100,,3269,6,,,1,70,,3259,6,,,1,30,,3257,6,,,1,70,,3266,6,,,1,30,,3260,6,,,1,70,,3261,6,,,1,30,,1459,6,,,1
10300,'8',633,,3287,6,,,1,100,,3284,6,,,1,70,,3274,6,,,1,30,,3289,6,,,1,70,,3280,6,,,1,30,,3286,6,,,1,70,,3282,6,,,1,30,,3281,6,,,1,100,,3277,6,,,1,100,,3271,6,,,1,100,,3272,6,,,1,100,,3283,6,,,1,100,,3288,6,,,1,70,,3275,6,,,1,30,,3273,6,,,1,70,,3285,6,,,1,30,,3276,6,,,1,70,,3278,6,,,1,30,,3279,6,,,1
20300,'11',733,,6213,5,,,1,70,,6203,5,,,1,30,,2599,5,,,1,70,,6204,5,,,1,30,,6214,5,,,1,70,,6208,5,,,1,30,,6218,5,,,1,70,,1827,5,,,1,30,,6216,5,,,1,70,,6211,5,,,1,30,,6205,5,,,1,70,,6200,5,,,1,30,,6209,5,,,1,70,,6199,5,,,1,30,,6215,5,,,1,70,,6212,5,,,1,30,,6198,5,,,1,70,,6197,5,,,1,30,,6195,5,,,1,70,,6210,5,,,1,30,,6202,5,,,1,70,,6201,5,,,1,30,,6206,5,,,1,70,,6207,5,,,1,30,,6217,5,,,1,70,,6196,5,,,1,30,,6194,5,,,1
20300,'14',1903,,6223,5,,,1,30,,6225,5,,,1,70,,6219,5,,,1,30,,6220,5,,,1,70,,2607,5,,,1,30,,6226,5,,,1,70,,6222,5,,,1,30,,6224,5,,,1,70,,6221,5,,,1
20300,'18',1903,,6231,5,,,1,30,,6234,5,,,1,70,,6227,5,,,1,30,,6228,5,,,1,70,,6232,5,,,1,30,,6235,5,,,1,70,,6230,5,,,1,30,,6233,5,,,1,70,,6229,5,,,1
20300,'20',1903,,6240,5,,,1,30,,6242,5,,,1,70,,6236,5,,,1,30,,6237,5,,,1,70,,2556,5,,,1,30,,6243,5,,,1,70,,6239,5,,,1,30,,6241,5,,,1,70,,6238,5,,,1
20300,'4',733,,6264,5,,,1,70,,6254,5,,,1,30,,6267,5,,,1,70,,6255,5,,,1,30,,6265,5,,,1,70,,6259,5,,,1,30,,6270,5,,,1,70,,6249,5,,,1,30,,6268,5,,,1,70,,6262,5,,,1,30,,6256,5,,,1,70,,6251,5,,,1,30,,6260,5,,,1,70,,6250,5,,,1,30,,6266,5,,,1,70,,6263,5,,,1,30,,6248,5,,,1,70,,6247,5,,,1,30,,6245,5,,,1,70,,6261,5,,,1,30,,6253,5,,,1,70,,6252,5,,,1,30,,6257,5,,,1,70,,6258,5,,,1,30,,6269,5,,,1,70,,6246,5,,,1,30,,6244,5,,,1
20300,'8',1903,,6275,5,,,1,30,,6278,5,,,1,70,,6271,5,,,1,30,,6272,5,,,1,70,,6276,5,,,1,30,,6279,5,,,1,70,,6274,5,,,1,30,,6277,5,,,1,70,,6273,5,,,1
