10700,'12',630,,9226,2,0,5 6,1,100,,9232,2,0,5 6,1,70,,9220,2,0,5 6,1,30,,9234,2,0,5 6,1,70,,9236,2,0,5 6,1,30,,9229,2,0,5 6,1,100,,9228,2,0,5 6,1,100,,9225,2,0,5 6,1,100,,9223,2,0,5 6,1,100,,6104,2,0,5 6,1,100,,9233,2,0,5 6,1,70,,3266,2,0,5 6,1,30,,9221,2,0,5 6,1,70,,9224,2,0,5 6,1,30,,9230,2,0,5 6,1,70,,9231,2,0,5 6,1,30,,9222,2,0,5 6,1,70,,9227,2,0,5 6,1,30,,9235,2,0,5 6,1
10700,'5',630,,9244,2,0,5 6,1,100,,9250,2,0,5 6,1,70,,9238,2,0,5 6,1,30,,9252,2,0,5 6,1,70,,9254,2,0,5 6,1,30,,9247,2,0,5 6,1,100,,9246,2,0,5 6,1,100,,9243,2,0,5 6,1,100,,9241,2,0,5 6,1,100,,9237,2,0,5 6,1,100,,9251,2,0,5 6,1,70,,9255,2,0,5 6,1,30,,9239,2,0,5 6,1,70,,9242,2,0,5 6,1,30,,9248,2,0,5 6,1,70,,9249,2,0,5 6,1,30,,9240,2,0,5 6,1,70,,9245,2,0,5 6,1,30,,9253,2,0,5 6,1
10700,'9',630,,9262,2,0,5 6,1,100,,9268,2,0,5 6,1,70,,9256,2,0,5 6,1,30,,9270,2,0,5 6,1,70,,9272,2,0,5 6,1,30,,9265,2,0,5 6,1,100,,9264,2,0,5 6,1,100,,9261,2,0,5 6,1,100,,9259,2,0,5 6,1,100,,6014,2,0,5 6,1,100,,9269,2,0,5 6,1,70,,3231,2,0,5 6,1,30,,9257,2,0,5 6,1,70,,9260,2,0,5 6,1,30,,9266,2,0,5 6,1,70,,9267,2,0,5 6,1,30,,9258,2,0,5 6,1,70,,9263,2,0,5 6,1,30,,9271,2,0,5 6,1
11501,'12',700,,10426,2,0,7 1 8,1,30,,10402,2,0,7 1 8,1,70,,10415,2,0,7 1 8,1,30,,10409,2,0,7 1 8,1,70,,10431,2,0,7 1 8,1,30,,10406,2,0,7 1 8,1,70,,10400,2,0,7 1 8,1,100,,3433,2,0,7 1 8,1,100,,10432,2,0,7 1 8,1,100,,10414,2,0,7 1 8,1,100,,10428,2,0,7 1 8,1,100,,10412,2,0,7 1 8,1,30,,10411,2,0,7 1 8,1,70,,10423,2,0,7 1 8,1,30,,10420,2,0,7 1 8,1,70,,10413,2,0,7 1 8,1,30,,10417,2,0,7 1 8,1,70,,10424,2,0,7 1 8,1
11501,'5',700,,10461,2,0,7 1 8,1,30,,10436,2,0,7 1 8,1,70,,10450,2,0,7 1 8,1,30,,10443,2,0,7 1 8,1,70,,10466,2,0,7 1 8,1,30,,10440,2,0,7 1 8,1,70,,10434,2,0,7 1 8,1,100,,10468,2,0,7 1 8,1,100,,10467,2,0,7 1 8,1,100,,10448,2,0,7 1 8,1,100,,10463,2,0,7 1 8,1,100,,10446,2,0,7 1 8,1,30,,10445,2,0,7 1 8,1,70,,10458,2,0,7 1 8,1,30,,10455,2,0,7 1 8,1,70,,10447,2,0,7 1 8,1,30,,10452,2,0,7 1 8,1,70,,10459,2,0,7 1 8,1
11501,'9',700,,10496,2,0,7 1 8,1,30,,10472,2,0,7 1 8,1,70,,10485,2,0,7 1 8,1,30,,10479,2,0,7 1 8,1,70,,10500,2,0,7 1 8,1,30,,10476,2,0,7 1 8,1,70,,10470,2,0,7 1 8,1,100,,3385,2,0,7 1 8,1,100,,10501,2,0,7 1 8,1,100,,10484,2,0,7 1 8,1,100,,10498,2,0,7 1 8,1,100,,10482,2,0,7 1 8,1,30,,10481,2,0,7 1 8,1,70,,10493,2,0,7 1 8,1,30,,10490,2,0,7 1 8,1,70,,10483,2,0,7 1 8,1,30,,10487,2,0,7 1 8,1,70,,10494,2,0,7 1 8,1
21000,'12',1900,,11408,2,,,1,30,,11402,2,,,1,70,,11410,2,,,1,30,,11406,2,,,1,70,,11405,2,,,1,30,,11403,2,,,1,70,,11404,2,,,1,30,,11407,2,,,1,70,,11409,2,,,1
21000,'5',1900,,11417,2,,,1,30,,11411,2,,,1,70,,11419,2,,,1,30,,11415,2,,,1,70,,11414,2,,,1,30,,11412,2,,,1,70,,11413,2,,,1,30,,11416,2,,,1,70,,11418,2,,,1
21000,'7',730,,11420,2,,,1,70,,11435,2,,,1,30,,11430,2,,,1,70,,11440,2,,,1,30,,7874,2,,,1,70,,11438,2,,,1,30,,11439,2,,,1,70,,11441,2,,,1,30,,11428,2,,,1,70,,11425,2,,,1,30,,11434,2,,,1,70,,11431,2,,,1,30,,11436,2,,,1,70,,11443,2,,,1,30,,11433,2,,,1,70,,11429,2,,,1,30,,6935,2,,,1,70,,11423,2,,,1,30,,11432,2,,,1,70,,11426,2,,,1,30,,11421,2,,,1,70,,11422,2,,,1,30,,11427,2,,,1,70,,11442,2,,,1,30,,11424,2,,,1,70,,11444,2,,,1,30,,11437,2,,,1
21000,'9',1900,,11451,2,,,1,30,,11445,2,,,1,70,,11453,2,,,1,30,,11449,2,,,1,70,,11448,2,,,1,30,,11446,2,,,1,70,,11447,2,,,1,30,,11450,2,,,1,70,,11452,2,,,1
