10101,'12',650,,8375,19,,,1,70,,8371,19,,,1,30,,8379,19,,,1,70,,8383,19,,,1,30,,8382,19,,,1,70,,8386,19,,,1,30,,8376,19,,,1,100,,8380,19,,,1,100,,8373,19,,,1,100,,8372,19,,,1,100,,8384,19,,,1,101,,8387,19,,,1,70,,8374,19,,,1,30,,8381,19,,,1,70,,8385,19,,,1,30,,8378,19,,,1,70,,8377,19,,,1,30,,5551,19,,,1
10101,'5',650,,8392,19,,,1,70,,8388,19,,,1,30,,8396,19,,,1,70,,8400,19,,,1,30,,8399,19,,,1,70,,8404,19,,,1,30,,8393,19,,,1,100,,8397,19,,,1,100,,8390,19,,,1,100,,8389,19,,,1,100,,8401,19,,,1,101,,8405,19,,,1,70,,8391,19,,,1,30,,8398,19,,,1,70,,8403,19,,,1,30,,8395,19,,,1,70,,8394,19,,,1,30,,8402,19,,,1
10101,'9',650,,8410,19,,,1,70,,8406,19,,,1,30,,8414,19,,,1,70,,8418,19,,,1,30,,8417,19,,,1,70,,8421,19,,,1,30,,8411,19,,,1,100,,8415,19,,,1,100,,8408,19,,,1,100,,8407,19,,,1,100,,8419,19,,,1,101,,8422,19,,,1,70,,8409,19,,,1,30,,8416,19,,,1,70,,8420,19,,,1,30,,8413,19,,,1,70,,8412,19,,,1,30,,5480,19,,,1
10601,'12',617,,9166,28,,,1,100,,9177,28,,,1,30,,9172,28,,,1,70,,9178,28,,,1,30,,9175,28,,,1,70,,9162,28,,,1,100,,4862,28,,,1,100,,9164,28,,,1,100,,9163,28,,,1,100,,9173,28,,,1,100,,9179,28,,,1,30,,9180,28,,,1,70,,9170,28,,,1,30,,9174,28,,,1,70,,9167,28,,,1,30,,9169,28,,,1,70,,9168,28,,,1,30,,9165,28,,,1,70,,9176,28,,,1
10601,'5',617,,9185,28,,,1,100,,9197,28,,,1,30,,9192,28,,,1,70,,9198,28,,,1,30,,9195,28,,,1,70,,9181,28,,,1,100,,9186,28,,,1,100,,9183,28,,,1,100,,9182,28,,,1,100,,9193,28,,,1,100,,9199,28,,,1,30,,9200,28,,,1,70,,9190,28,,,1,30,,9194,28,,,1,70,,9187,28,,,1,30,,9189,28,,,1,70,,9188,28,,,1,30,,9184,28,,,1,70,,9196,28,,,1
10601,'9',617,,9205,28,,,1,100,,9216,28,,,1,30,,9211,28,,,1,70,,9217,28,,,1,30,,9214,28,,,1,70,,9201,28,,,1,100,,4816,28,,,1,100,,9203,28,,,1,100,,9202,28,,,1,100,,9212,28,,,1,100,,9218,28,,,1,30,,9219,28,,,1,70,,9209,28,,,1,30,,9213,28,,,1,70,,9206,28,,,1,30,,9208,28,,,1,70,,9207,28,,,1,30,,9204,28,,,1,70,,9215,28,,,1
20601,'12',1846,,11178,18,,,1,70,,11175,18,,,1,30,,11181,18,,,1,70,,11183,18,,,1,30,,11179,18,,,1,70,,11172,18,,,1,30,,11182,18,,,1,70,,11177,18,,,1,30,,5642,18,,,1,70,,11170,18,,,1
20601,'5',1846,,11195,18,,,1,70,,11192,18,,,1,30,,11188,18,,,1,70,,11203,18,,,1,30,,11197,18,,,1,70,,11186,18,,,1,30,,11202,18,,,1,70,,11194,18,,,1,30,,11200,18,,,1,70,,11184,18,,,1
20601,'7',716,,11205,18,,,1,30,,11220,18,,,1,70,,11236,18,,,1,30,,11246,18,,,1,70,,11208,18,,,1,30,,11238,18,,,1,70,,11207,18,,,1,30,,11210,18,,,1,70,,11219,18,,,1,30,,11227,18,,,1,70,,11242,18,,,1,30,,11214,18,,,1,70,,11232,18,,,1,30,,11245,18,,,1,70,,11252,18,,,1,30,,11228,18,,,1,70,,2642,18,,,1,30,,11215,18,,,1,70,,11244,18,,,1,30,,7830,18,,,1,70,,11247,18,,,1,30,,11216,18,,,1,70,,11230,18,,,1,30,,11209,18,,,1,70,,11250,18,,,1,30,,11231,18,,,1,70,,11204,18,,,1,30,,11243,18,,,1
20601,'9',1846,,11263,18,,,1,70,,11260,18,,,1,30,,11257,18,,,1,70,,11268,18,,,1,30,,11265,18,,,1,70,,11256,18,,,1,30,,11267,18,,,1,70,,11262,18,,,1,30,,5619,18,,,1,70,,11254,18,,,1
