10300,'14',639,,3233,14,,,1,100,,3230,14,,,1,70,,3227,14,,,1,30,,3235,14,,,1,70,,3229,14,,,1,30,,3232,14,,,1,70,,3222,14,,,1,30,,772,14,,,1,100,,1550,14,,,1,100,,3220,14,,,1,100,,3221,14,,,1,100,,3228,14,,,1,100,,3234,14,,,1,70,,3224,14,,,1,30,,3223,14,,,1,70,,3231,14,,,1,30,,3225,14,,,1,70,,3226,14,,,1,30,,1471,14,,,1
10300,'18',639,,3252,14,,,1,100,,3249,14,,,1,70,,3245,14,,,1,30,,3254,14,,,1,70,,3248,14,,,1,30,,3251,14,,,1,70,,3238,14,,,1,30,,3246,14,,,1,100,,3242,14,,,1,100,,3236,14,,,1,100,,3237,14,,,1,100,,3247,14,,,1,100,,3253,14,,,1,70,,3240,14,,,1,30,,3239,14,,,1,70,,3250,14,,,1,30,,3241,14,,,1,70,,3243,14,,,1,30,,3244,14,,,1
10300,'20',639,,3268,14,,,1,100,,3265,14,,,1,70,,3258,14,,,1,30,,3270,14,,,1,70,,3262,14,,,1,30,,3267,14,,,1,70,,3263,14,,,1,30,,712,14,,,1,100,,1514,14,,,1,100,,3255,14,,,1,100,,3256,14,,,1,100,,3264,14,,,1,100,,3269,14,,,1,70,,3259,14,,,1,30,,3257,14,,,1,70,,3266,14,,,1,30,,3260,14,,,1,70,,3261,14,,,1,30,,1459,14,,,1
10300,'8',639,,3287,14,,,1,100,,3284,14,,,1,70,,3274,14,,,1,30,,3289,14,,,1,70,,3280,14,,,1,30,,3286,14,,,1,70,,3282,14,,,1,30,,3281,14,,,1,100,,3277,14,,,1,100,,3271,14,,,1,100,,3272,14,,,1,100,,3283,14,,,1,100,,3288,14,,,1,70,,3275,14,,,1,30,,3273,14,,,1,70,,3285,14,,,1,30,,3276,14,,,1,70,,3278,14,,,1,30,,3279,14,,,1
20300,'11',741,,6213,22,,,1,70,,6203,22,,,1,30,,2599,22,,,1,70,,6204,22,,,1,30,,6214,22,,,1,70,,6208,22,,,1,30,,6218,22,,,1,70,,1827,22,,,1,30,,6216,22,,,1,70,,6211,22,,,1,30,,6205,22,,,1,70,,6200,22,,,1,30,,6209,22,,,1,70,,6199,22,,,1,30,,6215,22,,,1,70,,6212,22,,,1,30,,6198,22,,,1,70,,6197,22,,,1,30,,6195,22,,,1,70,,6210,22,,,1,30,,6202,22,,,1,70,,6201,22,,,1,30,,6206,22,,,1,70,,6207,22,,,1,30,,6217,22,,,1,70,,6196,22,,,1,30,,6194,22,,,1
20300,'14',1911,,6223,22,,,1,30,,6225,22,,,1,70,,6219,22,,,1,30,,6220,22,,,1,70,,2607,22,,,1,30,,6226,22,,,1,70,,6222,22,,,1,30,,6224,22,,,1,70,,6221,22,,,1
20300,'18',1911,,6231,22,,,1,30,,6234,22,,,1,70,,6227,22,,,1,30,,6228,22,,,1,70,,6232,22,,,1,30,,6235,22,,,1,70,,6230,22,,,1,30,,6233,22,,,1,70,,6229,22,,,1
20300,'20',1911,,6240,22,,,1,30,,6242,22,,,1,70,,6236,22,,,1,30,,6237,22,,,1,70,,2556,22,,,1,30,,6243,22,,,1,70,,6239,22,,,1,30,,6241,22,,,1,70,,6238,22,,,1
20300,'4',741,,6264,22,,,1,70,,6254,22,,,1,30,,6267,22,,,1,70,,6255,22,,,1,30,,6265,22,,,1,70,,6259,22,,,1,30,,6270,22,,,1,70,,6249,22,,,1,30,,6268,22,,,1,70,,6262,22,,,1,30,,6256,22,,,1,70,,6251,22,,,1,30,,6260,22,,,1,70,,6250,22,,,1,30,,6266,22,,,1,70,,6263,22,,,1,30,,6248,22,,,1,70,,6247,22,,,1,30,,6245,22,,,1,70,,6261,22,,,1,30,,6253,22,,,1,70,,6252,22,,,1,30,,6257,22,,,1,70,,6258,22,,,1,30,,6269,22,,,1,70,,6246,22,,,1,30,,6244,22,,,1
20300,'8',1911,,6275,22,,,1,30,,6278,22,,,1,70,,6271,22,,,1,30,,6272,22,,,1,70,,6276,22,,,1,30,,6279,22,,,1,70,,6274,22,,,1,30,,6277,22,,,1,70,,6273,22,,,1
