10301,'14',620,,3306,21,,,1,100,,25,21,,,1,30,,3307,21,,,1,70,,3297,21,,,1,30,,3301,21,,,1,70,,3303,21,,,1,30,,3295,21,,,1,70,,3292,21,,,1,100,,3290,21,,,1,100,,3294,21,,,1,100,,3302,21,,,1,100,,3291,21,,,1,100,,3293,21,,,1,30,,3299,21,,,1,70,,3300,21,,,1,30,,541,21,,,1,70,,3304,21,,,1,30,,3305,21,,,1,70,,3296,21,,,1,30,,3298,21,,,1
10301,'18',620,,3326,21,,,1,100,,3313,21,,,1,30,,3327,21,,,1,70,,3317,21,,,1,30,,3321,21,,,1,70,,3323,21,,,1,30,,3315,21,,,1,70,,3310,21,,,1,100,,3308,21,,,1,100,,3314,21,,,1,100,,3322,21,,,1,100,,3309,21,,,1,100,,3311,21,,,1,30,,3319,21,,,1,70,,3320,21,,,1,30,,3312,21,,,1,70,,3324,21,,,1,30,,3325,21,,,1,70,,3316,21,,,1,30,,3318,21,,,1
10301,'20',620,,3343,21,,,1,100,,7,21,,,1,30,,3333,21,,,1,70,,3334,21,,,1,30,,3344,21,,,1,70,,3339,21,,,1,30,,3340,21,,,1,70,,3330,21,,,1,100,,3328,21,,,1,100,,3332,21,,,1,100,,3338,21,,,1,100,,3329,21,,,1,100,,3331,21,,,1,30,,3336,21,,,1,70,,3337,21,,,1,30,,503,21,,,1,70,,3341,21,,,1,30,,3342,21,,,1,70,,1140,21,,,1,30,,3335,21,,,1
10301,'8',620,,3363,21,,,1,100,,3350,21,,,1,30,,3352,21,,,1,70,,3354,21,,,1,30,,3364,21,,,1,70,,3359,21,,,1,30,,3360,21,,,1,70,,3347,21,,,1,100,,3345,21,,,1,100,,3351,21,,,1,100,,3358,21,,,1,100,,3346,21,,,1,100,,3348,21,,,1,30,,3356,21,,,1,70,,3357,21,,,1,30,,3349,21,,,1,70,,3361,21,,,1,30,,3362,21,,,1,70,,3353,21,,,1,30,,3355,21,,,1
20301,'11',715,,6302,16,0,9 3 10,1,30,,6297,16,0,9 3 10,1,70,,6289,16,0,9 3 10,1,30,,6283,16,0,9 3 10,1,70,,6292,16,0,9 3 10,1,30,,6287,16,0,9 3 10,1,70,,6284,16,0,9 3 10,1,30,,6291,16,0,9 3 10,1,70,,6286,16,0,9 3 10,1,30,,6303,16,0,9 3 10,1,70,,6282,16,0,9 3 10,1,30,,2455,16,0,9 3 10,1,70,,6281,16,0,9 3 10,1,30,,6294,16,0,9 3 10,1,70,,6298,16,0,9 3 10,1,30,,6300,16,0,9 3 10,1,70,,6288,16,0,9 3 10,1,30,,6285,16,0,9 3 10,1,70,,6295,16,0,9 3 10,1,30,,6304,16,0,9 3 10,1,70,,2277,16,0,9 3 10,1,30,,6299,16,0,9 3 10,1,70,,2286,16,0,9 3 10,1,30,,6301,16,0,9 3 10,1,70,,6293,16,0,9 3 10,1,30,,6290,16,0,9 3 10,1,70,,6296,16,0,9 3 10,1,30,,6280,16,0,9 3 10,1
20301,'14',1915,,925,16,0,9 3 10,1,30,,6308,16,0,9 3 10,1,70,,6311,16,0,9 3 10,1,30,,6313,16,0,9 3 10,1,70,,6306,16,0,9 3 10,1,30,,6305,16,0,9 3 10,1,70,,6310,16,0,9 3 10,1,30,,6309,16,0,9 3 10,1,70,,6312,16,0,9 3 10,1,30,,6307,16,0,9 3 10,1
20301,'18',1915,,6319,16,0,9 3 10,1,30,,6317,16,0,9 3 10,1,70,,6322,16,0,9 3 10,1,30,,6324,16,0,9 3 10,1,70,,6316,16,0,9 3 10,1,30,,6315,16,0,9 3 10,1,70,,6321,16,0,9 3 10,1,30,,6320,16,0,9 3 10,1,70,,6323,16,0,9 3 10,1,30,,6318,16,0,9 3 10,1
20301,'20',1915,,913,16,0,9 3 10,1,30,,6328,16,0,9 3 10,1,70,,6331,16,0,9 3 10,1,30,,6333,16,0,9 3 10,1,70,,6326,16,0,9 3 10,1,30,,6325,16,0,9 3 10,1,70,,6330,16,0,9 3 10,1,30,,6329,16,0,9 3 10,1,70,,6332,16,0,9 3 10,1,30,,6327,16,0,9 3 10,1
20301,'4',715,,6359,16,0,9 3 10,1,30,,6354,16,0,9 3 10,1,70,,6346,16,0,9 3 10,1,30,,6337,16,0,9 3 10,1,70,,6349,16,0,9 3 10,1,30,,6342,16,0,9 3 10,1,70,,6338,16,0,9 3 10,1,30,,6348,16,0,9 3 10,1,70,,6341,16,0,9 3 10,1,30,,6360,16,0,9 3 10,1,70,,6336,16,0,9 3 10,1,30,,6344,16,0,9 3 10,1,70,,6335,16,0,9 3 10,1,30,,6351,16,0,9 3 10,1,70,,6355,16,0,9 3 10,1,30,,6357,16,0,9 3 10,1,70,,6343,16,0,9 3 10,1,30,,6340,16,0,9 3 10,1,70,,6352,16,0,9 3 10,1,30,,6361,16,0,9 3 10,1,70,,6339,16,0,9 3 10,1,30,,6356,16,0,9 3 10,1,70,,6345,16,0,9 3 10,1,30,,6358,16,0,9 3 10,1,70,,6350,16,0,9 3 10,1,30,,6347,16,0,9 3 10,1,70,,6353,16,0,9 3 10,1,30,,6334,16,0,9 3 10,1
20301,'8',1915,,6367,16,0,9 3 10,1,30,,6365,16,0,9 3 10,1,70,,6370,16,0,9 3 10,1,30,,6372,16,0,9 3 10,1,70,,6364,16,0,9 3 10,1,30,,6363,16,0,9 3 10,1,70,,6369,16,0,9 3 10,1,30,,6368,16,0,9 3 10,1,70,,6371,16,0,9 3 10,1,30,,6366,16,0,9 3 10,1
