11301,'14',649,,5474,8,,,1,100,,2215,8,,,1,100,,5477,8,,,1,100,,5490,8,,,1,100,,5482,8,,,1,100,,5459,8,,,1,100,,5461,8,,,1,100,,5464,8,,,1,100,,5479,8,,,1,100,,5483,8,,,1,100,,5463,8,,,1,100,,5484,8,,,1,100,,5466,8,,,1
11301,'18',649,,5513,8,,,1,100,,5502,8,,,1,100,,5516,8,,,1,100,,5531,8,,,1,100,,5522,8,,,1,100,,5496,8,,,1,100,,5498,8,,,1,100,,5501,8,,,1,100,,5518,8,,,1,100,,5523,8,,,1,100,,5500,8,,,1,100,,5525,8,,,1,100,,5504,8,,,1
11301,'20',649,,5545,8,,,1,100,,2139,8,,,1,100,,5548,8,,,1,100,,5566,8,,,1,100,,5552,8,,,1,100,,5537,8,,,1,100,,5568,8,,,1,100,,5540,8,,,1,100,,5556,8,,,1,100,,5564,8,,,1,100,,5571,8,,,1,100,,5567,8,,,1,100,,5542,8,,,1
11301,'8',649,,5585,8,,,1,100,,5579,8,,,1,100,,5588,8,,,1,100,,5607,8,,,1,100,,5592,8,,,1,100,,5575,8,,,1,100,,5609,8,,,1,100,,5578,8,,,1,100,,5597,8,,,1,100,,5605,8,,,1,100,,5612,8,,,1,100,,5608,8,,,1,100,,5581,8,,,1
21301,'11',749,,7709,8,,,1,100,,7712,8,,,1,100,,7732,8,,,1,100,,7726,8,,,1,100,,7710,8,,,1,100,,7734,8,,,1,100,,7738,8,,,1,100,,7720,8,,,1,100,,7725,8,,,1,100,,7730,8,,,1,100,,7705,8,,,1,100,,7711,8,,,1,100,,7706,8,,,1
21301,'14',1949,,7743,8,,,1,100,,7747,8,,,1,100,,7750,8,,,1,100,,7749,8,,,1
21301,'18',1949,,7753,8,,,1,100,,7757,8,,,1,100,,7761,8,,,1,100,,7760,8,,,1
21301,'20',1949,,7764,8,,,1,100,,7768,8,,,1,100,,7771,8,,,1,100,,7770,8,,,1
21301,'4',749,,7779,8,,,1,100,,7782,8,,,1,100,,7803,8,,,1,100,,7797,8,,,1,100,,7780,8,,,1,100,,7805,8,,,1,100,,7809,8,,,1,100,,7790,8,,,1,100,,7796,8,,,1,100,,7801,8,,,1,100,,7775,8,,,1,100,,7781,8,,,1,100,,7776,8,,,1
21301,'8',1949,,7814,8,,,1,100,,7818,8,,,1,100,,7822,8,,,1,100,,7821,8,,,1
