10601,'14',602,,4011,14,,,1,100,,4014,14,,,1,30,,4018,14,,,1,70,,4007,14,,,1,30,,4016,14,,,1,70,,4022,14,,,1,100,,4019,14,,,1,100,,1560,14,,,1,100,,4008,14,,,1,100,,4020,14,,,1,100,,2330,14,,,1,30,,4010,14,,,1,70,,4021,14,,,1,30,,4009,14,,,1,70,,4017,14,,,1,30,,4006,14,,,1,70,,773,14,,,1,30,,4015,14,,,1,70,,4012,14,,,1
10601,'18',602,,4029,14,,,1,100,,4033,14,,,1,30,,4038,14,,,1,70,,4024,14,,,1,30,,4036,14,,,1,70,,4042,14,,,1,100,,4039,14,,,1,100,,4031,14,,,1,100,,4026,14,,,1,100,,4040,14,,,1,100,,4025,14,,,1,30,,4028,14,,,1,70,,4041,14,,,1,30,,4027,14,,,1,70,,4037,14,,,1,30,,4023,14,,,1,70,,4034,14,,,1,30,,4035,14,,,1,70,,4030,14,,,1
10601,'20',602,,4049,14,,,1,100,,4052,14,,,1,30,,4055,14,,,1,70,,4044,14,,,1,30,,4053,14,,,1,70,,4058,14,,,1,100,,4056,14,,,1,100,,1524,14,,,1,100,,4046,14,,,1,100,,1237,14,,,1,100,,4045,14,,,1,30,,4048,14,,,1,70,,4057,14,,,1,30,,4047,14,,,1,70,,4054,14,,,1,30,,4043,14,,,1,70,,713,14,,,1,30,,2265,14,,,1,70,,4050,14,,,1
10601,'8',602,,4065,14,,,1,100,,4069,14,,,1,30,,4074,14,,,1,70,,4060,14,,,1,30,,4072,14,,,1,70,,4078,14,,,1,100,,4075,14,,,1,100,,4067,14,,,1,100,,4062,14,,,1,100,,4076,14,,,1,100,,4061,14,,,1,30,,4064,14,,,1,70,,4077,14,,,1,30,,4063,14,,,1,70,,4073,14,,,1,30,,4059,14,,,1,70,,4070,14,,,1,30,,4071,14,,,1,70,,4066,14,,,1
11201,'14',716,,5238,4,,,1,100,,5237,4,,,1,100,,5242,4,,,1,100,,5233,4,,,1,100,,2656,4,,,1,100,,5243,4,,,1,100,,5234,4,,,1,100,,5235,4,,,1,100,,5248,4,,,1,100,,5239,4,,,1,100,,5244,4,,,1
11201,'18',716,,5259,4,,,1,100,,5258,4,,,1,100,,5263,4,,,1,100,,5251,4,,,1,100,,5252,4,,,1,100,,5264,4,,,1,100,,5253,4,,,1,100,,5254,4,,,1,100,,5270,4,,,1,100,,5260,4,,,1,100,,5265,4,,,1
11201,'20',716,,5290,4,,,1,100,,5274,4,,,1,100,,5292,4,,,1,100,,5273,4,,,1,100,,5275,4,,,1,100,,5283,4,,,1,100,,5276,4,,,1,100,,5277,4,,,1,100,,5287,4,,,1,100,,5279,4,,,1,100,,5284,4,,,1
11201,'8',716,,5312,4,,,1,100,,5294,4,,,1,100,,5314,4,,,1,100,,5293,4,,,1,100,,5295,4,,,1,100,,5304,4,,,1,100,,5296,4,,,1,100,,5297,4,,,1,100,,5309,4,,,1,100,,5300,4,,,1,100,,5305,4,,,1
20601,'11',702,,6942,4,,,1,30,,6950,4,,,1,70,,6946,4,,,1,30,,6920,4,,,1,70,,6928,4,,,1,30,,6925,4,,,1,70,,6945,4,,,1,30,,6921,4,,,1,70,,6919,4,,,1,30,,6944,4,,,1,70,,6953,4,,,1,30,,6905,4,,,1,70,,6951,4,,,1,30,,6936,4,,,1,70,,6923,4,,,1,30,,2818,4,,,1,70,,6931,4,,,1,30,,6948,4,,,1,70,,6917,4,,,1,30,,6916,4,,,1,70,,2502,4,,,1,30,,6924,4,,,1,70,,6930,4,,,1,30,,6955,4,,,1,70,,6912,4,,,1,30,,6918,4,,,1,70,,6933,4,,,1,30,,6927,4,,,1
20601,'14',1832,,6960,4,,,1,70,,6970,4,,,1,30,,6961,4,,,1,70,,1553,4,,,1,30,,6964,4,,,1,70,,6957,4,,,1,30,,6969,4,,,1,70,,6963,4,,,1,30,,6958,4,,,1,70,,6956,4,,,1
20601,'18',1832,,6978,4,,,1,70,,6990,4,,,1,30,,6979,4,,,1,70,,6983,4,,,1,30,,6982,4,,,1,70,,6974,4,,,1,30,,6989,4,,,1,70,,6981,4,,,1,30,,6976,4,,,1,70,,6973,4,,,1
20601,'20',1832,,6997,4,,,1,70,,7007,4,,,1,30,,6998,4,,,1,70,,1517,4,,,1,30,,7001,4,,,1,70,,6994,4,,,1,30,,7006,4,,,1,70,,7000,4,,,1,30,,6995,4,,,1,70,,6993,4,,,1
20601,'4',702,,7052,4,,,1,30,,7060,4,,,1,70,,7056,4,,,1,30,,7025,4,,,1,70,,7035,4,,,1,30,,7031,4,,,1,70,,7055,4,,,1,30,,7026,4,,,1,70,,7024,4,,,1,30,,7054,4,,,1,70,,7063,4,,,1,30,,7010,4,,,1,70,,7061,4,,,1,30,,7044,4,,,1,70,,7029,4,,,1,30,,7042,4,,,1,70,,7038,4,,,1,30,,7058,4,,,1,70,,7022,4,,,1,30,,7021,4,,,1,70,,7028,4,,,1,30,,7030,4,,,1,70,,7037,4,,,1,30,,7065,4,,,1,70,,7017,4,,,1,30,,7023,4,,,1,70,,7040,4,,,1,30,,7033,4,,,1
20601,'8',1832,,7071,4,,,1,70,,7083,4,,,1,30,,7072,4,,,1,70,,7076,4,,,1,30,,7075,4,,,1,70,,7067,4,,,1,30,,7082,4,,,1,70,,7074,4,,,1,30,,7069,4,,,1,70,,7066,4,,,1
