10501,'14',624,,3799,15,0,14 15 16,1,100,,3797,15,0,14 15 16,1,30,,3801,15,0,14 15 16,1,70,,3827,15,0,14 15 16,1,30,,1733,15,0,14 15 16,1,70,,1161,15,0,14 15 16,1,30,,3803,15,0,14 15 16,1,70,,3800,15,0,14 15 16,1,100,,3817,15,0,14 15 16,1,100,,3815,15,0,14 15 16,1,100,,3810,15,0,14 15 16,1,100,,3805,15,0,14 15 16,1,100,,3807,15,0,14 15 16,1,30,,3809,15,0,14 15 16,1,70,,3808,15,0,14 15 16,1,30,,3804,15,0,14 15 16,1,70,,3802,15,0,14 15 16,1,30,,3824,15,0,14 15 16,1,70,,3795,15,0,14 15 16,1
10501,'18',624,,3835,15,0,14 15 16,1,100,,3833,15,0,14 15 16,1,30,,3837,15,0,14 15 16,1,70,,3865,15,0,14 15 16,1,30,,3851,15,0,14 15 16,1,70,,3838,15,0,14 15 16,1,30,,3840,15,0,14 15 16,1,70,,3836,15,0,14 15 16,1,100,,3855,15,0,14 15 16,1,100,,3853,15,0,14 15 16,1,100,,3847,15,0,14 15 16,1,100,,3842,15,0,14 15 16,1,100,,3844,15,0,14 15 16,1,30,,3846,15,0,14 15 16,1,70,,3845,15,0,14 15 16,1,30,,3841,15,0,14 15 16,1,70,,3839,15,0,14 15 16,1,30,,3862,15,0,14 15 16,1,70,,3831,15,0,14 15 16,1
10501,'20',624,,3873,15,0,14 15 16,1,100,,3871,15,0,14 15 16,1,30,,3875,15,0,14 15 16,1,70,,3901,15,0,14 15 16,1,30,,1685,15,0,14 15 16,1,70,,1133,15,0,14 15 16,1,30,,3877,15,0,14 15 16,1,70,,3874,15,0,14 15 16,1,100,,3891,15,0,14 15 16,1,100,,3889,15,0,14 15 16,1,100,,3884,15,0,14 15 16,1,100,,3879,15,0,14 15 16,1,100,,3881,15,0,14 15 16,1,30,,3883,15,0,14 15 16,1,70,,3882,15,0,14 15 16,1,30,,3878,15,0,14 15 16,1,70,,3876,15,0,14 15 16,1,30,,3898,15,0,14 15 16,1,70,,3869,15,0,14 15 16,1
10501,'8',624,,3909,15,0,14 15 16,1,100,,3907,15,0,14 15 16,1,30,,3911,15,0,14 15 16,1,70,,3939,15,0,14 15 16,1,30,,3925,15,0,14 15 16,1,70,,3912,15,0,14 15 16,1,30,,3914,15,0,14 15 16,1,70,,3910,15,0,14 15 16,1,100,,3929,15,0,14 15 16,1,100,,3927,15,0,14 15 16,1,100,,3921,15,0,14 15 16,1,100,,3916,15,0,14 15 16,1,100,,3918,15,0,14 15 16,1,30,,3920,15,0,14 15 16,1,70,,3919,15,0,14 15 16,1,30,,3915,15,0,14 15 16,1,70,,3913,15,0,14 15 16,1,30,,3936,15,0,14 15 16,1,70,,3905,15,0,14 15 16,1
20501,'11',722,,6737,13,,,1,100,,6733,13,,,1,100,,6731,13,,,1,100,,6729,13,,,1,100,,6754,13,,,1,100,,6739,13,,,1,100,,6744,13,,,1,100,,6746,13,,,1,100,,6736,13,,,1,100,,2688,13,,,1,100,,6745,13,,,1,100,,6749,13,,,1,100,,6743,13,,,1,100,,6741,13,,,1
20501,'14',1922,,6761,13,,,1,100,,6757,13,,,1,100,,6758,13,,,1,100,,6759,13,,,1
20501,'18',1922,,6769,13,,,1,100,,6765,13,,,1,100,,6766,13,,,1,100,,6767,13,,,1
20501,'20',1922,,6777,13,,,1,100,,6773,13,,,1,100,,6774,13,,,1,100,,6775,13,,,1
20501,'4',722,,6788,13,,,1,100,,6784,13,,,1,100,,6782,13,,,1,100,,6779,13,,,1,100,,6806,13,,,1,100,,6790,13,,,1,100,,6795,13,,,1,100,,6798,13,,,1,100,,6787,13,,,1,100,,6781,13,,,1,100,,6797,13,,,1,100,,6801,13,,,1,100,,6794,13,,,1,100,,6792,13,,,1
20501,'8',1922,,6813,13,,,1,100,,6809,13,,,1,100,,6810,13,,,1,100,,6811,13,,,1
