10800,'10',702,,12735,4,,,1,30,,12750,4,,,1,70,,12754,4,,,1,30,,12744,4,,,1,70,,12741,4,,,1,30,,12743,4,,,1,100,,12731,4,,,1,100,,12726,4,,,1,100,,12745,4,,,1,100,,12734,4,,,1,100,,12724,4,,,1,70,,12738,4,,,1,30,,12746,4,,,1,70,,12728,4,,,1,30,,12753,4,,,1,70,,12749,4,,,1,30,,12733,4,,,1
10800,'13',702,,12768,4,,,1,30,,12782,4,,,1,70,,12765,4,,,1,30,,12777,4,,,1,70,,12775,4,,,1,30,,12776,4,,,1,100,,12764,4,,,1,100,,12759,4,,,1,100,,12778,4,,,1,100,,12767,4,,,1,100,,12757,4,,,1,70,,12771,4,,,1,30,,12779,4,,,1,70,,12761,4,,,1,30,,12785,4,,,1,70,,12780,4,,,1,30,,12766,4,,,1
10900,'10',703,,12822,4,,,1,100,,12824,4,,,1,100,,12821,4,,,1,100,,12829,4,,,1,100,,12826,4,,,1,100,,12825,4,,,1,100,,12828,4,,,1,100,,12820,4,,,1,100,,12830,4,,,1,100,,12827,4,,,1,100,,12823,4,,,1,100,,10360,4,,,1
10900,'13',703,,12833,4,,,1,100,,12835,4,,,1,100,,12832,4,,,1,100,,12839,4,,,1,100,,12836,4,,,1,100,,10235,4,,,1,100,,12838,4,,,1,100,,12831,4,,,1,100,,12840,4,,,1,100,,12837,4,,,1,100,,12834,4,,,1,100,,10338,4,,,1
11400,'10',631,,13319,4,,,1,100,,13315,4,,,1,100,,13323,4,,,1,100,,13321,4,,,1,100,,13320,4,,,1,100,,13324,4,,,1,100,,13317,4,,,1,100,,10389,4,,,1,100,,13318,4,,,1,100,,9713,4,,,1,100,,13316,4,,,1,100,,13322,4,,,1
11400,'13',631,,13329,4,,,1,100,,13325,4,,,1,100,,13333,4,,,1,100,,13331,4,,,1,100,,13330,4,,,1,100,,13334,4,,,1,100,,13327,4,,,1,100,,10366,4,,,1,100,,13328,4,,,1,100,,9622,4,,,1,100,,13326,4,,,1,100,,13332,4,,,1
20900,'10',1901,,14033,4,,,1,100,,14034,4,,,1,100,,14035,4,,,1,100,,14036,4,,,1
20900,'13',1901,,9454,4,,,1,100,,14038,4,,,1,100,,14039,4,,,1,100,,14037,4,,,1
20900,'7',801,,14045,4,,,1,100,,14043,4,,,1,100,,14049,4,,,1,100,,14048,4,,,1,100,,11928,4,,,1,100,,14044,4,,,1,100,,14047,4,,,1,100,,7869,4,,,1,100,,14042,4,,,1,100,,14046,4,,,1,100,,14040,4,,,1,100,,11060,4,,,1,100,,14041,4,,,1
21400,'10',1831,,14394,4,,,1,100,,10095,4,,,1,100,,14393,4,,,1,100,,14395,4,,,1,100,,14392,4,,,1
21400,'13',1831,,14397,4,,,1,100,,14398,4,,,1,100,,14399,4,,,1,100,,14396,4,,,1,100,,14400,4,,,1
21400,'7',731,,14408,4,,,1,100,,14406,4,,,1,100,,14402,4,,,1,100,,14411,4,,,1,100,,14403,4,,,1,100,,14409,4,,,1,100,,14405,4,,,1,100,,14404,4,,,1,100,,11964,4,,,1,100,,14410,4,,,1,100,,14412,4,,,1,100,,14407,4,,,1,100,,14401,4,,,1
