10700,'14',631,,1555,3,0,5 6,1,100,,4092,3,0,5 6,1,70,,4091,3,0,5 6,1,30,,4079,3,0,5 6,1,70,,1850,3,0,5 6,1,30,,4080,3,0,5 6,1,100,,4089,3,0,5 6,1,100,,4090,3,0,5 6,1,100,,4087,3,0,5 6,1,100,,4085,3,0,5 6,1,100,,4088,3,0,5 6,1,70,,4082,3,0,5 6,1,30,,479,3,0,5 6,1,70,,4084,3,0,5 6,1,30,,1123,3,0,5 6,1,70,,4083,3,0,5 6,1,30,,4081,3,0,5 6,1,70,,4086,3,0,5 6,1,30,,27,3,0,5 6,1
10700,'18',631,,4098,3,0,5 6,1,100,,4111,3,0,5 6,1,70,,4110,3,0,5 6,1,30,,4093,3,0,5 6,1,70,,4099,3,0,5 6,1,30,,4094,3,0,5 6,1,100,,4107,3,0,5 6,1,100,,4108,3,0,5 6,1,100,,4105,3,0,5 6,1,100,,4102,3,0,5 6,1,100,,4106,3,0,5 6,1,70,,4096,3,0,5 6,1,30,,4104,3,0,5 6,1,70,,4100,3,0,5 6,1,30,,4109,3,0,5 6,1,70,,4097,3,0,5 6,1,30,,4095,3,0,5 6,1,70,,4103,3,0,5 6,1,30,,4101,3,0,5 6,1
10700,'20',631,,1519,3,0,5 6,1,100,,4125,3,0,5 6,1,70,,4124,3,0,5 6,1,30,,4112,3,0,5 6,1,70,,1811,3,0,5 6,1,30,,4113,3,0,5 6,1,100,,4122,3,0,5 6,1,100,,4123,3,0,5 6,1,100,,4120,3,0,5 6,1,100,,4118,3,0,5 6,1,100,,4121,3,0,5 6,1,70,,4115,3,0,5 6,1,30,,441,3,0,5 6,1,70,,4117,3,0,5 6,1,30,,1098,3,0,5 6,1,70,,4116,3,0,5 6,1,30,,4114,3,0,5 6,1,70,,4119,3,0,5 6,1,30,,9,3,0,5 6,1
10700,'8',631,,4131,3,0,5 6,1,100,,4144,3,0,5 6,1,70,,4143,3,0,5 6,1,30,,4126,3,0,5 6,1,70,,4132,3,0,5 6,1,30,,4127,3,0,5 6,1,100,,4140,3,0,5 6,1,100,,4141,3,0,5 6,1,100,,4138,3,0,5 6,1,100,,4135,3,0,5 6,1,100,,4139,3,0,5 6,1,70,,4129,3,0,5 6,1,30,,4137,3,0,5 6,1,70,,4133,3,0,5 6,1,30,,4142,3,0,5 6,1,70,,4130,3,0,5 6,1,30,,4128,3,0,5 6,1,70,,4136,3,0,5 6,1,30,,4134,3,0,5 6,1
11501,'14',701,,153,3,0,7 1 8,1,30,,5717,3,0,7 1 8,1,70,,5726,3,0,7 1 8,1,30,,5712,3,0,7 1 8,1,70,,5713,3,0,7 1 8,1,30,,5715,3,0,7 1 8,1,70,,5731,3,0,7 1 8,1,100,,5725,3,0,7 1 8,1,100,,5724,3,0,7 1 8,1,100,,5719,3,0,7 1 8,1,100,,5710,3,0,7 1 8,1,100,,5708,3,0,7 1 8,1,30,,1624,3,0,7 1 8,1,70,,5711,3,0,7 1 8,1,30,,5733,3,0,7 1 8,1,70,,5721,3,0,7 1 8,1,30,,5718,3,0,7 1 8,1,70,,411,3,0,7 1 8,1
11501,'18',701,,5752,3,0,7 1 8,1,30,,5748,3,0,7 1 8,1,70,,5761,3,0,7 1 8,1,30,,5743,3,0,7 1 8,1,70,,5744,3,0,7 1 8,1,30,,5746,3,0,7 1 8,1,70,,5766,3,0,7 1 8,1,100,,5759,3,0,7 1 8,1,100,,5758,3,0,7 1 8,1,100,,5750,3,0,7 1 8,1,100,,5740,3,0,7 1 8,1,100,,5737,3,0,7 1 8,1,30,,5739,3,0,7 1 8,1,70,,5742,3,0,7 1 8,1,30,,5769,3,0,7 1 8,1,70,,5754,3,0,7 1 8,1,30,,5749,3,0,7 1 8,1,70,,5767,3,0,7 1 8,1
11501,'20',701,,96,3,0,7 1 8,1,30,,5782,3,0,7 1 8,1,70,,5791,3,0,7 1 8,1,30,,5777,3,0,7 1 8,1,70,,5778,3,0,7 1 8,1,30,,5780,3,0,7 1 8,1,70,,5796,3,0,7 1 8,1,100,,5790,3,0,7 1 8,1,100,,5789,3,0,7 1 8,1,100,,5784,3,0,7 1 8,1,100,,1294,3,0,7 1 8,1,100,,5773,3,0,7 1 8,1,30,,1578,3,0,7 1 8,1,70,,5776,3,0,7 1 8,1,30,,5798,3,0,7 1 8,1,70,,5786,3,0,7 1 8,1,30,,5783,3,0,7 1 8,1,70,,361,3,0,7 1 8,1
11501,'8',701,,5817,3,0,7 1 8,1,30,,5813,3,0,7 1 8,1,70,,5826,3,0,7 1 8,1,30,,5808,3,0,7 1 8,1,70,,5809,3,0,7 1 8,1,30,,5811,3,0,7 1 8,1,70,,5831,3,0,7 1 8,1,100,,5824,3,0,7 1 8,1,100,,5823,3,0,7 1 8,1,100,,5815,3,0,7 1 8,1,100,,5805,3,0,7 1 8,1,100,,5802,3,0,7 1 8,1,30,,5804,3,0,7 1 8,1,70,,5807,3,0,7 1 8,1,30,,5834,3,0,7 1 8,1,70,,5819,3,0,7 1 8,1,30,,5814,3,0,7 1 8,1,70,,5832,3,0,7 1 8,1
21000,'11',731,,7318,3,,,1,70,,7307,3,,,1,30,,7310,3,,,1,70,,7325,3,,,1,30,,7323,3,,,1,70,,7308,3,,,1,30,,7326,3,,,1,70,,7317,3,,,1,30,,7313,3,,,1,70,,7316,3,,,1,30,,7324,3,,,1,70,,7322,3,,,1,30,,7328,3,,,1,70,,7320,3,,,1,30,,7327,3,,,1,70,,7321,3,,,1,30,,7333,3,,,1,70,,7329,3,,,1,30,,7331,3,,,1,70,,7309,3,,,1,30,,7332,3,,,1,70,,7314,3,,,1,30,,7319,3,,,1,70,,7330,3,,,1,30,,7312,3,,,1,70,,7315,3,,,1,30,,7311,3,,,1
21000,'14',1901,,7336,3,,,1,30,,7338,3,,,1,70,,7341,3,,,1,30,,7334,3,,,1,70,,7339,3,,,1,30,,7335,3,,,1,70,,2757,3,,,1,30,,7340,3,,,1,70,,7337,3,,,1
21000,'18',1901,,7344,3,,,1,30,,7347,3,,,1,70,,7350,3,,,1,30,,7342,3,,,1,70,,7348,3,,,1,30,,7343,3,,,1,70,,7346,3,,,1,30,,7349,3,,,1,70,,7345,3,,,1
21000,'20',1901,,7353,3,,,1,30,,7355,3,,,1,70,,7358,3,,,1,30,,7351,3,,,1,70,,7356,3,,,1,30,,7352,3,,,1,70,,2675,3,,,1,30,,7357,3,,,1,70,,7354,3,,,1
21000,'4',731,,7370,3,,,1,70,,7359,3,,,1,30,,7362,3,,,1,70,,7377,3,,,1,30,,7375,3,,,1,70,,7360,3,,,1,30,,7378,3,,,1,70,,7369,3,,,1,30,,7365,3,,,1,70,,7368,3,,,1,30,,7376,3,,,1,70,,7374,3,,,1,30,,7380,3,,,1,70,,7372,3,,,1,30,,7379,3,,,1,70,,7373,3,,,1,30,,7385,3,,,1,70,,7381,3,,,1,30,,7383,3,,,1,70,,7361,3,,,1,30,,7384,3,,,1,70,,7366,3,,,1,30,,7371,3,,,1,70,,7382,3,,,1,30,,7364,3,,,1,70,,7367,3,,,1,30,,7363,3,,,1
21000,'8',1901,,7388,3,,,1,30,,7391,3,,,1,70,,7394,3,,,1,30,,7386,3,,,1,70,,7392,3,,,1,30,,7387,3,,,1,70,,7390,3,,,1,30,,7393,3,,,1,70,,7389,3,,,1
