10201,'14',642,,3009,18,0,7 1 8,1,70,,3015,18,0,7 1 8,1,30,,1623,18,0,7 1 8,1,70,,3007,18,0,7 1 8,1,30,,3052,18,0,7 1 8,1,70,,3048,18,0,7 1 8,1,30,,3028,18,0,7 1 8,1,100,,3049,18,0,7 1 8,1,100,,3027,18,0,7 1 8,1,100,,3024,18,0,7 1 8,1,100,,3042,18,0,7 1 8,1,100,,1632,18,0,7 1 8,1,70,,3030,18,0,7 1 8,1,30,,3017,18,0,7 1 8,1,70,,3034,18,0,7 1 8,1,30,,3039,18,0,7 1 8,1,70,,3020,18,0,7 1 8,1,30,,3033,18,0,7 1 8,1
10201,'18',642,,3061,18,0,7 1 8,1,70,,3068,18,0,7 1 8,1,30,,3056,18,0,7 1 8,1,70,,3059,18,0,7 1 8,1,30,,3109,18,0,7 1 8,1,70,,3105,18,0,7 1 8,1,30,,3085,18,0,7 1 8,1,100,,3106,18,0,7 1 8,1,100,,3084,18,0,7 1 8,1,100,,3081,18,0,7 1 8,1,100,,3099,18,0,7 1 8,1,100,,3071,18,0,7 1 8,1,70,,3087,18,0,7 1 8,1,30,,3070,18,0,7 1 8,1,70,,3091,18,0,7 1 8,1,30,,3096,18,0,7 1 8,1,70,,3077,18,0,7 1 8,1,30,,3090,18,0,7 1 8,1
10201,'20',642,,3117,18,0,7 1 8,1,70,,3123,18,0,7 1 8,1,30,,1577,18,0,7 1 8,1,70,,3115,18,0,7 1 8,1,30,,3161,18,0,7 1 8,1,70,,3157,18,0,7 1 8,1,30,,3137,18,0,7 1 8,1,100,,3158,18,0,7 1 8,1,100,,3136,18,0,7 1 8,1,100,,3133,18,0,7 1 8,1,100,,3151,18,0,7 1 8,1,100,,1586,18,0,7 1 8,1,70,,3139,18,0,7 1 8,1,30,,3125,18,0,7 1 8,1,70,,3143,18,0,7 1 8,1,30,,3148,18,0,7 1 8,1,70,,3129,18,0,7 1 8,1,30,,3142,18,0,7 1 8,1
10201,'8',642,,3170,18,0,7 1 8,1,70,,3177,18,0,7 1 8,1,30,,3165,18,0,7 1 8,1,70,,3168,18,0,7 1 8,1,30,,3218,18,0,7 1 8,1,70,,3214,18,0,7 1 8,1,30,,3194,18,0,7 1 8,1,100,,3215,18,0,7 1 8,1,100,,3193,18,0,7 1 8,1,100,,3190,18,0,7 1 8,1,100,,3208,18,0,7 1 8,1,100,,3180,18,0,7 1 8,1,70,,3196,18,0,7 1 8,1,30,,3179,18,0,7 1 8,1,70,,3200,18,0,7 1 8,1,30,,3205,18,0,7 1 8,1,70,,3186,18,0,7 1 8,1,30,,3199,18,0,7 1 8,1
11000,'14',637,,4832,12,,,1,70,,4818,12,,,1,30,,4814,12,,,1,70,,4815,12,,,1,30,,4829,12,,,1,70,,4826,12,,,1,30,,4824,12,,,1,70,,4834,12,,,1,30,,4819,12,,,1,70,,4820,12,,,1,30,,779,12,,,1,70,,4831,12,,,1,30,,385,12,,,1,70,,4830,12,,,1,30,,4817,12,,,1,70,,4816,12,,,1,30,,4825,12,,,1,70,,4833,12,,,1,30,,4827,12,,,1,70,,4823,12,,,1,30,,4821,12,,,1,70,,4822,12,,,1,30,,161,12,,,1,70,,4828,12,,,1,30,,253,12,,,1
11000,'18',637,,4857,12,,,1,70,,4840,12,,,1,30,,4835,12,,,1,70,,4836,12,,,1,30,,4854,12,,,1,70,,4851,12,,,1,30,,4848,12,,,1,70,,4859,12,,,1,30,,4842,12,,,1,70,,4843,12,,,1,30,,4849,12,,,1,70,,4856,12,,,1,30,,4837,12,,,1,70,,4855,12,,,1,30,,4839,12,,,1,70,,4838,12,,,1,30,,4850,12,,,1,70,,4858,12,,,1,30,,4852,12,,,1,70,,4847,12,,,1,30,,4844,12,,,1,70,,4845,12,,,1,30,,4846,12,,,1,70,,4853,12,,,1,30,,4841,12,,,1
11000,'20',637,,4878,12,,,1,70,,4864,12,,,1,30,,4860,12,,,1,70,,4861,12,,,1,30,,4875,12,,,1,70,,4872,12,,,1,30,,4870,12,,,1,70,,4880,12,,,1,30,,4865,12,,,1,70,,4866,12,,,1,30,,719,12,,,1,70,,4877,12,,,1,30,,335,12,,,1,70,,4876,12,,,1,30,,4863,12,,,1,70,,4862,12,,,1,30,,4871,12,,,1,70,,4879,12,,,1,30,,4873,12,,,1,70,,4869,12,,,1,30,,4867,12,,,1,70,,4868,12,,,1,30,,104,12,,,1,70,,4874,12,,,1,30,,234,12,,,1
11000,'8',637,,4903,12,,,1,70,,4886,12,,,1,30,,4881,12,,,1,70,,4882,12,,,1,30,,4900,12,,,1,70,,4897,12,,,1,30,,4894,12,,,1,70,,4905,12,,,1,30,,4888,12,,,1,70,,4889,12,,,1,30,,4895,12,,,1,70,,4902,12,,,1,30,,4883,12,,,1,70,,4901,12,,,1,30,,4885,12,,,1,70,,4884,12,,,1,30,,4896,12,,,1,70,,4904,12,,,1,30,,4898,12,,,1,70,,4893,12,,,1,30,,4890,12,,,1,70,,4891,12,,,1,30,,4892,12,,,1,70,,4899,12,,,1,30,,4887,12,,,1
11501,'14',706,,153,10,0,7 1 8,1,30,,5717,10,0,7 1 8,1,70,,5726,10,0,7 1 8,1,30,,5712,10,0,7 1 8,1,70,,5713,10,0,7 1 8,1,30,,5715,10,0,7 1 8,1,70,,5731,10,0,7 1 8,1,100,,5725,10,0,7 1 8,1,100,,5724,10,0,7 1 8,1,100,,5719,10,0,7 1 8,1,100,,5710,10,0,7 1 8,1,100,,5708,10,0,7 1 8,1,30,,1624,10,0,7 1 8,1,70,,5711,10,0,7 1 8,1,30,,5733,10,0,7 1 8,1,70,,5721,10,0,7 1 8,1,30,,5718,10,0,7 1 8,1,70,,411,10,0,7 1 8,1
11501,'18',706,,5752,10,0,7 1 8,1,30,,5748,10,0,7 1 8,1,70,,5761,10,0,7 1 8,1,30,,5743,10,0,7 1 8,1,70,,5744,10,0,7 1 8,1,30,,5746,10,0,7 1 8,1,70,,5766,10,0,7 1 8,1,100,,5759,10,0,7 1 8,1,100,,5758,10,0,7 1 8,1,100,,5750,10,0,7 1 8,1,100,,5740,10,0,7 1 8,1,100,,5737,10,0,7 1 8,1,30,,5739,10,0,7 1 8,1,70,,5742,10,0,7 1 8,1,30,,5769,10,0,7 1 8,1,70,,5754,10,0,7 1 8,1,30,,5749,10,0,7 1 8,1,70,,5767,10,0,7 1 8,1
11501,'20',706,,96,10,0,7 1 8,1,30,,5782,10,0,7 1 8,1,70,,5791,10,0,7 1 8,1,30,,5777,10,0,7 1 8,1,70,,5778,10,0,7 1 8,1,30,,5780,10,0,7 1 8,1,70,,5796,10,0,7 1 8,1,100,,5790,10,0,7 1 8,1,100,,5789,10,0,7 1 8,1,100,,5784,10,0,7 1 8,1,100,,1294,10,0,7 1 8,1,100,,5773,10,0,7 1 8,1,30,,1578,10,0,7 1 8,1,70,,5776,10,0,7 1 8,1,30,,5798,10,0,7 1 8,1,70,,5786,10,0,7 1 8,1,30,,5783,10,0,7 1 8,1,70,,361,10,0,7 1 8,1
11501,'8',706,,5817,10,0,7 1 8,1,30,,5813,10,0,7 1 8,1,70,,5826,10,0,7 1 8,1,30,,5808,10,0,7 1 8,1,70,,5809,10,0,7 1 8,1,30,,5811,10,0,7 1 8,1,70,,5831,10,0,7 1 8,1,100,,5824,10,0,7 1 8,1,100,,5823,10,0,7 1 8,1,100,,5815,10,0,7 1 8,1,100,,5805,10,0,7 1 8,1,100,,5802,10,0,7 1 8,1,30,,5804,10,0,7 1 8,1,70,,5807,10,0,7 1 8,1,30,,5834,10,0,7 1 8,1,70,,5819,10,0,7 1 8,1,30,,5814,10,0,7 1 8,1,70,,5832,10,0,7 1 8,1
21000,'11',735,,7318,10,,,1,70,,7307,10,,,1,30,,7310,10,,,1,70,,7325,10,,,1,30,,7323,10,,,1,70,,7308,10,,,1,30,,7326,10,,,1,70,,7317,10,,,1,30,,7313,10,,,1,70,,7316,10,,,1,30,,7324,10,,,1,70,,7322,10,,,1,30,,7328,10,,,1,70,,7320,10,,,1,30,,7327,10,,,1,70,,7321,10,,,1,30,,7333,10,,,1,70,,7329,10,,,1,30,,7331,10,,,1,70,,7309,10,,,1,30,,7332,10,,,1,70,,7314,10,,,1,30,,7319,10,,,1,70,,7330,10,,,1,30,,7312,10,,,1,70,,7315,10,,,1,30,,7311,10,,,1
21000,'14',1905,,7336,10,,,1,30,,7338,10,,,1,70,,7341,10,,,1,30,,7334,10,,,1,70,,7339,10,,,1,30,,7335,10,,,1,70,,2757,10,,,1,30,,7340,10,,,1,70,,7337,10,,,1
21000,'18',1905,,7344,10,,,1,30,,7347,10,,,1,70,,7350,10,,,1,30,,7342,10,,,1,70,,7348,10,,,1,30,,7343,10,,,1,70,,7346,10,,,1,30,,7349,10,,,1,70,,7345,10,,,1
21000,'20',1905,,7353,10,,,1,30,,7355,10,,,1,70,,7358,10,,,1,30,,7351,10,,,1,70,,7356,10,,,1,30,,7352,10,,,1,70,,2675,10,,,1,30,,7357,10,,,1,70,,7354,10,,,1
21000,'4',735,,7370,10,,,1,70,,7359,10,,,1,30,,7362,10,,,1,70,,7377,10,,,1,30,,7375,10,,,1,70,,7360,10,,,1,30,,7378,10,,,1,70,,7369,10,,,1,30,,7365,10,,,1,70,,7368,10,,,1,30,,7376,10,,,1,70,,7374,10,,,1,30,,7380,10,,,1,70,,7372,10,,,1,30,,7379,10,,,1,70,,7373,10,,,1,30,,7385,10,,,1,70,,7381,10,,,1,30,,7383,10,,,1,70,,7361,10,,,1,30,,7384,10,,,1,70,,7366,10,,,1,30,,7371,10,,,1,70,,7382,10,,,1,30,,7364,10,,,1,70,,7367,10,,,1,30,,7363,10,,,1
21000,'8',1905,,7388,10,,,1,30,,7391,10,,,1,70,,7394,10,,,1,30,,7386,10,,,1,70,,7392,10,,,1,30,,7387,10,,,1,70,,7390,10,,,1,30,,7393,10,,,1,70,,7389,10,,,1
