10401,'14',619,,3472,7,,,1,30,,886,7,,,1,70,,3499,7,,,1,30,,1115,7,,,1,70,,3466,7,,,1,30,,3490,7,,,1,70,,3484,7,,,1,30,,3485,7,,,1,70,,481,7,,,1,30,,3473,7,,,1,70,,3477,7,,,1,30,,1282,7,,,1,70,,3486,7,,,1,30,,3464,7,,,1,70,,3479,7,,,1,30,,3483,7,,,1,70,,3492,7,,,1,30,,3497,7,,,1,70,,3478,7,,,1,30,,3489,7,,,1,70,,3471,7,,,1,30,,3491,7,,,1,70,,3496,7,,,1,30,,3462,7,,,1,70,,3469,7,,,1
10401,'18',619,,3518,7,,,1,30,,3509,7,,,1,70,,3549,7,,,1,30,,3538,7,,,1,70,,3510,7,,,1,30,,3540,7,,,1,70,,3532,7,,,1,30,,3533,7,,,1,70,,3535,7,,,1,30,,3519,7,,,1,70,,3523,7,,,1,30,,3528,7,,,1,70,,3534,7,,,1,30,,3507,7,,,1,70,,3525,7,,,1,30,,3531,7,,,1,70,,3542,7,,,1,30,,3547,7,,,1,70,,3524,7,,,1,30,,3539,7,,,1,70,,3517,7,,,1,30,,3541,7,,,1,70,,3546,7,,,1,30,,3505,7,,,1,70,,3515,7,,,1
10401,'20',619,,3565,7,,,1,30,,867,7,,,1,70,,3592,7,,,1,30,,1090,7,,,1,70,,3559,7,,,1,30,,3583,7,,,1,70,,3577,7,,,1,30,,3578,7,,,1,70,,443,7,,,1,30,,3566,7,,,1,70,,3570,7,,,1,30,,1261,7,,,1,70,,3579,7,,,1,30,,3557,7,,,1,70,,3572,7,,,1,30,,3576,7,,,1,70,,3585,7,,,1,30,,3590,7,,,1,70,,3571,7,,,1,30,,3582,7,,,1,70,,3564,7,,,1,30,,3584,7,,,1,70,,3589,7,,,1,30,,3555,7,,,1,70,,3562,7,,,1
10401,'8',619,,3611,7,,,1,30,,3602,7,,,1,70,,3642,7,,,1,30,,3631,7,,,1,70,,3603,7,,,1,30,,3633,7,,,1,70,,3625,7,,,1,30,,3626,7,,,1,70,,3628,7,,,1,30,,3612,7,,,1,70,,3616,7,,,1,30,,3621,7,,,1,70,,3627,7,,,1,30,,3600,7,,,1,70,,3618,7,,,1,30,,3624,7,,,1,70,,3635,7,,,1,30,,3640,7,,,1,70,,3617,7,,,1,30,,3632,7,,,1,70,,3610,7,,,1,30,,3634,7,,,1,70,,3639,7,,,1,30,,3598,7,,,1,70,,3608,7,,,1
20401,'11',719,,6480,7,,,1,30,,6470,7,,,1,70,,6512,7,,,1,30,,6514,7,,,1,70,,6496,7,,,1,30,,6508,7,,,1,70,,6464,7,,,1,30,,6492,7,,,1,70,,6472,7,,,1,30,,6468,7,,,1,70,,6477,7,,,1,30,,6497,7,,,1,70,,6515,7,,,1,30,,6489,7,,,1,70,,6502,7,,,1,30,,6479,7,,,1,70,,6516,7,,,1,30,,6506,7,,,1,70,,6485,7,,,1,30,,6501,7,,,1,70,,6503,7,,,1,30,,6493,7,,,1,70,,6500,7,,,1,30,,6478,7,,,1,70,,6487,7,,,1,30,,6471,7,,,1,70,,6469,7,,,1,30,,6463,7,,,1
20401,'14',1849,,6523,7,,,1,70,,6526,7,,,1,30,,6531,7,,,1,70,,6518,7,,,1,30,,767,7,,,1,70,,6528,7,,,1,30,,455,7,,,1,70,,6520,7,,,1,30,,6522,7,,,1,70,,6530,7,,,1
20401,'18',1849,,6543,7,,,1,70,,6546,7,,,1,30,,6551,7,,,1,70,,6537,7,,,1,30,,6540,7,,,1,70,,6548,7,,,1,30,,6534,7,,,1,70,,6539,7,,,1,30,,6542,7,,,1,70,,6550,7,,,1
20401,'20',1849,,6559,7,,,1,70,,6562,7,,,1,30,,6567,7,,,1,70,,6555,7,,,1,30,,707,7,,,1,70,,6564,7,,,1,30,,417,7,,,1,70,,813,7,,,1,30,,6558,7,,,1,70,,6566,7,,,1
20401,'4',719,,6588,7,,,1,30,,6578,7,,,1,70,,6621,7,,,1,30,,6623,7,,,1,70,,6604,7,,,1,30,,6617,7,,,1,70,,6572,7,,,1,30,,6600,7,,,1,70,,6580,7,,,1,30,,6576,7,,,1,70,,6585,7,,,1,30,,6605,7,,,1,70,,6624,7,,,1,30,,6597,7,,,1,70,,6611,7,,,1,30,,6587,7,,,1,70,,6625,7,,,1,30,,6615,7,,,1,70,,6593,7,,,1,30,,6610,7,,,1,70,,6612,7,,,1,30,,6601,7,,,1,70,,6609,7,,,1,30,,6586,7,,,1,70,,6595,7,,,1,30,,6579,7,,,1,70,,6577,7,,,1,30,,6571,7,,,1
20401,'8',1849,,6635,7,,,1,70,,6638,7,,,1,30,,6643,7,,,1,70,,6629,7,,,1,30,,6632,7,,,1,70,,6640,7,,,1,30,,6626,7,,,1,70,,6631,7,,,1,30,,6634,7,,,1,70,,6642,7,,,1
