10401,'14',623,,5995,,,1,30,,1205,,,1,70,,6022,,,1,30,,3829,,,1,70,,5989,,,1,30,,6013,,,1,70,,6007,,,1,30,,6008,,,1,70,,3286,,,1,30,,5996,,,1,70,,6000,,,1,30,,3978,,,1,70,,6009,,,1,30,,5987,,,1,70,,6002,,,1,30,,6006,,,1,70,,6015,,,1,30,,6020,,,1,70,,6001,,,1,30,,6012,,,1,70,,5994,,,1,30,,6014,,,1,70,,6019,,,1,30,,5985,,,1,70,,5992,,,1
10401,'18',623,,6041,,,1,30,,6032,,,1,70,,6072,,,1,30,,6061,,,1,70,,6033,,,1,30,,6063,,,1,70,,6055,,,1,30,,6056,,,1,70,,6058,,,1,30,,6042,,,1,70,,6046,,,1,30,,6051,,,1,70,,6057,,,1,30,,6030,,,1,70,,6048,,,1,30,,6054,,,1,70,,6065,,,1,30,,6070,,,1,70,,6047,,,1,30,,6062,,,1,70,,6040,,,1,30,,6064,,,1,70,,6069,,,1,30,,6028,,,1,70,,6038,,,1
10401,'20',623,,6088,,,1,30,,1180,,,1,70,,6115,,,1,30,,3807,,,1,70,,6082,,,1,30,,6106,,,1,70,,6100,,,1,30,,6101,,,1,70,,3255,,,1,30,,6089,,,1,70,,6093,,,1,30,,3958,,,1,70,,6102,,,1,30,,6080,,,1,70,,6095,,,1,30,,6099,,,1,70,,6108,,,1,30,,6113,,,1,70,,6094,,,1,30,,6105,,,1,70,,6087,,,1,30,,6107,,,1,70,,6112,,,1,30,,6078,,,1,70,,6085,,,1
10401,'8',623,,6134,,,1,30,,6125,,,1,70,,6165,,,1,30,,6154,,,1,70,,6126,,,1,30,,6156,,,1,70,,6148,,,1,30,,6149,,,1,70,,6151,,,1,30,,6135,,,1,70,,6139,,,1,30,,6144,,,1,70,,6150,,,1,30,,6123,,,1,70,,6141,,,1,30,,6147,,,1,70,,6158,,,1,30,,6163,,,1,70,,6140,,,1,30,,6155,,,1,70,,6133,,,1,30,,6157,,,1,70,,6162,,,1,30,,6121,,,1,70,,6131,,,1
20401,'11',722,,9003,,,1,30,,8993,,,1,70,,9035,,,1,30,,9037,,,1,70,,9019,,,1,30,,9031,,,1,70,,8987,,,1,30,,9015,,,1,70,,8995,,,1,30,,8991,,,1,70,,9000,,,1,30,,9020,,,1,70,,9038,,,1,30,,9012,,,1,70,,9025,,,1,30,,9002,,,1,70,,9039,,,1,30,,9029,,,1,70,,9008,,,1,30,,9024,,,1,70,,9026,,,1,30,,9016,,,1,70,,9023,,,1,30,,9001,,,1,70,,9010,,,1,30,,8994,,,1,70,,8992,,,1,30,,8986,,,1
20401,'14',1852,,9046,,,1,70,,9049,,,1,30,,9054,,,1,70,,9041,,,1,30,,3534,,,1,70,,9051,,,1,30,,3267,,,1,70,,9043,,,1,30,,9045,,,1,70,,9053,,,1
20401,'18',1852,,9066,,,1,70,,9069,,,1,30,,9074,,,1,70,,9060,,,1,30,,9063,,,1,70,,9071,,,1,30,,9057,,,1,70,,9062,,,1,30,,9065,,,1,70,,9073,,,1
20401,'20',1852,,9082,,,1,70,,9085,,,1,30,,9090,,,1,70,,9078,,,1,30,,3485,,,1,70,,9087,,,1,30,,3236,,,1,70,,3571,,,1,30,,9081,,,1,70,,9089,,,1
20401,'4',722,,9111,,,1,30,,9101,,,1,70,,9144,,,1,30,,9146,,,1,70,,9127,,,1,30,,9140,,,1,70,,9095,,,1,30,,9123,,,1,70,,9103,,,1,30,,9099,,,1,70,,9108,,,1,30,,9128,,,1,70,,9147,,,1,30,,9120,,,1,70,,9134,,,1,30,,9110,,,1,70,,9148,,,1,30,,9138,,,1,70,,9116,,,1,30,,9133,,,1,70,,9135,,,1,30,,9124,,,1,70,,9132,,,1,30,,9109,,,1,70,,9118,,,1,30,,9102,,,1,70,,9100,,,1,30,,9094,,,1
20401,'8',1852,,9158,,,1,70,,9161,,,1,30,,9166,,,1,70,,9152,,,1,30,,9155,,,1,70,,9163,,,1,30,,9149,,,1,70,,9154,,,1,30,,9157,,,1,70,,9165,,,1
