10101,'10',633,,12044,2,,,1,70,,12033,2,,,1,30,,12029,2,,,1,70,,12035,2,,,1,30,,12045,2,,,1,70,,12037,2,,,1,30,,12032,2,,,1,100,,12031,2,,,1,100,,12041,2,,,1,100,,12039,2,,,1,100,,12030,2,,,1,101,,9708,2,,,1,70,,12036,2,,,1,30,,12042,2,,,1,70,,12034,2,,,1,30,,12043,2,,,1,70,,12038,2,,,1,30,,12040,2,,,1
10101,'13',633,,12059,2,,,1,70,,12050,2,,,1,30,,12046,2,,,1,70,,12052,2,,,1,30,,12060,2,,,1,70,,12054,2,,,1,30,,12049,2,,,1,100,,12048,2,,,1,100,,12057,2,,,1,100,,12056,2,,,1,100,,12047,2,,,1,101,,9618,2,,,1,70,,12053,2,,,1,30,,10061,2,,,1,70,,12051,2,,,1,30,,12058,2,,,1,70,,12055,2,,,1,30,,10246,2,,,1
10301,'10',603,,10911,2,,,1,100,,12213,2,,,1,30,,12218,2,,,1,70,,12217,2,,,1,30,,9608,2,,,1,70,,8585,2,,,1,30,,10191,2,,,1,70,,8753,2,,,1,100,,12214,2,,,1,100,,12206,2,,,1,100,,12212,2,,,1,100,,12204,2,,,1,100,,12215,2,,,1,30,,12207,2,,,1,70,,12211,2,,,1,30,,12205,2,,,1,70,,12208,2,,,1,30,,12216,2,,,1,70,,12210,2,,,1,30,,12209,2,,,1
10301,'13',603,,10865,2,,,1,100,,12229,2,,,1,30,,12222,2,,,1,70,,12234,2,,,1,30,,9752,2,,,1,70,,8473,2,,,1,30,,12228,2,,,1,70,,8704,2,,,1,100,,12231,2,,,1,100,,12221,2,,,1,100,,12227,2,,,1,100,,12219,2,,,1,100,,12232,2,,,1,30,,12223,2,,,1,70,,12226,2,,,1,30,,12220,2,,,1,70,,12224,2,,,1,30,,12233,2,,,1,70,,12225,2,,,1,30,,12230,2,,,1
11101,'10',616,,13076,2,,,1,30,,13077,2,,,1,70,,13063,2,,,1,30,,13064,2,,,1,70,,13072,2,,,1,30,,13066,2,,,1,70,,13081,2,,,1,30,,10482,2,,,1,70,,13060,2,,,1,30,,13075,2,,,1,70,,13073,2,,,1,30,,13074,2,,,1,70,,13080,2,,,1,30,,10910,2,,,1,70,,13069,2,,,1,30,,13071,2,,,1,70,,13065,2,,,1,30,,13068,2,,,1,70,,13061,2,,,1,30,,13079,2,,,1,70,,13070,2,,,1,30,,11604,2,,,1,70,,13067,2,,,1,30,,13062,2,,,1,70,,13078,2,,,1
11101,'13',616,,13097,2,,,1,30,,13098,2,,,1,70,,13083,2,,,1,30,,13084,2,,,1,70,,13094,2,,,1,30,,13091,2,,,1,70,,13102,2,,,1,30,,10412,2,,,1,70,,13082,2,,,1,30,,13099,2,,,1,70,,13095,2,,,1,30,,13096,2,,,1,70,,13100,2,,,1,30,,13101,2,,,1,70,,13104,2,,,1,30,,13092,2,,,1,70,,13088,2,,,1,30,,13085,2,,,1,70,,13093,2,,,1,30,,13086,2,,,1,70,,13105,2,,,1,30,,13089,2,,,1,70,,13103,2,,,1,30,,13087,2,,,1,70,,13090,2,,,1
11200,'10',646,,13113,2,,,1,100,,13106,2,,,1,100,,9159,2,,,1,100,,13112,2,,,1,100,,13114,2,,,1,100,,13111,2,,,1,100,,13110,2,,,1,100,,13108,2,,,1,101,,13115,2,,,1,99,,13107,2,,,1,100,,13109,2,,,1
11200,'13',646,,13126,2,,,1,100,,13119,2,,,1,100,,13117,2,,,1,100,,13116,2,,,1,100,,13124,2,,,1,100,,13123,2,,,1,100,,13122,2,,,1,100,,13120,2,,,1,101,,13125,2,,,1,99,,13118,2,,,1,100,,13121,2,,,1
20301,'10',1903,,13646,2,0,9 3 10,1,30,,13650,2,0,9 3 10,1,70,,13644,2,0,9 3 10,1,30,,13643,2,0,9 3 10,1,70,,13640,2,0,9 3 10,1,30,,13649,2,0,9 3 10,1,70,,13647,2,0,9 3 10,1,30,,13645,2,0,9 3 10,1,70,,13641,2,0,9 3 10,1,30,,13648,2,0,9 3 10,1
20301,'13',1903,,13657,2,0,9 3 10,1,30,,13661,2,0,9 3 10,1,70,,13655,2,0,9 3 10,1,30,,13654,2,0,9 3 10,1,70,,13651,2,0,9 3 10,1,30,,13660,2,0,9 3 10,1,70,,13658,2,0,9 3 10,1,30,,13656,2,0,9 3 10,1,70,,13652,2,0,9 3 10,1,30,,13659,2,0,9 3 10,1
20301,'7',703,,13667,2,0,9 3 10,1,30,,13680,2,0,9 3 10,1,70,,13684,2,0,9 3 10,1,30,,13686,2,0,9 3 10,1,70,,13682,2,0,9 3 10,1,30,,11426,2,0,9 3 10,1,70,,13685,2,0,9 3 10,1,30,,13671,2,0,9 3 10,1,70,,13663,2,0,9 3 10,1,30,,13670,2,0,9 3 10,1,70,,13677,2,0,9 3 10,1,30,,13674,2,0,9 3 10,1,70,,13675,2,0,9 3 10,1,30,,13668,2,0,9 3 10,1,70,,13678,2,0,9 3 10,1,30,,13679,2,0,9 3 10,1,70,,13662,2,0,9 3 10,1,30,,13681,2,0,9 3 10,1,70,,13673,2,0,9 3 10,1,30,,13683,2,0,9 3 10,1,70,,13672,2,0,9 3 10,1,30,,13664,2,0,9 3 10,1,70,,13666,2,0,9 3 10,1,30,,13665,2,0,9 3 10,1,70,,13669,2,0,9 3 10,1,30,,13676,2,0,9 3 10,1,70,,13688,2,0,9 3 10,1,30,,13687,2,0,9 3 10,1
21101,'10',1846,,14279,2,,,1,70,,14278,2,,,1,30,,14277,2,,,1,70,,14275,2,,,1,30,,14280,2,,,1,70,,9102,2,,,1,30,,14274,2,,,1,70,,14276,2,,,1,30,,14281,2,,,1
21101,'13',1846,,9316,2,,,1,70,,14286,2,,,1,30,,14285,2,,,1,70,,14283,2,,,1,30,,14287,2,,,1,70,,9033,2,,,1,30,,14282,2,,,1,70,,14284,2,,,1,30,,14288,2,,,1
21101,'7',716,,14308,2,,,1,30,,14306,2,,,1,70,,14298,2,,,1,30,,14313,2,,,1,70,,11665,2,,,1,30,,14307,2,,,1,70,,14301,2,,,1,30,,14293,2,,,1,70,,14305,2,,,1,30,,14291,2,,,1,70,,14289,2,,,1,30,,14300,2,,,1,70,,14296,2,,,1,30,,14299,2,,,1,70,,14311,2,,,1,30,,14310,2,,,1,70,,14303,2,,,1,30,,14314,2,,,1,70,,14292,2,,,1,30,,14312,2,,,1,70,,14294,2,,,1,30,,14309,2,,,1,70,,14290,2,,,1,30,,14302,2,,,1,70,,14295,2,,,1,30,,14304,2,,,1,70,,14297,2,,,1
