10501,'14',626,,3819,2,0,14 15 16,1,100,,3820,2,0,14 15 16,1,30,,3828,2,0,14 15 16,1,70,,3816,2,0,14 15 16,1,30,,3798,2,0,14 15 16,1,70,,3806,2,0,14 15 16,1,30,,3826,2,0,14 15 16,1,70,,3812,2,0,14 15 16,1,100,,3796,2,0,14 15 16,1,100,,3811,2,0,14 15 16,1,100,,3814,2,0,14 15 16,1,100,,3794,2,0,14 15 16,1,100,,3813,2,0,14 15 16,1,30,,3823,2,0,14 15 16,1,70,,3822,2,0,14 15 16,1,30,,3821,2,0,14 15 16,1,70,,3818,2,0,14 15 16,1,30,,3829,2,0,14 15 16,1,70,,3825,2,0,14 15 16,1
10501,'18',626,,3857,2,0,14 15 16,1,100,,3858,2,0,14 15 16,1,30,,3866,2,0,14 15 16,1,70,,3854,2,0,14 15 16,1,30,,3834,2,0,14 15 16,1,70,,3843,2,0,14 15 16,1,30,,3864,2,0,14 15 16,1,70,,3849,2,0,14 15 16,1,100,,3832,2,0,14 15 16,1,100,,3848,2,0,14 15 16,1,100,,3852,2,0,14 15 16,1,100,,3830,2,0,14 15 16,1,100,,3850,2,0,14 15 16,1,30,,3861,2,0,14 15 16,1,70,,3860,2,0,14 15 16,1,30,,3859,2,0,14 15 16,1,70,,3856,2,0,14 15 16,1,30,,3867,2,0,14 15 16,1,70,,3863,2,0,14 15 16,1
10501,'20',626,,3893,2,0,14 15 16,1,100,,3894,2,0,14 15 16,1,30,,3902,2,0,14 15 16,1,70,,3890,2,0,14 15 16,1,30,,3872,2,0,14 15 16,1,70,,3880,2,0,14 15 16,1,30,,3900,2,0,14 15 16,1,70,,3886,2,0,14 15 16,1,100,,3870,2,0,14 15 16,1,100,,3885,2,0,14 15 16,1,100,,3888,2,0,14 15 16,1,100,,3868,2,0,14 15 16,1,100,,3887,2,0,14 15 16,1,30,,3897,2,0,14 15 16,1,70,,3896,2,0,14 15 16,1,30,,3895,2,0,14 15 16,1,70,,3892,2,0,14 15 16,1,30,,3903,2,0,14 15 16,1,70,,3899,2,0,14 15 16,1
10501,'8',626,,3931,2,0,14 15 16,1,100,,3932,2,0,14 15 16,1,30,,3940,2,0,14 15 16,1,70,,3928,2,0,14 15 16,1,30,,3908,2,0,14 15 16,1,70,,3917,2,0,14 15 16,1,30,,3938,2,0,14 15 16,1,70,,3923,2,0,14 15 16,1,100,,3906,2,0,14 15 16,1,100,,3922,2,0,14 15 16,1,100,,3926,2,0,14 15 16,1,100,,3904,2,0,14 15 16,1,100,,3924,2,0,14 15 16,1,30,,3935,2,0,14 15 16,1,70,,3934,2,0,14 15 16,1,30,,3933,2,0,14 15 16,1,70,,3930,2,0,14 15 16,1,30,,3941,2,0,14 15 16,1,70,,3937,2,0,14 15 16,1
20501,'11',725,,6751,2,,,1,100,,6752,2,,,1,100,,6738,2,,,1,100,,2515,2,,,1,100,,6753,2,,,1,100,,6750,2,,,1,100,,6740,2,,,1,100,,6748,2,,,1,100,,6730,2,,,1,100,,6735,2,,,1,100,,6734,2,,,1,100,,6732,2,,,1,100,,6742,2,,,1,100,,6747,2,,,1
20501,'14',1925,,6756,2,,,1,100,,6762,2,,,1,100,,6755,2,,,1,100,,6760,2,,,1
20501,'18',1925,,6764,2,,,1,100,,6770,2,,,1,100,,6763,2,,,1,100,,6768,2,,,1
20501,'20',1925,,6772,2,,,1,100,,6778,2,,,1,100,,6771,2,,,1,100,,6776,2,,,1
20501,'4',725,,6803,2,,,1,100,,6804,2,,,1,100,,6789,2,,,1,100,,6796,2,,,1,100,,6805,2,,,1,100,,6802,2,,,1,100,,6791,2,,,1,100,,6800,2,,,1,100,,6780,2,,,1,100,,6786,2,,,1,100,,6785,2,,,1,100,,6783,2,,,1,100,,6793,2,,,1,100,,6799,2,,,1
20501,'8',1925,,6808,2,,,1,100,,6814,2,,,1,100,,6807,2,,,1,100,,6812,2,,,1
