10401,'14',640,,5991,,,1,70,,6023,,,1,30,,6003,,,1,70,,6017,,,1,30,,5986,,,1,70,,3515,,,1,30,,6027,,,1,70,,6004,,,1,30,,3013,,,1,70,,6005,,,1,30,,6021,,,1,70,,6016,,,1,30,,6024,,,1,70,,6010,,,1,30,,6026,,,1,70,,5988,,,1,30,,6011,,,1,70,,6018,,,1,30,,5997,,,1,70,,5998,,,1,30,,5999,,,1,70,,5993,,,1,30,,6025,,,1,70,,5990,,,1,30,,3782,,,1
10401,'18',640,,6036,,,1,70,,6073,,,1,30,,6049,,,1,70,,6067,,,1,30,,6029,,,1,70,,6034,,,1,30,,6077,,,1,70,,6050,,,1,30,,6053,,,1,70,,6052,,,1,30,,6071,,,1,70,,6066,,,1,30,,6074,,,1,70,,6059,,,1,30,,6076,,,1,70,,6031,,,1,30,,6060,,,1,70,,6068,,,1,30,,6043,,,1,70,,6044,,,1,30,,6045,,,1,70,,6039,,,1,30,,6075,,,1,70,,6035,,,1,30,,6037,,,1
10401,'20',640,,6084,,,1,70,,6116,,,1,30,,6096,,,1,70,,6110,,,1,30,,6079,,,1,70,,3466,,,1,30,,6120,,,1,70,,6097,,,1,30,,2963,,,1,70,,6098,,,1,30,,6114,,,1,70,,6109,,,1,30,,6117,,,1,70,,6103,,,1,30,,6119,,,1,70,,6081,,,1,30,,6104,,,1,70,,6111,,,1,30,,6090,,,1,70,,6091,,,1,30,,6092,,,1,70,,6086,,,1,30,,6118,,,1,70,,6083,,,1,30,,3764,,,1
10401,'8',640,,6129,,,1,70,,6166,,,1,30,,6142,,,1,70,,6160,,,1,30,,6122,,,1,70,,6127,,,1,30,,6170,,,1,70,,6143,,,1,30,,6146,,,1,70,,6145,,,1,30,,6164,,,1,70,,6159,,,1,30,,6167,,,1,70,,6152,,,1,30,,6169,,,1,70,,6124,,,1,30,,6153,,,1,70,,6161,,,1,30,,6136,,,1,70,,6137,,,1,30,,6138,,,1,70,,6132,,,1,30,,6168,,,1,70,,6128,,,1,30,,6130,,,1
20301,'14',2408,,3198,,,1
20301,'18',2408,,8837,,,1
20301,'20',2408,,3153,,,1
20301,'8',2408,,8885,,,1
20401,'11',741,,9032,,,1,70,,9009,,,1,30,,8989,,,1,70,,9017,,,1,30,,9033,,,1,70,,9013,,,1,30,,5271,,,1,70,,9006,,,1,30,,9014,,,1,70,,9034,,,1,30,,9007,,,1,70,,8997,,,1,30,,9030,,,1,70,,9022,,,1,30,,9004,,,1,70,,9005,,,1,30,,8996,,,1,70,,9028,,,1,30,,8988,,,1,70,,8998,,,1,30,,8999,,,1,70,,8985,,,1,30,,9027,,,1,70,,9021,,,1,30,,9036,,,1,70,,8990,,,1,30,,9011,,,1,70,,9018,,,1
20401,'14',1911,,9055,,,1,30,,9047,,,1,70,,9042,,,1,30,,9048,,,1,70,,9040,,,1,30,,9044,,,1,70,,9050,,,1,30,,9052,,,1,70,,371,,,1,30,,9056,,,1
20401,'18',1911,,9075,,,1,30,,9067,,,1,70,,9061,,,1,30,,9068,,,1,70,,9058,,,1,30,,9064,,,1,70,,9070,,,1,30,,9072,,,1,70,,9059,,,1,30,,9076,,,1
20401,'20',1911,,9091,,,1,30,,9083,,,1,70,,9079,,,1,30,,9084,,,1,70,,9077,,,1,30,,9080,,,1,70,,9086,,,1,30,,9088,,,1,70,,321,,,1,30,,9092,,,1
20401,'4',741,,9141,,,1,70,,9117,,,1,30,,9097,,,1,70,,9125,,,1,30,,9142,,,1,70,,9121,,,1,30,,9130,,,1,70,,9114,,,1,30,,9122,,,1,70,,9143,,,1,30,,9115,,,1,70,,9105,,,1,30,,9139,,,1,70,,9131,,,1,30,,9112,,,1,70,,9113,,,1,30,,9104,,,1,70,,9137,,,1,30,,9096,,,1,70,,9106,,,1,30,,9107,,,1,70,,9093,,,1,30,,9136,,,1,70,,9129,,,1,30,,9145,,,1,70,,9098,,,1,30,,9119,,,1,70,,9126,,,1
20401,'8',1911,,9167,,,1,30,,9159,,,1,70,,9153,,,1,30,,9160,,,1,70,,9150,,,1,30,,9156,,,1,70,,9162,,,1,30,,9164,,,1,70,,9151,,,1,30,,9168,,,1
