10901,'12',610,,9657,3,,,1,100,,9647,3,,,1,100,,9619,3,,,1,100,,9646,3,,,1,100,,9628,3,,,1,100,,9624,3,,,1,100,,9622,3,,,1,100,,9639,3,,,1,100,,9629,3,,,1,100,,9638,3,,,1,100,,9650,3,,,1,100,,969,3,,,1
10901,'5',610,,9705,3,,,1,100,,9691,3,,,1,100,,9662,3,,,1,100,,9690,3,,,1,100,,9672,3,,,1,100,,9668,3,,,1,100,,9666,3,,,1,100,,9683,3,,,1,100,,9673,3,,,1,100,,9682,3,,,1,100,,9694,3,,,1,100,,9704,3,,,1
10901,'9',610,,9748,3,,,1,100,,9738,3,,,1,100,,9709,3,,,1,100,,9737,3,,,1,100,,9719,3,,,1,100,,9715,3,,,1,100,,9713,3,,,1,100,,9730,3,,,1,100,,9720,3,,,1,100,,9729,3,,,1,100,,9741,3,,,1,100,,1017,3,,,1
11300,'12',640,,10109,3,,,1,100,,4965,3,,,1,100,,10138,3,,,1,100,,4271,3,,,1,100,,10115,3,,,1,100,,10113,3,,,1,100,,10128,3,,,1,100,,10114,3,,,1,100,,10134,3,,,1,100,,10132,3,,,1,100,,10140,3,,,1,100,,10129,3,,,1,100,,10135,3,,,1
11300,'5',640,,10145,3,,,1,100,,10176,3,,,1,100,,10178,3,,,1,100,,10147,3,,,1,100,,10157,3,,,1,100,,10149,3,,,1,100,,10154,3,,,1,100,,10152,3,,,1,100,,10155,3,,,1,100,,10144,3,,,1,100,,10175,3,,,1,100,,10172,3,,,1,100,,10171,3,,,1
11300,'9',640,,10184,3,,,1,100,,4917,3,,,1,100,,10210,3,,,1,100,,4154,3,,,1,100,,10190,3,,,1,100,,10186,3,,,1,100,,10206,3,,,1,100,,10187,3,,,1,100,,4395,3,,,1,100,,10183,3,,,1,100,,10215,3,,,1,100,,10205,3,,,1,100,,7177,3,,,1
20901,'12',1810,,11304,3,,,1,100,,11301,3,,,1,100,,11296,3,,,1,100,,11306,3,,,1,100,,11292,3,,,1
20901,'5',1810,,11321,3,,,1,100,,11319,3,,,1,100,,11314,3,,,1,100,,11316,3,,,1,100,,11320,3,,,1
20901,'7',710,,11345,3,,,1,100,,11378,3,,,1,100,,11360,3,,,1,100,,11346,3,,,1,100,,11340,3,,,1,100,,11347,3,,,1,100,,11332,3,,,1,100,,11338,3,,,1,100,,11337,3,,,1,100,,11362,3,,,1,100,,11363,3,,,1,100,,11376,3,,,1,100,,11367,3,,,1,100,,11341,3,,,1
20901,'9',1810,,1216,3,,,1,100,,11394,3,,,1,100,,11395,3,,,1,100,,11392,3,,,1,100,,11386,3,,,1
