11201,'14',723,,7761,,,1,100,,7760,,,1,100,,7765,,,1,100,,7756,,,1,100,,132,,,1,100,,7766,,,1,100,,7757,,,1,100,,7758,,,1,100,,7771,,,1,100,,7762,,,1,100,,7767,,,1
11201,'18',723,,7782,,,1,100,,7781,,,1,100,,7786,,,1,100,,7774,,,1,100,,7775,,,1,100,,7787,,,1,100,,7776,,,1,100,,7777,,,1,100,,7793,,,1,100,,7783,,,1,100,,7788,,,1
11201,'20',723,,7813,,,1,100,,7797,,,1,100,,7815,,,1,100,,7796,,,1,100,,7798,,,1,100,,7806,,,1,100,,7799,,,1,100,,7800,,,1,100,,7810,,,1,100,,7802,,,1,100,,7807,,,1
11201,'8',723,,7835,,,1,100,,7817,,,1,100,,7837,,,1,100,,7816,,,1,100,,7818,,,1,100,,7827,,,1,100,,7819,,,1,100,,7820,,,1,100,,7832,,,1,100,,7823,,,1,100,,7828,,,1
20600,'11',739,,9359,,,1,70,,9346,,,1,30,,9363,,,1,70,,9362,,,1,30,,9343,,,1,70,,9344,,,1,30,,9358,,,1,71,,9339,,,1,29,,9353,,,1,70,,9341,,,1,30,,9338,,,1,70,,9349,,,1,30,,9354,,,1,71,,9361,,,1,29,,9350,,,1,70,,9356,,,1,30,,9340,,,1,70,,9342,,,1,30,,9355,,,1,70,,9351,,,1,30,,9347,,,1,70,,9360,,,1,31,,9345,,,1,69,,9357,,,1,30,,9352,,,1,70,,9348,,,1
20600,'14',1810,,9364,,,1,29,,9371,,,1,70,,9369,,,1,31,,9365,,,1,70,,9372,,,1,30,,9367,,,1,69,,9370,,,1,30,,3283,,,1,70,,9368,,,1,30,,9366,,,1
20600,'18',1810,,9373,,,1,29,,9381,,,1,70,,9379,,,1,31,,9374,,,1,70,,9382,,,1,30,,9376,,,1,69,,9380,,,1,30,,9378,,,1,70,,9377,,,1,30,,9375,,,1
20600,'20',1810,,9383,,,1,29,,9390,,,1,70,,9388,,,1,31,,9384,,,1,70,,9391,,,1,30,,9386,,,1,69,,9389,,,1,30,,3252,,,1,70,,9387,,,1,30,,9385,,,1
20600,'4',739,,9413,,,1,70,,9400,,,1,30,,9417,,,1,70,,9416,,,1,30,,9397,,,1,70,,9398,,,1,30,,9412,,,1,71,,9393,,,1,29,,9407,,,1,70,,9395,,,1,30,,9392,,,1,70,,9403,,,1,30,,9408,,,1,71,,9415,,,1,29,,9404,,,1,70,,9410,,,1,30,,9394,,,1,70,,9396,,,1,30,,9409,,,1,70,,9405,,,1,30,,9401,,,1,70,,9414,,,1,31,,9399,,,1,69,,9411,,,1,30,,9406,,,1,70,,9402,,,1
20600,'8',1810,,9418,,,1,29,,9426,,,1,70,,9424,,,1,31,,9419,,,1,70,,9427,,,1,30,,9421,,,1,69,,9425,,,1,30,,9423,,,1,70,,9422,,,1,30,,9420,,,1
