11301,'14',646,,5474,3,,,1,100,,2215,3,,,1,100,,5477,3,,,1,100,,5490,3,,,1,100,,5482,3,,,1,100,,5459,3,,,1,100,,5461,3,,,1,100,,5464,3,,,1,100,,5479,3,,,1,100,,5483,3,,,1,100,,5463,3,,,1,100,,5484,3,,,1,100,,5466,3,,,1
11301,'18',646,,5513,3,,,1,100,,5502,3,,,1,100,,5516,3,,,1,100,,5531,3,,,1,100,,5522,3,,,1,100,,5496,3,,,1,100,,5498,3,,,1,100,,5501,3,,,1,100,,5518,3,,,1,100,,5523,3,,,1,100,,5500,3,,,1,100,,5525,3,,,1,100,,5504,3,,,1
11301,'20',646,,5545,3,,,1,100,,2139,3,,,1,100,,5548,3,,,1,100,,5566,3,,,1,100,,5552,3,,,1,100,,5537,3,,,1,100,,5568,3,,,1,100,,5540,3,,,1,100,,5556,3,,,1,100,,5564,3,,,1,100,,5571,3,,,1,100,,5567,3,,,1,100,,5542,3,,,1
11301,'8',646,,5585,3,,,1,100,,5579,3,,,1,100,,5588,3,,,1,100,,5607,3,,,1,100,,5592,3,,,1,100,,5575,3,,,1,100,,5609,3,,,1,100,,5578,3,,,1,100,,5597,3,,,1,100,,5605,3,,,1,100,,5612,3,,,1,100,,5608,3,,,1,100,,5581,3,,,1
21301,'11',746,,7709,3,,,1,100,,7712,3,,,1,100,,7732,3,,,1,100,,7726,3,,,1,100,,7710,3,,,1,100,,7734,3,,,1,100,,7738,3,,,1,100,,7720,3,,,1,100,,7725,3,,,1,100,,7730,3,,,1,100,,7705,3,,,1,100,,7711,3,,,1,100,,7706,3,,,1
21301,'14',1946,,7743,3,,,1,100,,7747,3,,,1,100,,7750,3,,,1,100,,7749,3,,,1
21301,'18',1946,,7753,3,,,1,100,,7757,3,,,1,100,,7761,3,,,1,100,,7760,3,,,1
21301,'20',1946,,7764,3,,,1,100,,7768,3,,,1,100,,7771,3,,,1,100,,7770,3,,,1
21301,'4',746,,7779,3,,,1,100,,7782,3,,,1,100,,7803,3,,,1,100,,7797,3,,,1,100,,7780,3,,,1,100,,7805,3,,,1,100,,7809,3,,,1,100,,7790,3,,,1,100,,7796,3,,,1,100,,7801,3,,,1,100,,7775,3,,,1,100,,7781,3,,,1,100,,7776,3,,,1
21301,'8',1946,,7814,3,,,1,100,,7818,3,,,1,100,,7822,3,,,1,100,,7821,3,,,1
