10500,'14',603,,3682,14,,,1,100,,3668,14,,,1,30,,3649,14,,,1,70,,3679,14,,,1,30,,3650,14,,,1,70,,3678,14,,,1,30,,3665,14,,,1,70,,3648,14,,,1,100,,3664,14,,,1,100,,1449,14,,,1,100,,3662,14,,,1,100,,3661,14,,,1,100,,3657,14,,,1,30,,3653,14,,,1,70,,3667,14,,,1,30,,3671,14,,,1,70,,1017,14,,,1,30,,3660,14,,,1,70,,3680,14,,,1
10500,'18',603,,3720,14,,,1,100,,3704,14,,,1,30,,3684,14,,,1,70,,3717,14,,,1,30,,3685,14,,,1,70,,3716,14,,,1,30,,3700,14,,,1,70,,3683,14,,,1,100,,3699,14,,,1,100,,3707,14,,,1,100,,3697,14,,,1,100,,3696,14,,,1,100,,3692,14,,,1,30,,3688,14,,,1,70,,3703,14,,,1,30,,3709,14,,,1,70,,3705,14,,,1,30,,3695,14,,,1,70,,3718,14,,,1
10500,'20',603,,3755,14,,,1,100,,3740,14,,,1,30,,3722,14,,,1,70,,3752,14,,,1,30,,3723,14,,,1,70,,3751,14,,,1,30,,3737,14,,,1,70,,3721,14,,,1,100,,3736,14,,,1,100,,3742,14,,,1,100,,3734,14,,,1,100,,3733,14,,,1,100,,3729,14,,,1,30,,806,14,,,1,70,,3739,14,,,1,30,,3744,14,,,1,70,,969,14,,,1,30,,3732,14,,,1,70,,3753,14,,,1
10500,'8',603,,3793,14,,,1,100,,3777,14,,,1,30,,3757,14,,,1,70,,3790,14,,,1,30,,3758,14,,,1,70,,3789,14,,,1,30,,3773,14,,,1,70,,3756,14,,,1,100,,3772,14,,,1,100,,3780,14,,,1,100,,3770,14,,,1,100,,3769,14,,,1,100,,3765,14,,,1,30,,3761,14,,,1,70,,3776,14,,,1,30,,3782,14,,,1,70,,3778,14,,,1,30,,3768,14,,,1,70,,3791,14,,,1
20500,'11',702,,6648,11,,,1,100,,6658,11,,,1,100,,6654,11,,,1,100,,6662,11,,,1,100,,6667,11,,,1,100,,6647,11,,,1,100,,6668,11,,,1,100,,6663,11,,,1,100,,6669,11,,,1,100,,6646,11,,,1,100,,2735,11,,,1,100,,6665,11,,,1,100,,2642,11,,,1,100,,6650,11,,,1
20500,'14',1902,,6671,11,,,1,100,,6672,11,,,1,100,,1735,11,,,1,100,,6677,11,,,1
20500,'18',1902,,6678,11,,,1,100,,6679,11,,,1,100,,6682,11,,,1,100,,6685,11,,,1
20500,'20',1902,,6686,11,,,1,100,,6687,11,,,1,100,,1687,11,,,1,100,,6692,11,,,1
20500,'4',702,,6696,11,,,1,100,,6707,11,,,1,100,,6703,11,,,1,100,,6711,11,,,1,100,,6717,11,,,1,100,,6695,11,,,1,100,,6718,11,,,1,100,,6712,11,,,1,100,,6719,11,,,1,100,,6693,11,,,1,100,,6713,11,,,1,100,,6715,11,,,1,100,,6694,11,,,1,100,,6699,11,,,1
20500,'8',1902,,6721,11,,,1,100,,6722,11,,,1,100,,6725,11,,,1,100,,6728,11,,,1
