10500,'14',558,,3682,4,,,1,100,,3668,4,,,1,70,,3649,4,,,1,30,,3679,4,,,1,70,,3650,4,,,1,30,,3678,4,,,1,70,,3665,4,,,1,30,,3648,4,,,1,100,,3664,4,,,1,100,,1449,4,,,1,100,,3662,4,,,1,100,,3661,4,,,1,100,,3657,4,,,1,70,,3653,4,,,1,30,,3667,4,,,1,70,,3671,4,,,1,30,,1017,4,,,1,70,,3660,4,,,1,30,,3680,4,,,1
10500,'18',558,,3720,4,,,1,100,,3704,4,,,1,70,,3684,4,,,1,30,,3717,4,,,1,70,,3685,4,,,1,30,,3716,4,,,1,70,,3700,4,,,1,30,,3683,4,,,1,100,,3699,4,,,1,100,,3707,4,,,1,100,,3697,4,,,1,100,,3696,4,,,1,100,,3692,4,,,1,70,,3688,4,,,1,30,,3703,4,,,1,70,,3709,4,,,1,30,,3705,4,,,1,70,,3695,4,,,1,30,,3718,4,,,1
10500,'20',558,,3755,4,,,1,100,,3740,4,,,1,70,,3722,4,,,1,30,,3752,4,,,1,70,,3723,4,,,1,30,,3751,4,,,1,70,,3737,4,,,1,30,,3721,4,,,1,100,,3736,4,,,1,100,,3742,4,,,1,100,,3734,4,,,1,100,,3733,4,,,1,100,,3729,4,,,1,70,,806,4,,,1,30,,3739,4,,,1,70,,3744,4,,,1,30,,969,4,,,1,70,,3732,4,,,1,30,,3753,4,,,1
10500,'8',558,,3793,4,,,1,100,,3777,4,,,1,70,,3757,4,,,1,30,,3790,4,,,1,70,,3758,4,,,1,30,,3789,4,,,1,70,,3773,4,,,1,30,,3756,4,,,1,100,,3772,4,,,1,100,,3780,4,,,1,100,,3770,4,,,1,100,,3769,4,,,1,100,,3765,4,,,1,70,,3761,4,,,1,30,,3776,4,,,1,70,,3782,4,,,1,30,,3778,4,,,1,70,,3768,4,,,1,30,,3791,4,,,1
20500,'11',658,,6648,4,,,1,100,,6658,4,,,1,100,,6654,4,,,1,100,,6662,4,,,1,100,,6667,4,,,1,100,,6647,4,,,1,100,,6668,4,,,1,100,,6663,4,,,1,100,,6669,4,,,1,100,,6646,4,,,1,100,,2735,4,,,1,100,,6665,4,,,1,100,,2642,4,,,1,100,,6650,4,,,1
20500,'14',1858,,6671,4,,,1,100,,6672,4,,,1,100,,1735,4,,,1,100,,6677,4,,,1
20500,'18',1858,,6678,4,,,1,100,,6679,4,,,1,100,,6682,4,,,1,100,,6685,4,,,1
20500,'20',1858,,6686,4,,,1,100,,6687,4,,,1,100,,1687,4,,,1,100,,6692,4,,,1
20500,'4',658,,6696,4,,,1,100,,6707,4,,,1,100,,6703,4,,,1,100,,6711,4,,,1,100,,6717,4,,,1,100,,6695,4,,,1,100,,6718,4,,,1,100,,6712,4,,,1,100,,6719,4,,,1,100,,6693,4,,,1,100,,6713,4,,,1,100,,6715,4,,,1,100,,6694,4,,,1,100,,6699,4,,,1
20500,'8',1858,,6721,4,,,1,100,,6722,4,,,1,100,,6725,4,,,1,100,,6728,4,,,1
