10400,'10',639,,12241,13,4,,1,70,,12249,13,4,,1,30,,12246,13,4,,1,70,,9530,13,4,,1,30,,12250,13,4,,1,70,,12244,13,4,,1,30,,12252,13,4,,1,70,,12235,13,4,,1,30,,12238,13,4,,1,70,,12255,13,4,,1,30,,8643,13,4,,1,70,,12254,13,4,,1,30,,12251,13,4,,1,70,,12242,13,4,,1,30,,12253,13,4,,1,70,,3299,13,4,,1,30,,12247,13,4,,1,70,,12237,13,4,,1,30,,12243,13,4,,1,70,,12240,13,4,,1,30,,8587,13,4,,1,70,,12245,13,4,,1,30,,12236,13,4,,1,70,,12239,13,4,,1,30,,12248,13,4,,1
10400,'13',639,,12262,13,4,,1,70,,12270,13,4,,1,30,,12267,13,4,,1,70,,9463,13,4,,1,30,,12271,13,4,,1,70,,12265,13,4,,1,30,,12273,13,4,,1,70,,12256,13,4,,1,30,,12259,13,4,,1,70,,12276,13,4,,1,30,,8605,13,4,,1,70,,12275,13,4,,1,30,,12272,13,4,,1,70,,12263,13,4,,1,30,,12274,13,4,,1,70,,3336,13,4,,1,30,,12268,13,4,,1,70,,12258,13,4,,1,30,,12264,13,4,,1,70,,12261,13,4,,1,30,,8475,13,4,,1,70,,12266,13,4,,1,30,,12257,13,4,,1,70,,12260,13,4,,1,30,,12269,13,4,,1
10401,'10',639,,12283,1,,,1,70,,12281,1,,,1,30,,9941,1,,,1,70,,12299,1,,,1,30,,12286,1,,,1,70,,12308,1,,,1,30,,12280,1,,,1,70,,9433,1,,,1,30,,12287,1,,,1,70,,12289,1,,,1,30,,12311,1,,,1,70,,12315,1,,,1,30,,12304,1,,,1,70,,12292,1,,,1,30,,12278,1,,,1,70,,12301,1,,,1,30,,12277,1,,,1,70,,12279,1,,,1,30,,12303,1,,,1,70,,12293,1,,,1,30,,12297,1,,,1,70,,12314,1,,,1,30,,12312,1,,,1,70,,12282,1,,,1,30,,12309,1,,,1
10401,'13',639,,12327,1,,,1,70,,12325,1,,,1,30,,9899,1,,,1,70,,12342,1,,,1,30,,12330,1,,,1,70,,12351,1,,,1,30,,12324,1,,,1,70,,9319,1,,,1,30,,12331,1,,,1,70,,10018,1,,,1,30,,12354,1,,,1,70,,12358,1,,,1,30,,12347,1,,,1,70,,12335,1,,,1,30,,12322,1,,,1,70,,12344,1,,,1,30,,12321,1,,,1,70,,12323,1,,,1,30,,12346,1,,,1,70,,12336,1,,,1,30,,12340,1,,,1,70,,12357,1,,,1,30,,12355,1,,,1,70,,12326,1,,,1,30,,12352,1,,,1
20301,'10',2406,,13642,14,,,1
20301,'13',2406,,13653,14,,,1
20400,'10',1910,,13695,14,4,,1,30,,8577,14,4,,1,70,,13691,14,4,,1,30,,13690,14,4,,1,70,,10495,14,4,,1,30,,13692,14,4,,1,70,,13696,14,4,,1,30,,13693,14,4,,1,70,,13694,14,4,,1,30,,13689,14,4,,1
20400,'13',1910,,13703,14,4,,1,30,,8465,14,4,,1,70,,13699,14,4,,1,30,,13698,14,4,,1,70,,10425,14,4,,1,30,,13700,14,4,,1,70,,13704,14,4,,1,30,,13701,14,4,,1,70,,13702,14,4,,1,30,,13697,14,4,,1
20400,'7',740,,13709,14,4,,1,70,,13721,14,4,,1,30,,13725,14,4,,1,70,,13707,14,4,,1,30,,13720,14,4,,1,70,,13713,14,4,,1,30,,13712,14,4,,1,70,,13728,14,4,,1,30,,13708,14,4,,1,70,,13726,14,4,,1,30,,13716,14,4,,1,70,,13717,14,4,,1,30,,13718,14,4,,1,70,,13710,14,4,,1,30,,13724,14,4,,1,70,,13719,14,4,,1,30,,13730,14,4,,1,70,,13722,14,4,,1,30,,13711,14,4,,1,70,,13729,14,4,,1,30,,13714,14,4,,1,70,,13715,14,4,,1,30,,10851,14,4,,1,70,,13723,14,4,,1,30,,13727,14,4,,1,70,,10845,14,4,,1,30,,13705,14,4,,1,70,,13706,14,4,,1
20401,'10',1910,,13741,1,,,1,30,,13746,1,,,1,70,,13732,1,,,1,30,,6400,1,,,1,70,,13736,1,,,1,30,,13739,1,,,1,70,,13745,1,,,1,30,,13747,1,,,1,70,,13737,1,,,1,30,,13744,1,,,1
20401,'13',1910,,13758,1,,,1,30,,13763,1,,,1,70,,13749,1,,,1,30,,6417,1,,,1,70,,13754,1,,,1,30,,11306,1,,,1,70,,13762,1,,,1,30,,13764,1,,,1,70,,13755,1,,,1,30,,13761,1,,,1
20401,'7',740,,13765,1,,,1,70,,13788,1,,,1,30,,13810,1,,,1,70,,11937,1,,,1,30,,13777,1,,,1,70,,13772,1,,,1,30,,13781,1,,,1,70,,13811,1,,,1,30,,13793,1,,,1,70,,13775,1,,,1,30,,11674,1,,,1,70,,13770,1,,,1,30,,13807,1,,,1,70,,13771,1,,,1,30,,13815,1,,,1,70,,13789,1,,,1,30,,13806,1,,,1,70,,13782,1,,,1,30,,13797,1,,,1,70,,13805,1,,,1,30,,13813,1,,,1,70,,13795,1,,,1,30,,13779,1,,,1,70,,11233,1,,,1,30,,13780,1,,,1,70,,13799,1,,,1,30,,13773,1,,,1,70,,13792,1,,,1
