10801,'12',649,,9542,31,,,1,70,,9541,31,,,1,30,,9551,31,,,1,70,,9538,31,,,1,30,,9543,31,,,1,70,,9539,31,,,1,100,,9536,31,,,1,100,,9550,31,,,1,100,,9547,31,,,1,100,,9549,31,,,1,100,,9544,31,,,1,30,,9546,31,,,1,70,,9548,31,,,1,30,,6419,31,,,1,70,,2911,31,,,1,30,,9535,31,,,1,70,,9540,31,,,1
10801,'5',649,,9561,31,,,1,70,,9557,31,,,1,30,,9569,31,,,1,70,,9554,31,,,1,30,,9570,31,,,1,70,,9555,31,,,1,100,,9553,31,,,1,100,,9568,31,,,1,100,,9565,31,,,1,100,,9567,31,,,1,100,,9560,31,,,1,30,,9563,31,,,1,70,,9566,31,,,1,30,,9558,31,,,1,70,,9559,31,,,1,30,,9552,31,,,1,70,,9556,31,,,1
10801,'9',649,,3662,31,,,1,70,,9576,31,,,1,30,,9585,31,,,1,70,,9573,31,,,1,30,,9586,31,,,1,70,,9574,31,,,1,100,,9572,31,,,1,100,,9584,31,,,1,100,,9581,31,,,1,100,,9583,31,,,1,100,,9577,31,,,1,30,,9579,31,,,1,70,,9582,31,,,1,30,,6402,31,,,1,70,,2877,31,,,1,30,,9571,31,,,1,70,,9575,31,,,1
10901,'12',619,,3144,6,,,1,100,,9641,6,,,1,100,,9635,6,,,1,100,,9632,6,,,1,100,,9651,6,,,1,100,,9642,6,,,1,100,,9633,6,,,1,100,,9645,6,,,1,100,,9658,6,,,1,100,,9617,6,,,1,100,,3414,6,,,1,100,,9655,6,,,1
10901,'5',619,,9703,6,,,1,100,,9685,6,,,1,100,,9679,6,,,1,100,,9676,6,,,1,100,,9695,6,,,1,100,,9686,6,,,1,100,,9677,6,,,1,100,,9689,6,,,1,100,,9706,6,,,1,100,,9660,6,,,1,100,,9659,6,,,1,100,,9700,6,,,1
10901,'9',619,,3035,6,,,1,100,,9732,6,,,1,100,,9726,6,,,1,100,,9723,6,,,1,100,,9742,6,,,1,100,,9733,6,,,1,100,,9724,6,,,1,100,,9736,6,,,1,100,,9749,6,,,1,100,,9707,6,,,1,100,,3365,6,,,1,100,,9746,6,,,1
11401,'12',652,,10375,30,,,1,100,,10374,30,,,1,100,,10369,30,,,1,100,,10370,30,,,1,100,,10373,30,,,1,100,,10365,30,,,1,100,,10367,30,,,1,100,,10372,30,,,1,100,,10366,30,,,1,100,,10368,30,,,1,100,,10371,30,,,1,100,,6417,30,,,1
11401,'5',652,,10387,30,,,1,100,,10386,30,,,1,100,,10381,30,,,1,100,,10382,30,,,1,100,,10385,30,,,1,100,,10377,30,,,1,100,,10379,30,,,1,100,,10384,30,,,1,100,,10378,30,,,1,100,,10380,30,,,1,100,,10383,30,,,1,100,,10376,30,,,1
11401,'9',652,,10398,30,,,1,100,,10397,30,,,1,100,,10392,30,,,1,100,,10393,30,,,1,100,,10396,30,,,1,100,,10388,30,,,1,100,,10390,30,,,1,100,,10395,30,,,1,100,,10389,30,,,1,100,,10391,30,,,1,100,,10394,30,,,1,100,,6400,30,,,1
20901,'12',1819,,11308,6,,,1,100,,11309,6,,,1,100,,11295,6,,,1,100,,11302,6,,,1,100,,11294,6,,,1
20901,'5',1819,,11328,6,,,1,100,,11329,6,,,1,100,,11326,6,,,1,100,,11315,6,,,1,100,,11312,6,,,1
20901,'7',719,,11354,6,,,1,100,,11361,6,,,1,100,,11352,6,,,1,100,,11344,6,,,1,100,,11375,6,,,1,100,,11349,6,,,1,100,,11358,6,,,1,100,,11373,6,,,1,100,,11384,6,,,1,100,,11335,6,,,1,100,,11342,6,,,1,100,,11350,6,,,1,100,,11385,6,,,1,100,,11365,6,,,1
20901,'9',1819,,11398,6,,,1,100,,11399,6,,,1,100,,11390,6,,,1,100,,11400,6,,,1,100,,11397,6,,,1
21401,'12',1852,,11727,36,,,1,100,,11730,36,,,1,100,,11728,36,,,1,100,,11731,36,,,1,100,,11729,36,,,1
21401,'5',1852,,11736,36,,,1,100,,11734,36,,,1,100,,11733,36,,,1,100,,11732,36,,,1,100,,11735,36,,,1
21401,'7',752,,11739,36,,,1,100,,11741,36,,,1,100,,11744,36,,,1,100,,11742,36,,,1,100,,11749,36,,,1,100,,11746,36,,,1,100,,11748,36,,,1,100,,11738,36,,,1,100,,11740,36,,,1,100,,11743,36,,,1,100,,11745,36,,,1,100,,11747,36,,,1,100,,11737,36,,,1
21401,'9',1852,,11751,36,,,1,100,,5663,36,,,1,100,,11752,36,,,1,100,,11753,36,,,1,100,,11750,36,,,1
