10601,'12',615,,9166,25,,,1,100,,9177,25,,,1,30,,9172,25,,,1,70,,9178,25,,,1,30,,9175,25,,,1,70,,9162,25,,,1,100,,4862,25,,,1,100,,9164,25,,,1,100,,9163,25,,,1,100,,9173,25,,,1,100,,9179,25,,,1,30,,9180,25,,,1,70,,9170,25,,,1,30,,9174,25,,,1,70,,9167,25,,,1,30,,9169,25,,,1,70,,9168,25,,,1,30,,9165,25,,,1,70,,9176,25,,,1
10601,'5',615,,9185,25,,,1,100,,9197,25,,,1,30,,9192,25,,,1,70,,9198,25,,,1,30,,9195,25,,,1,70,,9181,25,,,1,100,,9186,25,,,1,100,,9183,25,,,1,100,,9182,25,,,1,100,,9193,25,,,1,100,,9199,25,,,1,30,,9200,25,,,1,70,,9190,25,,,1,30,,9194,25,,,1,70,,9187,25,,,1,30,,9189,25,,,1,70,,9188,25,,,1,30,,9184,25,,,1,70,,9196,25,,,1
10601,'9',615,,9205,25,,,1,100,,9216,25,,,1,30,,9211,25,,,1,70,,9217,25,,,1,30,,9214,25,,,1,70,,9201,25,,,1,100,,4816,25,,,1,100,,9203,25,,,1,100,,9202,25,,,1,100,,9212,25,,,1,100,,9218,25,,,1,30,,9219,25,,,1,70,,9209,25,,,1,30,,9213,25,,,1,70,,9206,25,,,1,30,,9208,25,,,1,70,,9207,25,,,1,30,,9204,25,,,1,70,,9215,25,,,1
11201,'12',722,,10065,11,,,1,100,,10054,11,,,1,100,,10047,11,,,1,100,,10052,11,,,1,100,,10049,11,,,1,100,,10053,11,,,1,100,,10063,11,,,1,100,,10050,11,,,1,100,,10062,11,,,1,100,,10058,11,,,1,100,,10059,11,,,1
11201,'5',722,,10087,11,,,1,100,,10075,11,,,1,100,,10074,11,,,1,100,,10084,11,,,1,100,,10068,11,,,1,100,,10073,11,,,1,100,,10086,11,,,1,100,,10071,11,,,1,100,,10085,11,,,1,100,,10081,11,,,1,100,,10082,11,,,1
11201,'9',722,,10100,11,,,1,100,,10090,11,,,1,100,,10105,11,,,1,100,,10095,11,,,1,100,,10091,11,,,1,100,,10096,11,,,1,100,,10107,11,,,1,100,,10092,11,,,1,100,,10106,11,,,1,100,,10102,11,,,1,100,,10103,11,,,1
20601,'12',1844,,11178,15,,,1,70,,11175,15,,,1,30,,11181,15,,,1,70,,11183,15,,,1,30,,11179,15,,,1,70,,11172,15,,,1,30,,11182,15,,,1,70,,11177,15,,,1,30,,5642,15,,,1,70,,11170,15,,,1
20601,'5',1844,,11195,15,,,1,70,,11192,15,,,1,30,,11188,15,,,1,70,,11203,15,,,1,30,,11197,15,,,1,70,,11186,15,,,1,30,,11202,15,,,1,70,,11194,15,,,1,30,,11200,15,,,1,70,,11184,15,,,1
20601,'7',714,,11205,15,,,1,30,,11220,15,,,1,70,,11236,15,,,1,30,,11246,15,,,1,70,,11208,15,,,1,30,,11238,15,,,1,70,,11207,15,,,1,30,,11210,15,,,1,70,,11219,15,,,1,30,,11227,15,,,1,70,,11242,15,,,1,30,,11214,15,,,1,70,,11232,15,,,1,30,,11245,15,,,1,70,,11252,15,,,1,30,,11228,15,,,1,70,,2642,15,,,1,30,,11215,15,,,1,70,,11244,15,,,1,30,,7830,15,,,1,70,,11247,15,,,1,30,,11216,15,,,1,70,,11230,15,,,1,30,,11209,15,,,1,70,,11250,15,,,1,30,,11231,15,,,1,70,,11204,15,,,1,30,,11243,15,,,1
20601,'9',1844,,11263,15,,,1,70,,11260,15,,,1,30,,11257,15,,,1,70,,11268,15,,,1,30,,11265,15,,,1,70,,11256,15,,,1,30,,11267,15,,,1,70,,11262,15,,,1,30,,5619,15,,,1,70,,11254,15,,,1
