10600,'10',645,,12513,14,,,1,100,,12520,14,,,1,70,,12515,14,,,1,30,,9816,14,,,1,70,,12522,14,,,1,30,,12508,14,,,1,100,,12519,14,,,1,100,,12521,14,,,1,100,,12509,14,,,1,100,,12511,14,,,1,100,,12516,14,,,1,70,,12517,14,,,1,30,,12510,14,,,1,70,,12518,14,,,1,31,,12514,14,,,1,69,,12507,14,,,1,32,,12512,14,,,1
10600,'13',645,,12529,14,,,1,100,,12536,14,,,1,70,,12531,14,,,1,30,,9770,14,,,1,70,,12538,14,,,1,30,,12524,14,,,1,100,,12535,14,,,1,100,,12537,14,,,1,100,,12525,14,,,1,100,,12527,14,,,1,100,,12532,14,,,1,70,,12533,14,,,1,30,,12526,14,,,1,70,,12534,14,,,1,31,,12530,14,,,1,69,,12523,14,,,1,32,,12528,14,,,1
10601,'10',608,,12554,20,,,1,100,,12543,20,,,1,30,,12549,20,,,1,70,,12557,20,,,1,30,,12541,20,,,1,70,,12555,20,,,1,100,,12546,20,,,1,100,,12544,20,,,1,100,,12552,20,,,1,100,,12553,20,,,1,100,,12539,20,,,1,30,,12556,20,,,1,70,,12548,20,,,1,30,,12558,20,,,1,70,,12540,20,,,1,30,,12547,20,,,1,70,,12551,20,,,1,30,,12545,20,,,1,70,,12550,20,,,1
10601,'13',608,,12574,20,,,1,100,,12563,20,,,1,30,,12569,20,,,1,70,,12577,20,,,1,30,,12561,20,,,1,70,,12575,20,,,1,100,,12566,20,,,1,100,,12564,20,,,1,100,,12572,20,,,1,100,,12573,20,,,1,100,,12559,20,,,1,30,,12576,20,,,1,70,,12568,20,,,1,30,,12578,20,,,1,70,,12560,20,,,1,30,,12567,20,,,1,70,,12571,20,,,1,30,,12565,20,,,1,70,,12570,20,,,1
20600,'10',1815,,13906,19,,,1,29,,13905,19,,,1,70,,13899,19,,,1,31,,13900,19,,,1,70,,9397,19,,,1,30,,13898,19,,,1,69,,13903,19,,,1,30,,13902,19,,,1,70,,13904,19,,,1,30,,13901,19,,,1
20600,'13',1815,,13915,19,,,1,29,,13914,19,,,1,70,,13912,19,,,1,31,,13908,19,,,1,70,,9284,19,,,1,30,,13907,19,,,1,69,,13911,19,,,1,30,,13910,19,,,1,70,,13913,19,,,1,30,,13909,19,,,1
20600,'7',744,,13938,19,,,1,70,,13921,19,,,1,30,,13920,19,,,1,70,,13941,19,,,1,30,,13928,19,,,1,70,,13919,19,,,1,30,,13923,19,,,1,71,,13929,19,,,1,29,,13934,19,,,1,70,,13927,19,,,1,30,,13925,19,,,1,70,,13926,19,,,1,30,,13937,19,,,1,71,,13936,19,,,1,29,,13932,19,,,1,70,,13924,19,,,1,30,,13933,19,,,1,70,,13940,19,,,1,30,,13917,19,,,1,70,,13931,19,,,1,30,,13939,19,,,1,70,,13918,19,,,1,31,,13916,19,,,1,69,,13935,19,,,1,30,,13922,19,,,1,70,,13930,19,,,1
20601,'10',1838,,13952,10,,,1,70,,13948,10,,,1,30,,13960,10,,,1,70,,13959,10,,,1,30,,13951,10,,,1,70,,13949,10,,,1,30,,13942,10,,,1,70,,13955,10,,,1,30,,13946,10,,,1,70,,13945,10,,,1
20601,'13',1838,,13972,10,,,1,70,,13968,10,,,1,30,,10407,10,,,1,70,,13978,10,,,1,30,,13971,10,,,1,70,,13969,10,,,1,30,,13962,10,,,1,70,,13975,10,,,1,30,,13966,10,,,1,70,,13965,10,,,1
20601,'7',708,,13994,10,,,1,30,,14020,10,,,1,70,,14014,10,,,1,30,,14026,10,,,1,70,,13989,10,,,1,30,,11941,10,,,1,70,,13995,10,,,1,30,,14022,10,,,1,70,,14009,10,,,1,30,,14017,10,,,1,70,,14012,10,,,1,30,,13982,10,,,1,70,,13981,10,,,1,30,,14008,10,,,1,70,,13991,10,,,1,30,,11217,10,,,1,70,,13985,10,,,1,30,,13999,10,,,1,70,,14025,10,,,1,30,,13980,10,,,1,70,,13996,10,,,1,30,,14021,10,,,1,70,,14016,10,,,1,30,,14003,10,,,1,70,,14002,10,,,1,30,,13988,10,,,1,70,,13997,10,,,1,30,,14000,10,,,1
