10701,'14',557,,4195,8,0,5 6,1,100,,4151,8,0,5 6,1,70,,4179,8,0,5 6,1,30,,4160,8,0,5 6,1,70,,4198,8,0,5 6,1,30,,4201,8,0,5 6,1,100,,4176,8,0,5 6,1,100,,4170,8,0,5 6,1,100,,4171,8,0,5 6,1,100,,4199,8,0,5 6,1,100,,4158,8,0,5 6,1,70,,4200,8,0,5 6,1,30,,4175,8,0,5 6,1,70,,1246,8,0,5 6,1,30,,4157,8,0,5 6,1,70,,4182,8,0,5 6,1,30,,4172,8,0,5 6,1,70,,4146,8,0,5 6,1,30,,4192,8,0,5 6,1,100,,4186,8,0,5 6,1
10701,'18',557,,4255,8,0,5 6,1,100,,4208,8,0,5 6,1,70,,4238,8,0,5 6,1,30,,4217,8,0,5 6,1,70,,4258,8,0,5 6,1,30,,4261,8,0,5 6,1,100,,4234,8,0,5 6,1,100,,4227,8,0,5 6,1,100,,4228,8,0,5 6,1,100,,4259,8,0,5 6,1,100,,4215,8,0,5 6,1,70,,4260,8,0,5 6,1,30,,4233,8,0,5 6,1,70,,4239,8,0,5 6,1,30,,4214,8,0,5 6,1,70,,4242,8,0,5 6,1,30,,4230,8,0,5 6,1,70,,4203,8,0,5 6,1,30,,4252,8,0,5 6,1,100,,4246,8,0,5 6,1
10701,'20',557,,4312,8,0,5 6,1,100,,4268,8,0,5 6,1,70,,4296,8,0,5 6,1,30,,4277,8,0,5 6,1,70,,4315,8,0,5 6,1,30,,4318,8,0,5 6,1,100,,4293,8,0,5 6,1,100,,4287,8,0,5 6,1,100,,4288,8,0,5 6,1,100,,4316,8,0,5 6,1,100,,4275,8,0,5 6,1,70,,4317,8,0,5 6,1,30,,4292,8,0,5 6,1,70,,1233,8,0,5 6,1,30,,4274,8,0,5 6,1,70,,4300,8,0,5 6,1,30,,4289,8,0,5 6,1,70,,4263,8,0,5 6,1,30,,4309,8,0,5 6,1,100,,4303,8,0,5 6,1
10701,'8',557,,4372,8,0,5 6,1,100,,4325,8,0,5 6,1,70,,4355,8,0,5 6,1,30,,4334,8,0,5 6,1,70,,4375,8,0,5 6,1,30,,4378,8,0,5 6,1,100,,4351,8,0,5 6,1,100,,4344,8,0,5 6,1,100,,4345,8,0,5 6,1,100,,4376,8,0,5 6,1,100,,4332,8,0,5 6,1,70,,4377,8,0,5 6,1,30,,4350,8,0,5 6,1,70,,4356,8,0,5 6,1,30,,4331,8,0,5 6,1,70,,4359,8,0,5 6,1,30,,4347,8,0,5 6,1,70,,4320,8,0,5 6,1,30,,4369,8,0,5 6,1,100,,4363,8,0,5 6,1
21401,'11',738,,7872,8,,,1,100,,7880,8,,,1,100,,7876,8,,,1,100,,7871,8,,,1,100,,7873,8,,,1,100,,7879,8,,,1,100,,7878,8,,,1,100,,7869,8,,,1,100,,7875,8,,,1,100,,7868,8,,,1,100,,7877,8,,,1,100,,7874,8,,,1,100,,7870,8,,,1
21401,'14',1838,,7885,8,,,1,100,,7883,8,,,1,100,,7881,8,,,1,100,,7884,8,,,1,100,,7882,8,,,1
21401,'18',1838,,7890,8,,,1,100,,7888,8,,,1,100,,7886,8,,,1,100,,7889,8,,,1,100,,7887,8,,,1
21401,'20',1838,,7893,8,,,1,100,,81,8,,,1,100,,7891,8,,,1,100,,7892,8,,,1,100,,7894,8,,,1
21401,'4',738,,7899,8,,,1,100,,7907,8,,,1,100,,7903,8,,,1,100,,7898,8,,,1,100,,7900,8,,,1,100,,7906,8,,,1,100,,7905,8,,,1,100,,7896,8,,,1,100,,7902,8,,,1,100,,7895,8,,,1,100,,7904,8,,,1,100,,7901,8,,,1,100,,7897,8,,,1
21401,'8',1838,,7911,8,,,1,100,,7909,8,,,1,100,,7908,8,,,1,100,,7910,8,,,1,100,,7912,8,,,1
