10500,'10',549,,9938,4,,,1,100,,12397,4,,,1,70,,12390,4,,,1,30,,12375,4,,,1,70,,12376,4,,,1,30,,12398,4,,,1,70,,12372,4,,,1,30,,12393,4,,,1,100,,12370,4,,,1,100,,12364,4,,,1,100,,12367,4,,,1,100,,12389,4,,,1,100,,8760,4,,,1,70,,12369,4,,,1,30,,12377,4,,,1,70,,12384,4,,,1,30,,12373,4,,,1,70,,12391,4,,,1,30,,12399,4,,,1
10500,'13',549,,12413,4,,,1,100,,12434,4,,,1,70,,12427,4,,,1,30,,12411,4,,,1,70,,12412,4,,,1,30,,12435,4,,,1,70,,12408,4,,,1,30,,12430,4,,,1,100,,12406,4,,,1,100,,12400,4,,,1,100,,12403,4,,,1,100,,12426,4,,,1,100,,8711,4,,,1,70,,12405,4,,,1,30,,12414,4,,,1,70,,12421,4,,,1,30,,12409,4,,,1,70,,12428,4,,,1,30,,12436,4,,,1
10501,'10',634,,12464,15,,,1,100,,12450,15,,,1,70,,12459,15,,,1,30,,12466,15,,,1,70,,12465,15,,,1,30,,12445,15,,,1,70,,12469,15,,,1,30,,12437,15,,,1,100,,12439,15,,,1,100,,12443,15,,,1,100,,12460,15,,,1,100,,8866,15,,,1,100,,12468,15,,,1,70,,12457,15,,,1,30,,12447,15,,,1,70,,8563,15,,,1,30,,12456,15,,,1,70,,12441,15,,,1,30,,12452,15,,,1
10501,'13',634,,12499,15,,,1,100,,12485,15,,,1,70,,12494,15,,,1,30,,12501,15,,,1,70,,12500,15,,,1,30,,12480,15,,,1,70,,12504,15,,,1,30,,12472,15,,,1,100,,12474,15,,,1,100,,12478,15,,,1,100,,12495,15,,,1,100,,8773,15,,,1,100,,12503,15,,,1,70,,12492,15,,,1,30,,12482,15,,,1,70,,8451,15,,,1,30,,12491,15,,,1,70,,12476,15,,,1,30,,12487,15,,,1
20500,'10',1849,,13819,4,,,1,100,,13817,4,,,1,100,,13820,4,,,1,100,,13823,4,,,1
20500,'13',1849,,13827,4,,,1,100,,13825,4,,,1,100,,13828,4,,,1,100,,13830,4,,,1
20500,'7',649,,13835,4,,,1,100,,13832,4,,,1,100,,13845,4,,,1,100,,13842,4,,,1,100,,13856,4,,,1,100,,13852,4,,,1,100,,13844,4,,,1,100,,13850,4,,,1,100,,13839,4,,,1,100,,13851,4,,,1,100,,13849,4,,,1,100,,13837,4,,,1,100,,11244,4,,,1,100,,13846,4,,,1
20501,'10',1933,,13861,15,,,1,100,,9573,15,,,1,100,,8422,15,,,1,100,,13863,15,,,1
20501,'13',1933,,13867,15,,,1,100,,9538,15,,,1,100,,8387,15,,,1,100,,13869,15,,,1
20501,'7',733,,13896,15,,,1,100,,13879,15,,,1,100,,13886,15,,,1,100,,13878,15,,,1,100,,13884,15,,,1,100,,13893,15,,,1,100,,13872,15,,,1,100,,13877,15,,,1,100,,13897,15,,,1,100,,13891,15,,,1,100,,13875,15,,,1,100,,13888,15,,,1,100,,13871,15,,,1,100,,13892,15,,,1
