11401,'14',639,,5669,9,,,1,100,,5671,9,,,1,100,,5668,9,,,1,100,,5665,9,,,1,100,,5670,9,,,1,100,,1845,9,,,1,100,,5666,9,,,1,100,,5664,9,,,1,100,,5663,9,,,1,100,,5667,9,,,1,100,,5672,9,,,1,100,,5662,9,,,1
11401,'18',639,,5681,9,,,1,100,,5683,9,,,1,100,,5680,9,,,1,100,,5677,9,,,1,100,,5682,9,,,1,100,,5673,9,,,1,100,,5678,9,,,1,100,,5676,9,,,1,100,,5675,9,,,1,100,,5679,9,,,1,100,,5684,9,,,1,100,,5674,9,,,1
11401,'20',639,,5692,9,,,1,100,,5694,9,,,1,100,,5691,9,,,1,100,,5688,9,,,1,100,,5693,9,,,1,100,,1806,9,,,1,100,,5689,9,,,1,100,,5687,9,,,1,100,,5686,9,,,1,100,,5690,9,,,1,100,,5695,9,,,1,100,,5685,9,,,1
11401,'8',639,,5704,9,,,1,100,,5706,9,,,1,100,,5703,9,,,1,100,,5700,9,,,1,100,,5705,9,,,1,100,,5696,9,,,1,100,,5701,9,,,1,100,,5699,9,,,1,100,,5698,9,,,1,100,,5702,9,,,1,100,,5707,9,,,1,100,,5697,9,,,1
21401,'11',743,,7872,20,,,1,100,,7880,20,,,1,100,,7876,20,,,1,100,,7871,20,,,1,100,,7873,20,,,1,100,,7879,20,,,1,100,,7878,20,,,1,100,,7869,20,,,1,100,,7875,20,,,1,100,,7868,20,,,1,100,,7877,20,,,1,100,,7874,20,,,1,100,,7870,20,,,1
21401,'14',1843,,7885,20,,,1,100,,7883,20,,,1,100,,7881,20,,,1,100,,7884,20,,,1,100,,7882,20,,,1
21401,'18',1843,,7890,20,,,1,100,,7888,20,,,1,100,,7886,20,,,1,100,,7889,20,,,1,100,,7887,20,,,1
21401,'20',1843,,7893,20,,,1,100,,81,20,,,1,100,,7891,20,,,1,100,,7892,20,,,1,100,,7894,20,,,1
21401,'4',743,,7899,20,,,1,100,,7907,20,,,1,100,,7903,20,,,1,100,,7898,20,,,1,100,,7900,20,,,1,100,,7906,20,,,1,100,,7905,20,,,1,100,,7896,20,,,1,100,,7902,20,,,1,100,,7895,20,,,1,100,,7904,20,,,1,100,,7901,20,,,1,100,,7897,20,,,1
21401,'8',1843,,7911,20,,,1,100,,7909,20,,,1,100,,7908,20,,,1,100,,7910,20,,,1,100,,7912,20,,,1
