10601,'12',615,,9166,26,,,1,100,,9177,26,,,1,30,,9172,26,,,1,70,,9178,26,,,1,30,,9175,26,,,1,70,,9162,26,,,1,100,,4862,26,,,1,100,,9164,26,,,1,100,,9163,26,,,1,100,,9173,26,,,1,100,,9179,26,,,1,30,,9180,26,,,1,70,,9170,26,,,1,30,,9174,26,,,1,70,,9167,26,,,1,30,,9169,26,,,1,70,,9168,26,,,1,30,,9165,26,,,1,70,,9176,26,,,1
10601,'5',615,,9185,26,,,1,100,,9197,26,,,1,30,,9192,26,,,1,70,,9198,26,,,1,30,,9195,26,,,1,70,,9181,26,,,1,100,,9186,26,,,1,100,,9183,26,,,1,100,,9182,26,,,1,100,,9193,26,,,1,100,,9199,26,,,1,30,,9200,26,,,1,70,,9190,26,,,1,30,,9194,26,,,1,70,,9187,26,,,1,30,,9189,26,,,1,70,,9188,26,,,1,30,,9184,26,,,1,70,,9196,26,,,1
10601,'9',615,,9205,26,,,1,100,,9216,26,,,1,30,,9211,26,,,1,70,,9217,26,,,1,30,,9214,26,,,1,70,,9201,26,,,1,100,,4816,26,,,1,100,,9203,26,,,1,100,,9202,26,,,1,100,,9212,26,,,1,100,,9218,26,,,1,30,,9219,26,,,1,70,,9209,26,,,1,30,,9213,26,,,1,70,,9206,26,,,1,30,,9208,26,,,1,70,,9207,26,,,1,30,,9204,26,,,1,70,,9215,26,,,1
11201,'12',722,,10065,12,,,1,100,,10054,12,,,1,100,,10047,12,,,1,100,,10052,12,,,1,100,,10049,12,,,1,100,,10053,12,,,1,100,,10063,12,,,1,100,,10050,12,,,1,100,,10062,12,,,1,100,,10058,12,,,1,100,,10059,12,,,1
11201,'5',722,,10087,12,,,1,100,,10075,12,,,1,100,,10074,12,,,1,100,,10084,12,,,1,100,,10068,12,,,1,100,,10073,12,,,1,100,,10086,12,,,1,100,,10071,12,,,1,100,,10085,12,,,1,100,,10081,12,,,1,100,,10082,12,,,1
11201,'9',722,,10100,12,,,1,100,,10090,12,,,1,100,,10105,12,,,1,100,,10095,12,,,1,100,,10091,12,,,1,100,,10096,12,,,1,100,,10107,12,,,1,100,,10092,12,,,1,100,,10106,12,,,1,100,,10102,12,,,1,100,,10103,12,,,1
20601,'12',1844,,11178,16,,,1,70,,11175,16,,,1,30,,11181,16,,,1,70,,11183,16,,,1,30,,11179,16,,,1,70,,11172,16,,,1,30,,11182,16,,,1,70,,11177,16,,,1,30,,5642,16,,,1,70,,11170,16,,,1
20601,'5',1844,,11195,16,,,1,70,,11192,16,,,1,30,,11188,16,,,1,70,,11203,16,,,1,30,,11197,16,,,1,70,,11186,16,,,1,30,,11202,16,,,1,70,,11194,16,,,1,30,,11200,16,,,1,70,,11184,16,,,1
20601,'7',714,,11205,16,,,1,30,,11220,16,,,1,70,,11236,16,,,1,30,,11246,16,,,1,70,,11208,16,,,1,30,,11238,16,,,1,70,,11207,16,,,1,30,,11210,16,,,1,70,,11219,16,,,1,30,,11227,16,,,1,70,,11242,16,,,1,30,,11214,16,,,1,70,,11232,16,,,1,30,,11245,16,,,1,70,,11252,16,,,1,30,,11228,16,,,1,70,,2642,16,,,1,30,,11215,16,,,1,70,,11244,16,,,1,30,,7830,16,,,1,70,,11247,16,,,1,30,,11216,16,,,1,70,,11230,16,,,1,30,,11209,16,,,1,70,,11250,16,,,1,30,,11231,16,,,1,70,,11204,16,,,1,30,,11243,16,,,1
20601,'9',1844,,11263,16,,,1,70,,11260,16,,,1,30,,11257,16,,,1,70,,11268,16,,,1,30,,11265,16,,,1,70,,11256,16,,,1,30,,11267,16,,,1,70,,11262,16,,,1,30,,5619,16,,,1,70,,11254,16,,,1
