10100,'10',709,,12005,18,,,1,30,,11998,18,,,1,70,,12007,18,,,1,30,,12003,18,,,1,70,,12010,18,,,1,30,,12006,18,,,1,70,,11996,18,,,1,100,,12000,18,,,1,100,,12004,18,,,1,100,,12001,18,,,1,100,,11993,18,,,1,100,,12008,18,,,1,30,,11999,18,,,1,70,,11995,18,,,1,30,,11997,18,,,1,70,,11994,18,,,1,30,,12009,18,,,1,70,,12002,18,,,1
10100,'13',709,,12023,18,,,1,30,,12016,18,,,1,70,,12025,18,,,1,30,,12021,18,,,1,70,,12028,18,,,1,30,,12024,18,,,1,70,,12014,18,,,1,100,,12018,18,,,1,100,,12022,18,,,1,100,,12019,18,,,1,100,,12011,18,,,1,100,,12026,18,,,1,30,,12017,18,,,1,70,,12013,18,,,1,30,,12015,18,,,1,70,,12012,18,,,1,30,,12027,18,,,1,70,,12020,18,,,1
10300,'10',644,,12182,25,,,1,100,,12174,25,,,1,70,,12181,25,,,1,30,,12175,25,,,1,70,,12185,25,,,1,30,,12184,25,,,1,70,,12173,25,,,1,30,,12176,25,,,1,100,,12168,25,,,1,100,,12167,25,,,1,100,,12169,25,,,1,100,,12179,25,,,1,100,,12178,25,,,1,70,,12177,25,,,1,30,,12183,25,,,1,70,,12170,25,,,1,30,,12172,25,,,1,70,,12171,25,,,1,30,,12180,25,,,1
10300,'13',644,,12201,25,,,1,100,,12192,25,,,1,70,,12199,25,,,1,30,,12193,25,,,1,70,,10634,25,,,1,30,,12203,25,,,1,70,,12195,25,,,1,30,,12194,25,,,1,100,,12187,25,,,1,100,,12186,25,,,1,100,,12188,25,,,1,100,,12198,25,,,1,100,,12197,25,,,1,70,,12196,25,,,1,30,,12202,25,,,1,70,,12189,25,,,1,30,,12191,25,,,1,70,,12190,25,,,1,30,,12200,25,,,1
11100,'10',608,,13018,13,,,1,30,,13013,13,,,1,70,,13025,13,,,1,30,,13032,13,,,1,70,,13027,13,,,1,30,,13024,13,,,1,70,,13010,13,,,1,30,,13029,13,,,1,70,,13017,13,,,1,30,,13019,13,,,1,70,,13016,13,,,1,30,,13026,13,,,1,70,,13028,13,,,1,30,,13015,13,,,1,70,,13023,13,,,1,30,,13020,13,,,1,70,,13031,13,,,1,30,,13034,13,,,1,70,,13033,13,,,1,30,,13022,13,,,1,70,,13030,13,,,1,30,,8868,13,,,1,70,,13011,13,,,1,30,,13014,13,,,1,70,,13012,13,,,1,30,,13021,13,,,1
11100,'13',608,,13046,13,,,1,30,,13039,13,,,1,70,,13050,13,,,1,30,,13056,13,,,1,70,,13053,13,,,1,30,,10132,13,,,1,70,,13035,13,,,1,30,,13054,13,,,1,70,,13044,13,,,1,30,,13047,13,,,1,70,,13041,13,,,1,30,,13043,13,,,1,70,,13048,13,,,1,30,,13040,13,,,1,70,,13037,13,,,1,30,,13052,13,,,1,70,,13042,13,,,1,30,,13058,13,,,1,70,,13045,13,,,1,30,,13051,13,,,1,70,,13059,13,,,1,30,,13057,13,,,1,70,,13049,13,,,1,30,,13055,13,,,1,70,,13036,13,,,1,30,,13038,13,,,1
11201,'10',729,,13127,29,,,1,100,,13130,29,,,1,100,,13129,29,,,1,100,,13143,29,,,1,100,,13145,29,,,1,100,,13139,29,,,1,100,,13141,29,,,1,100,,13136,29,,,1,100,,9009,29,,,1,100,,13132,29,,,1,100,,1542,29,,,1
11201,'13',729,,13150,29,,,1,100,,13148,29,,,1,100,,13147,29,,,1,100,,13149,29,,,1,100,,13164,29,,,1,100,,13160,29,,,1,100,,13162,29,,,1,100,,13157,29,,,1,100,,8935,29,,,1,100,,13152,29,,,1,100,,1506,29,,,1
20300,'10',1913,,13599,26,,,1,30,,9722,26,,,1,70,,13604,26,,,1,30,,13600,26,,,1,70,,13597,26,,,1,30,,13603,26,,,1,70,,13601,26,,,1,30,,13602,26,,,1,70,,13598,26,,,1
20300,'13',1913,,13607,26,,,1,30,,9631,26,,,1,70,,13611,26,,,1,30,,13608,26,,,1,70,,13605,26,,,1,30,,13612,26,,,1,70,,13609,26,,,1,30,,13610,26,,,1,70,,13606,26,,,1
20300,'7',743,,13629,26,,,1,70,,13625,26,,,1,30,,13619,26,,,1,70,,13617,26,,,1,30,,13631,26,,,1,70,,13623,26,,,1,30,,13639,26,,,1,70,,13624,26,,,1,30,,13613,26,,,1,70,,13632,26,,,1,30,,13630,26,,,1,70,,13636,26,,,1,30,,13628,26,,,1,70,,13618,26,,,1,30,,13635,26,,,1,70,,13621,26,,,1,30,,13627,26,,,1,70,,13633,26,,,1,30,,13622,26,,,1,70,,13620,26,,,1,30,,13637,26,,,1,70,,13638,26,,,1,30,,13614,26,,,1,70,,13626,26,,,1,30,,13634,26,,,1,70,,13615,26,,,1,30,,13616,26,,,1
21100,'10',1908,,14233,13,,,1,30,,14238,13,,,1,70,,14236,13,,,1,30,,14239,13,,,1,70,,14237,13,,,1,30,,14234,13,,,1,70,,14232,13,,,1,30,,8640,13,,,1,70,,14235,13,,,1
21100,'13',1908,,14245,13,,,1,30,,14246,13,,,1,70,,14243,13,,,1,30,,14247,13,,,1,70,,14244,13,,,1,30,,14241,13,,,1,70,,14240,13,,,1,30,,8603,13,,,1,70,,14242,13,,,1
21100,'7',738,,14264,13,,,1,70,,14268,13,,,1,30,,14253,13,,,1,70,,14249,13,,,1,30,,11442,13,,,1,70,,14254,13,,,1,30,,14248,13,,,1,70,,14259,13,,,1,30,,14267,13,,,1,70,,14251,13,,,1,30,,14258,13,,,1,70,,14269,13,,,1,30,,14257,13,,,1,70,,14250,13,,,1,30,,14265,13,,,1,70,,14262,13,,,1,30,,14272,13,,,1,70,,14252,13,,,1,30,,14261,13,,,1,70,,14256,13,,,1,30,,14263,13,,,1,70,,14273,13,,,1,30,,14255,13,,,1,70,,14266,13,,,1,30,,14270,13,,,1,70,,14260,13,,,1,30,,14271,13,,,1
