10701,'14',615,,6707,,,1,100,,6697,,,1,30,,6673,,,1,70,,3282,,,1,30,,6682,,,1,70,,6672,,,1,100,,6678,,,1,100,,6670,,,1,100,,6713,,,1,100,,6716,,,1,100,,6685,,,1,30,,6686,,,1,70,,6684,,,1,30,,6679,,,1,70,,6717,,,1,30,,6703,,,1,70,,6708,,,1,30,,6690,,,1,70,,6688,,,1,100,,6676,,,1
10701,'18',615,,6766,,,1,100,,6755,,,1,30,,6730,,,1,70,,6759,,,1,30,,6739,,,1,70,,6729,,,1,100,,6735,,,1,100,,6727,,,1,100,,6773,,,1,100,,6776,,,1,100,,6742,,,1,30,,6743,,,1,70,,6741,,,1,30,,6736,,,1,70,,6777,,,1,30,,6763,,,1,70,,6768,,,1,30,,6747,,,1,70,,6745,,,1,100,,6733,,,1
10701,'20',615,,6824,,,1,100,,6814,,,1,30,,6790,,,1,70,,3251,,,1,30,,6799,,,1,70,,6789,,,1,100,,6795,,,1,100,,6787,,,1,100,,6830,,,1,100,,6833,,,1,100,,6802,,,1,30,,6803,,,1,70,,6801,,,1,30,,6796,,,1,70,,6834,,,1,30,,6820,,,1,70,,6825,,,1,30,,6807,,,1,70,,6805,,,1,100,,6793,,,1
10701,'8',615,,6883,,,1,100,,6872,,,1,30,,6847,,,1,70,,6876,,,1,30,,6856,,,1,70,,6846,,,1,100,,6852,,,1,100,,6844,,,1,100,,6890,,,1,100,,6893,,,1,100,,6859,,,1,30,,6860,,,1,70,,6858,,,1,30,,6853,,,1,70,,6894,,,1,30,,6880,,,1,70,,6885,,,1,30,,6864,,,1,70,,6862,,,1,100,,6850,,,1
10800,'14',715,,6927,,,1,30,,6918,,,1,70,,6905,,,1,30,,6915,,,1,70,,6929,,,1,30,,6919,,,1,100,,6917,,,1,100,,6916,,,1,100,,6922,,,1,100,,6933,,,1,100,,6914,,,1,70,,6903,,,1,30,,6910,,,1,70,,6904,,,1,30,,6921,,,1,70,,6908,,,1,30,,6909,,,1
10800,'18',715,,6961,,,1,30,,6952,,,1,70,,6938,,,1,30,,6949,,,1,70,,6963,,,1,30,,6953,,,1,100,,6951,,,1,100,,6950,,,1,100,,6956,,,1,100,,6967,,,1,100,,6948,,,1,70,,6936,,,1,30,,6943,,,1,70,,6937,,,1,30,,6955,,,1,70,,6941,,,1,30,,6942,,,1
10800,'20',715,,6983,,,1,30,,6988,,,1,70,,6984,,,1,30,,6986,,,1,70,,6972,,,1,30,,6990,,,1,100,,6987,,,1,100,,5155,,,1,100,,6992,,,1,100,,7000,,,1,100,,6985,,,1,70,,6971,,,1,30,,6978,,,1,70,,6973,,,1,30,,6991,,,1,70,,6976,,,1,30,,6977,,,1
10800,'8',715,,7016,,,1,30,,7022,,,1,70,,7017,,,1,30,,7019,,,1,70,,7004,,,1,30,,7024,,,1,100,,7021,,,1,100,,7020,,,1,100,,7026,,,1,100,,7034,,,1,100,,7018,,,1,70,,7003,,,1,30,,7010,,,1,70,,7005,,,1,30,,7025,,,1,70,,7008,,,1,30,,7009,,,1
11401,'14',647,,8192,,,1,100,,8194,,,1,100,,8191,,,1,100,,8188,,,1,100,,8193,,,1,100,,4464,,,1,100,,8189,,,1,100,,8187,,,1,100,,8186,,,1,100,,8190,,,1,100,,8195,,,1,100,,8185,,,1
11401,'18',647,,8204,,,1,100,,8206,,,1,100,,8203,,,1,100,,8200,,,1,100,,8205,,,1,100,,8196,,,1,100,,8201,,,1,100,,8199,,,1,100,,8198,,,1,100,,8202,,,1,100,,8207,,,1,100,,8197,,,1
11401,'20',647,,8215,,,1,100,,8217,,,1,100,,8214,,,1,100,,8211,,,1,100,,8216,,,1,100,,4426,,,1,100,,8212,,,1,100,,8210,,,1,100,,8209,,,1,100,,8213,,,1,100,,8218,,,1,100,,8208,,,1
11401,'8',647,,8227,,,1,100,,8229,,,1,100,,8226,,,1,100,,8223,,,1,100,,8228,,,1,100,,8219,,,1,100,,8224,,,1,100,,8222,,,1,100,,8221,,,1,100,,8225,,,1,100,,8230,,,1,100,,8220,,,1
21401,'11',748,,10395,,,1,100,,10403,,,1,100,,10399,,,1,100,,10394,,,1,100,,10396,,,1,100,,10402,,,1,100,,10401,,,1,100,,10392,,,1,100,,10398,,,1,100,,10391,,,1,100,,10400,,,1,100,,10397,,,1,100,,10393,,,1
21401,'14',1848,,10408,,,1,100,,10406,,,1,100,,10404,,,1,100,,10407,,,1,100,,10405,,,1
21401,'18',1848,,10413,,,1,100,,10411,,,1,100,,10409,,,1,100,,10412,,,1,100,,10410,,,1
21401,'20',1848,,10416,,,1,100,,2939,,,1,100,,10414,,,1,100,,10415,,,1,100,,10417,,,1
21401,'4',748,,10422,,,1,100,,10430,,,1,100,,10426,,,1,100,,10421,,,1,100,,10423,,,1,100,,10429,,,1,100,,10428,,,1,100,,10419,,,1,100,,10425,,,1,100,,10418,,,1,100,,10427,,,1,100,,10424,,,1,100,,10420,,,1
21401,'8',1848,,10434,,,1,100,,10432,,,1,100,,10431,,,1,100,,10433,,,1,100,,10435,,,1
