10501,'14',625,,6322,0,14 15 16,1,100,,6320,0,14 15 16,1,30,,6324,0,14 15 16,1,70,,6350,0,14 15 16,1,30,,4367,0,14 15 16,1,70,,3871,0,14 15 16,1,30,,6326,0,14 15 16,1,70,,6323,0,14 15 16,1,100,,6340,0,14 15 16,1,100,,6338,0,14 15 16,1,100,,6333,0,14 15 16,1,100,,6328,0,14 15 16,1,100,,6330,0,14 15 16,1,30,,6332,0,14 15 16,1,70,,6331,0,14 15 16,1,30,,6327,0,14 15 16,1,70,,6325,0,14 15 16,1,30,,6347,0,14 15 16,1,70,,6318,0,14 15 16,1
10501,'18',625,,6358,0,14 15 16,1,100,,6356,0,14 15 16,1,30,,6360,0,14 15 16,1,70,,6388,0,14 15 16,1,30,,6374,0,14 15 16,1,70,,6361,0,14 15 16,1,30,,6363,0,14 15 16,1,70,,6359,0,14 15 16,1,100,,6378,0,14 15 16,1,100,,6376,0,14 15 16,1,100,,6370,0,14 15 16,1,100,,6365,0,14 15 16,1,100,,6367,0,14 15 16,1,30,,6369,0,14 15 16,1,70,,6368,0,14 15 16,1,30,,6364,0,14 15 16,1,70,,6362,0,14 15 16,1,30,,6385,0,14 15 16,1,70,,6354,0,14 15 16,1
10501,'20',625,,6396,0,14 15 16,1,100,,6394,0,14 15 16,1,30,,6398,0,14 15 16,1,70,,6424,0,14 15 16,1,30,,4326,0,14 15 16,1,70,,3846,0,14 15 16,1,30,,6400,0,14 15 16,1,70,,6397,0,14 15 16,1,100,,6414,0,14 15 16,1,100,,6412,0,14 15 16,1,100,,6407,0,14 15 16,1,100,,6402,0,14 15 16,1,100,,6404,0,14 15 16,1,30,,6406,0,14 15 16,1,70,,6405,0,14 15 16,1,30,,6401,0,14 15 16,1,70,,6399,0,14 15 16,1,30,,6421,0,14 15 16,1,70,,6392,0,14 15 16,1
10501,'8',625,,6432,0,14 15 16,1,100,,6430,0,14 15 16,1,30,,6434,0,14 15 16,1,70,,6462,0,14 15 16,1,30,,6448,0,14 15 16,1,70,,6435,0,14 15 16,1,30,,6437,0,14 15 16,1,70,,6433,0,14 15 16,1,100,,6452,0,14 15 16,1,100,,6450,0,14 15 16,1,100,,6444,0,14 15 16,1,100,,6439,0,14 15 16,1,100,,6441,0,14 15 16,1,30,,6443,0,14 15 16,1,70,,6442,0,14 15 16,1,30,,6438,0,14 15 16,1,70,,6436,0,14 15 16,1,30,,6459,0,14 15 16,1,70,,6428,0,14 15 16,1
20501,'11',723,,9260,,,1,100,,9256,,,1,100,,9254,,,1,100,,9252,,,1,100,,9277,,,1,100,,9262,,,1,100,,9267,,,1,100,,9269,,,1,100,,9259,,,1,100,,5226,,,1,100,,9268,,,1,100,,9272,,,1,100,,9266,,,1,100,,9264,,,1
20501,'14',1923,,9284,,,1,100,,9280,,,1,100,,9281,,,1,100,,9282,,,1
20501,'18',1923,,9292,,,1,100,,9288,,,1,100,,9289,,,1,100,,9290,,,1
20501,'20',1923,,9300,,,1,100,,9296,,,1,100,,9297,,,1,100,,9298,,,1
20501,'4',723,,9311,,,1,100,,9307,,,1,100,,9305,,,1,100,,9302,,,1,100,,9329,,,1,100,,9313,,,1,100,,9318,,,1,100,,9321,,,1,100,,9310,,,1,100,,9304,,,1,100,,9320,,,1,100,,9324,,,1,100,,9317,,,1,100,,9315,,,1
20501,'8',1923,,9336,,,1,100,,9332,,,1,100,,9333,,,1,100,,9334,,,1
