10100,'14',716,,1428,,,1,30,,5391,,,1,70,,4302,,,1,30,,5395,,,1,70,,5392,,,1,30,,5403,,,1,70,,5401,,,1,100,,5396,,,1,100,,5404,,,1,100,,5400,,,1,101,,5399,,,1,100,,5390,,,1,30,,5398,,,1,70,,5402,,,1,30,,5405,,,1,70,,5393,,,1,30,,5394,,,1,70,,5397,,,1
10100,'18',716,,5413,,,1,30,,5407,,,1,70,,5418,,,1,30,,5411,,,1,70,,5408,,,1,30,,5421,,,1,70,,5419,,,1,100,,5412,,,1,100,,5422,,,1,100,,5417,,,1,101,,5416,,,1,100,,5406,,,1,30,,5415,,,1,70,,5420,,,1,30,,5423,,,1,70,,5409,,,1,30,,5410,,,1,70,,5414,,,1
10100,'20',716,,1385,,,1,30,,5425,,,1,70,,4262,,,1,30,,5429,,,1,70,,5426,,,1,30,,5437,,,1,70,,5435,,,1,100,,5430,,,1,100,,5438,,,1,100,,5434,,,1,101,,5433,,,1,100,,5424,,,1,30,,5432,,,1,70,,5436,,,1,30,,5439,,,1,70,,5427,,,1,30,,5428,,,1,70,,5431,,,1
10100,'8',716,,5447,,,1,30,,5441,,,1,70,,5452,,,1,30,,5445,,,1,70,,5442,,,1,30,,5455,,,1,70,,5453,,,1,100,,5446,,,1,100,,5456,,,1,100,,5451,,,1,101,,5450,,,1,100,,5440,,,1,30,,5449,,,1,70,,5454,,,1,30,,5457,,,1,70,,5443,,,1,30,,5444,,,1,70,,5448,,,1
10101,'14',635,,3000,,,1,70,,5462,,,1,30,,5473,,,1,70,,5468,,,1,30,,5386,,,1,70,,5467,,,1,30,,5471,,,1,100,,5466,,,1,100,,5460,,,1,100,,5463,,,1,100,,5464,,,1,101,,5461,,,1,70,,5470,,,1,30,,5459,,,1,70,,5465,,,1,30,,5469,,,1,70,,5472,,,1,30,,5458,,,1
10101,'18',635,,5479,,,1,70,,5478,,,1,30,,5491,,,1,70,,5485,,,1,30,,5486,,,1,70,,5484,,,1,30,,5489,,,1,100,,5483,,,1,100,,5476,,,1,100,,5480,,,1,100,,5481,,,1,101,,5477,,,1,70,,5488,,,1,30,,5475,,,1,70,,5482,,,1,30,,5487,,,1,70,,5490,,,1,30,,5474,,,1
10101,'20',635,,2951,,,1,70,,5496,,,1,30,,5507,,,1,70,,5502,,,1,30,,5314,,,1,70,,5501,,,1,30,,5505,,,1,100,,5500,,,1,100,,5494,,,1,100,,5497,,,1,100,,5498,,,1,101,,5495,,,1,70,,5504,,,1,30,,5493,,,1,70,,5499,,,1,30,,5503,,,1,70,,5506,,,1,30,,5492,,,1
10101,'8',635,,5513,,,1,70,,5512,,,1,30,,5525,,,1,70,,5519,,,1,30,,5520,,,1,70,,5518,,,1,30,,5523,,,1,100,,5517,,,1,100,,5510,,,1,100,,5514,,,1,100,,5515,,,1,101,,5511,,,1,70,,5522,,,1,30,,5509,,,1,70,,5516,,,1,30,,5521,,,1,70,,5524,,,1,30,,5508,,,1
11300,'14',628,,7857,,,1,100,,7845,,,1,100,,7867,,,1,100,,7842,,,1,100,,7843,,,1,100,,7839,,,1,100,,7847,,,1,100,,7861,,,1,100,,3211,,,1,100,,7866,,,1,100,,7840,,,1,100,,7854,,,1,100,,7870,,,1
11300,'18',628,,7895,,,1,100,,7880,,,1,100,,7906,,,1,100,,7877,,,1,100,,7878,,,1,100,,7873,,,1,100,,7882,,,1,100,,7900,,,1,100,,7890,,,1,100,,7905,,,1,100,,7874,,,1,100,,7891,,,1,100,,7909,,,1
11300,'20',628,,7924,,,1,100,,7917,,,1,100,,7938,,,1,100,,7914,,,1,100,,7915,,,1,100,,7912,,,1,100,,504,,,1,100,,7932,,,1,100,,7930,,,1,100,,7923,,,1,100,,7928,,,1,100,,7927,,,1,100,,4998,,,1
11300,'8',628,,7959,,,1,100,,7948,,,1,100,,7977,,,1,100,,7945,,,1,100,,7946,,,1,100,,7943,,,1,100,,7954,,,1,100,,7970,,,1,100,,7967,,,1,100,,7957,,,1,100,,7965,,,1,100,,7963,,,1,100,,7952,,,1
21300,'11',728,,4458,,,1,100,,10187,,,1,100,,10197,,,1,100,,10195,,,1,100,,10191,,,1,100,,10189,,,1,100,,10190,,,1,100,,10192,,,1,100,,10186,,,1,100,,10196,,,1,100,,10194,,,1,100,,10188,,,1,100,,10193,,,1
21300,'14',1928,,10199,,,1,100,,10200,,,1,100,,10198,,,1,100,,5281,,,1
21300,'18',1928,,10203,,,1,100,,10204,,,1,100,,10202,,,1,100,,10201,,,1
21300,'20',1928,,10206,,,1,100,,10207,,,1,100,,10205,,,1,100,,5203,,,1
21300,'4',728,,10211,,,1,100,,10209,,,1,100,,10220,,,1,100,,10218,,,1,100,,10214,,,1,100,,10212,,,1,100,,10213,,,1,100,,10215,,,1,100,,10208,,,1,100,,10219,,,1,100,,10217,,,1,100,,10210,,,1,100,,10216,,,1
21300,'8',1928,,10223,,,1,100,,10224,,,1,100,,10222,,,1,100,,10221,,,1
