10700,'10',640,,15209,15,0,5 6,1,100,,14444,15,0,5 6,1,70,,15208,15,0,5 6,1,30,,15215,15,0,5 6,1,70,,15207,15,0,5 6,1,30,,12584,15,0,5 6,1,100,,12287,15,0,5 6,1,100,,12931,15,0,5 6,1,100,,15216,15,0,5 6,1,100,,15212,15,0,5 6,1,100,,15213,15,0,5 6,1,70,,15214,15,0,5 6,1,30,,15210,15,0,5 6,1,70,,15206,15,0,5 6,1,30,,15211,15,0,5 6,1,70,,15205,15,0,5 6,1,30,,12292,15,0,5 6,1,70,,15204,15,0,5 6,1,30,,15203,15,0,5 6,1
10700,'15',640,,15223,15,0,5 6,1,100,,14466,15,0,5 6,1,70,,15222,15,0,5 6,1,30,,15229,15,0,5 6,1,70,,15221,15,0,5 6,1,30,,12600,15,0,5 6,1,100,,12331,15,0,5 6,1,100,,10122,15,0,5 6,1,100,,15230,15,0,5 6,1,100,,15226,15,0,5 6,1,100,,15227,15,0,5 6,1,70,,15228,15,0,5 6,1,30,,15224,15,0,5 6,1,70,,15220,15,0,5 6,1,30,,15225,15,0,5 6,1,70,,15219,15,0,5 6,1,30,,12335,15,0,5 6,1,70,,15218,15,0,5 6,1,30,,15217,15,0,5 6,1
10801,'10',644,,15410,21,,,1,70,,15420,21,,,1,30,,15414,21,,,1,70,,15423,21,,,1,30,,15411,21,,,1,70,,15425,21,,,1,100,,15413,21,,,1,100,,15419,21,,,1,100,,15422,21,,,1,100,,15412,21,,,1,100,,13861,21,,,1,30,,15426,21,,,1,70,,13134,21,,,1,30,,15421,21,,,1,70,,15424,21,,,1,30,,15418,21,,,1,70,,15416,21,,,1
10801,'15',644,,15428,21,,,1,70,,15436,21,,,1,30,,15433,21,,,1,70,,15439,21,,,1,30,,15427,21,,,1,70,,15441,21,,,1,100,,15430,21,,,1,100,,15435,21,,,1,100,,15438,21,,,1,100,,15429,21,,,1,100,,13867,21,,,1,30,,15443,21,,,1,70,,13155,21,,,1,30,,15437,21,,,1,70,,15440,21,,,1,30,,15434,21,,,1,70,,15431,21,,,1
11400,'10',636,,15944,12,4,,1,100,,15949,12,4,,1,100,,15945,12,4,,1,100,,15943,12,4,,1,100,,15947,12,4,,1,100,,15946,12,4,,1,100,,13544,12,4,,1,100,,15950,12,4,,1,100,,15951,12,4,,1,100,,15948,12,4,,1,100,,12383,12,4,,1,100,,15952,12,4,,1
11400,'15',636,,15954,12,4,,1,100,,15959,12,4,,1,100,,15955,12,4,,1,100,,15953,12,4,,1,100,,15957,12,4,,1,100,,15956,12,4,,1,100,,13590,12,4,,1,100,,15960,12,4,,1,100,,15961,12,4,,1,100,,15958,12,4,,1,100,,12420,12,4,,1,100,,15962,12,4,,1
11401,'10',636,,15967,1,,,1,100,,15966,1,,,1,100,,12868,1,,,1,100,,15969,1,,,1,100,,15971,1,,,1,100,,15965,1,,,1,100,,15963,1,,,1,100,,15968,1,,,1,100,,15970,1,,,1,100,,15972,1,,,1,100,,15964,1,,,1,100,,13453,1,,,1
11401,'15',636,,15977,1,,,1,100,,15976,1,,,1,100,,12910,1,,,1,100,,15979,1,,,1,100,,15981,1,,,1,100,,15975,1,,,1,100,,15973,1,,,1,100,,15978,1,,,1,100,,15980,1,,,1,100,,15982,1,,,1,100,,15974,1,,,1,100,,13495,1,,,1
21400,'10',1836,,17003,11,4,,1,100,,17001,11,4,,1,100,,17002,11,4,,1,100,,17004,11,4,,1,100,,17000,11,4,,1
21400,'15',1836,,17007,11,4,,1,100,,17009,11,4,,1,100,,17008,11,4,,1,100,,17005,11,4,,1,100,,17006,11,4,,1
21400,'7',736,,17019,11,4,,1,100,,17011,11,4,,1,100,,17015,11,4,,1,100,,17017,11,4,,1,100,,17014,11,4,,1,100,,17018,11,4,,1,100,,17021,11,4,,1,100,,17016,11,4,,1,100,,17013,11,4,,1,100,,17010,11,4,,1,100,,17020,11,4,,1,100,,17012,11,4,,1,100,,17022,11,4,,1
21401,'10',1836,,17023,1,,,1,100,,17024,1,,,1,100,,17026,1,,,1,100,,17025,1,,,1,100,,13318,1,,,1
21401,'15',1836,,17028,1,,,1,100,,17030,1,,,1,100,,17027,1,,,1,100,,17031,1,,,1,100,,17029,1,,,1
21401,'7',736,,17034,1,,,1,100,,17038,1,,,1,100,,17042,1,,,1,100,,17033,1,,,1,100,,17040,1,,,1,100,,17036,1,,,1,100,,17037,1,,,1,100,,17043,1,,,1,100,,17039,1,,,1,100,,17044,1,,,1,100,,17032,1,,,1,100,,17041,1,,,1,100,,17035,1,,,1
