10500,'14',548,,3666,3,,,1,100,,3654,3,,,1,70,,3673,3,,,1,30,,3656,3,,,1,70,,3652,3,,,1,30,,3674,3,,,1,70,,3669,3,,,1,30,,3676,3,,,1,100,,3658,3,,,1,100,,67,3,,,1,100,,3655,3,,,1,100,,3681,3,,,1,100,,3670,3,,,1,70,,3663,3,,,1,30,,3677,3,,,1,70,,3672,3,,,1,30,,3675,3,,,1,70,,3659,3,,,1,30,,3651,3,,,1
10500,'18',548,,3702,3,,,1,100,,3689,3,,,1,70,,3711,3,,,1,30,,3691,3,,,1,70,,3687,3,,,1,30,,3712,3,,,1,70,,3706,3,,,1,30,,3714,3,,,1,100,,3693,3,,,1,100,,3701,3,,,1,100,,3690,3,,,1,100,,3719,3,,,1,100,,3708,3,,,1,70,,3698,3,,,1,30,,3715,3,,,1,70,,3710,3,,,1,30,,3713,3,,,1,70,,3694,3,,,1,30,,3686,3,,,1
10500,'20',548,,3738,3,,,1,100,,3726,3,,,1,70,,3746,3,,,1,30,,3728,3,,,1,70,,3725,3,,,1,30,,3747,3,,,1,70,,3741,3,,,1,30,,3749,3,,,1,100,,3730,3,,,1,100,,49,3,,,1,100,,3727,3,,,1,100,,3754,3,,,1,100,,3743,3,,,1,70,,3735,3,,,1,30,,3750,3,,,1,70,,3745,3,,,1,30,,3748,3,,,1,70,,3731,3,,,1,30,,3724,3,,,1
10500,'8',548,,3775,3,,,1,100,,3762,3,,,1,70,,3784,3,,,1,30,,3764,3,,,1,70,,3760,3,,,1,30,,3785,3,,,1,70,,3779,3,,,1,30,,3787,3,,,1,100,,3766,3,,,1,100,,3774,3,,,1,100,,3763,3,,,1,100,,3792,3,,,1,100,,3781,3,,,1,70,,3771,3,,,1,30,,3788,3,,,1,70,,3783,3,,,1,30,,3786,3,,,1,70,,3767,3,,,1,30,,3759,3,,,1
11301,'14',600,,221,3,,,1,100,,5475,3,,,1,100,,5487,3,,,1,100,,5476,3,,,1,100,,5478,3,,,1,100,,5491,3,,,1,100,,5460,3,,,1,100,,2860,3,,,1,100,,5489,3,,,1,100,,1554,3,,,1,100,,5467,3,,,1,100,,5458,3,,,1,100,,5492,3,,,1,100,,5485,3,,,1
11301,'18',600,,5524,3,,,1,100,,5514,3,,,1,100,,5528,3,,,1,100,,5515,3,,,1,100,,5517,3,,,1,100,,5532,3,,,1,100,,5497,3,,,1,100,,5521,3,,,1,100,,5530,3,,,1,100,,5510,3,,,1,100,,5505,3,,,1,100,,5495,3,,,1,100,,5533,3,,,1,100,,5526,3,,,1
11301,'20',600,,202,3,,,1,100,,5546,3,,,1,100,,5560,3,,,1,100,,5547,3,,,1,100,,5549,3,,,1,100,,5569,3,,,1,100,,5538,3,,,1,100,,5562,3,,,1,100,,5565,3,,,1,100,,501,3,,,1,100,,5553,3,,,1,100,,5570,3,,,1,100,,5550,3,,,1,100,,5555,3,,,1
11301,'8',600,,5593,3,,,1,100,,5586,3,,,1,100,,5601,3,,,1,100,,5587,3,,,1,100,,5589,3,,,1,100,,5610,3,,,1,100,,5576,3,,,1,100,,5603,3,,,1,100,,5606,3,,,1,100,,5584,3,,,1,100,,5594,3,,,1,100,,5611,3,,,1,100,,5590,3,,,1,100,,5596,3,,,1
20500,'11',648,,6661,3,,,1,100,,6657,3,,,1,100,,6653,3,,,1,100,,6666,3,,,1,100,,6670,3,,,1,100,,2797,3,,,1,100,,6664,3,,,1,100,,6649,3,,,1,100,,6659,3,,,1,100,,6652,3,,,1,100,,6656,3,,,1,100,,6655,3,,,1,100,,6651,3,,,1,100,,6660,3,,,1
20500,'14',1848,,6675,3,,,1,100,,6674,3,,,1,100,,6676,3,,,1,100,,6673,3,,,1
20500,'18',1848,,6683,3,,,1,100,,6681,3,,,1,100,,6684,3,,,1,100,,6680,3,,,1
20500,'20',1848,,6690,3,,,1,100,,6689,3,,,1,100,,6691,3,,,1,100,,6688,3,,,1
20500,'4',648,,6710,3,,,1,100,,6706,3,,,1,100,,6702,3,,,1,100,,6716,3,,,1,100,,6720,3,,,1,100,,6697,3,,,1,100,,6714,3,,,1,100,,6698,3,,,1,100,,6708,3,,,1,100,,6701,3,,,1,100,,6705,3,,,1,100,,6704,3,,,1,100,,6700,3,,,1,100,,6709,3,,,1
20500,'8',1848,,6726,3,,,1,100,,6724,3,,,1,100,,6727,3,,,1,100,,6723,3,,,1
21301,'11',659,,7714,3,,,1,100,,7708,3,,,1,100,,1834,3,,,1,100,,7717,3,,,1,100,,7713,3,,,1,100,,7728,3,,,1,100,,7733,3,,,1,100,,7707,3,,,1,100,,7704,3,,,1,100,,7739,3,,,1,100,,7718,3,,,1,100,,7740,3,,,1,100,,7736,3,,,1,100,,7737,3,,,1
21301,'14',1959,,7745,3,,,1,100,,7741,3,,,1,100,,7742,3,,,1,100,,7744,3,,,1
21301,'18',1959,,7755,3,,,1,100,,7751,3,,,1,100,,7752,3,,,1,100,,7754,3,,,1
21301,'20',1959,,7766,3,,,1,100,,7762,3,,,1,100,,7763,3,,,1,100,,7765,3,,,1
21301,'4',659,,7784,3,,,1,100,,7778,3,,,1,100,,7793,3,,,1,100,,7787,3,,,1,100,,7783,3,,,1,100,,7799,3,,,1,100,,7804,3,,,1,100,,7777,3,,,1,100,,7774,3,,,1,100,,7810,3,,,1,100,,7788,3,,,1,100,,7811,3,,,1,100,,7807,3,,,1,100,,7808,3,,,1
21301,'8',1959,,7816,3,,,1,100,,7812,3,,,1,100,,7813,3,,,1,100,,7815,3,,,1
