10701,'14',558,,4195,9,0,5 6,1,100,,4151,9,0,5 6,1,70,,4179,9,0,5 6,1,30,,4160,9,0,5 6,1,70,,4198,9,0,5 6,1,30,,4201,9,0,5 6,1,100,,4176,9,0,5 6,1,100,,4170,9,0,5 6,1,100,,4171,9,0,5 6,1,100,,4199,9,0,5 6,1,100,,4158,9,0,5 6,1,70,,4200,9,0,5 6,1,30,,4175,9,0,5 6,1,70,,1246,9,0,5 6,1,30,,4157,9,0,5 6,1,70,,4182,9,0,5 6,1,30,,4172,9,0,5 6,1,70,,4146,9,0,5 6,1,30,,4192,9,0,5 6,1,100,,4186,9,0,5 6,1
10701,'18',558,,4255,9,0,5 6,1,100,,4208,9,0,5 6,1,70,,4238,9,0,5 6,1,30,,4217,9,0,5 6,1,70,,4258,9,0,5 6,1,30,,4261,9,0,5 6,1,100,,4234,9,0,5 6,1,100,,4227,9,0,5 6,1,100,,4228,9,0,5 6,1,100,,4259,9,0,5 6,1,100,,4215,9,0,5 6,1,70,,4260,9,0,5 6,1,30,,4233,9,0,5 6,1,70,,4239,9,0,5 6,1,30,,4214,9,0,5 6,1,70,,4242,9,0,5 6,1,30,,4230,9,0,5 6,1,70,,4203,9,0,5 6,1,30,,4252,9,0,5 6,1,100,,4246,9,0,5 6,1
10701,'20',558,,4312,9,0,5 6,1,100,,4268,9,0,5 6,1,70,,4296,9,0,5 6,1,30,,4277,9,0,5 6,1,70,,4315,9,0,5 6,1,30,,4318,9,0,5 6,1,100,,4293,9,0,5 6,1,100,,4287,9,0,5 6,1,100,,4288,9,0,5 6,1,100,,4316,9,0,5 6,1,100,,4275,9,0,5 6,1,70,,4317,9,0,5 6,1,30,,4292,9,0,5 6,1,70,,1233,9,0,5 6,1,30,,4274,9,0,5 6,1,70,,4300,9,0,5 6,1,30,,4289,9,0,5 6,1,70,,4263,9,0,5 6,1,30,,4309,9,0,5 6,1,100,,4303,9,0,5 6,1
10701,'8',558,,4372,9,0,5 6,1,100,,4325,9,0,5 6,1,70,,4355,9,0,5 6,1,30,,4334,9,0,5 6,1,70,,4375,9,0,5 6,1,30,,4378,9,0,5 6,1,100,,4351,9,0,5 6,1,100,,4344,9,0,5 6,1,100,,4345,9,0,5 6,1,100,,4376,9,0,5 6,1,100,,4332,9,0,5 6,1,70,,4377,9,0,5 6,1,30,,4350,9,0,5 6,1,70,,4356,9,0,5 6,1,30,,4331,9,0,5 6,1,70,,4359,9,0,5 6,1,30,,4347,9,0,5 6,1,70,,4320,9,0,5 6,1,30,,4369,9,0,5 6,1,100,,4363,9,0,5 6,1
21401,'11',739,,7872,9,,,1,100,,7880,9,,,1,100,,7876,9,,,1,100,,7871,9,,,1,100,,7873,9,,,1,100,,7879,9,,,1,100,,7878,9,,,1,100,,7869,9,,,1,100,,7875,9,,,1,100,,7868,9,,,1,100,,7877,9,,,1,100,,7874,9,,,1,100,,7870,9,,,1
21401,'14',1839,,7885,9,,,1,100,,7883,9,,,1,100,,7881,9,,,1,100,,7884,9,,,1,100,,7882,9,,,1
21401,'18',1839,,7890,9,,,1,100,,7888,9,,,1,100,,7886,9,,,1,100,,7889,9,,,1,100,,7887,9,,,1
21401,'20',1839,,7893,9,,,1,100,,81,9,,,1,100,,7891,9,,,1,100,,7892,9,,,1,100,,7894,9,,,1
21401,'4',739,,7899,9,,,1,100,,7907,9,,,1,100,,7903,9,,,1,100,,7898,9,,,1,100,,7900,9,,,1,100,,7906,9,,,1,100,,7905,9,,,1,100,,7896,9,,,1,100,,7902,9,,,1,100,,7895,9,,,1,100,,7904,9,,,1,100,,7901,9,,,1,100,,7897,9,,,1
21401,'8',1839,,7911,9,,,1,100,,7909,9,,,1,100,,7908,9,,,1,100,,7910,9,,,1,100,,7912,9,,,1
