10300,'14',640,,3233,16,,,1,3,,3233,23,,,1,97,,3230,16,,,1,3,,3230,23,,,1,67,,3227,16,,,1,3,,3227,23,,,1,27,,3235,16,,,1,3,,3235,23,,,1,67,,3229,16,,,1,3,,3229,23,,,1,27,,3232,16,,,1,3,,3232,23,,,1,67,,3222,16,,,1,3,,3222,23,,,1,27,,772,16,,,1,3,,772,23,,,1,97,,1550,16,,,1,3,,1550,23,,,1,97,,3220,16,,,1,3,,3220,23,,,1,97,,3221,16,,,1,3,,3221,23,,,1,97,,3228,16,,,1,3,,3228,23,,,1,97,,3234,16,,,1,3,,3234,23,,,1,67,,3224,16,,,1,3,,3224,23,,,1,27,,3223,16,,,1,3,,3223,23,,,1,67,,3231,16,,,1,3,,3231,23,,,1,27,,3225,16,,,1,3,,3225,23,,,1,67,,3226,16,,,1,3,,3226,23,,,1,27,,1471,16,,,1,3,,1471,23,,,1
10300,'18',640,,3252,16,,,1,3,,3252,23,,,1,97,,3249,16,,,1,3,,3249,23,,,1,67,,3245,16,,,1,3,,3245,23,,,1,27,,3254,16,,,1,3,,3254,23,,,1,67,,3248,16,,,1,3,,3248,23,,,1,27,,3251,16,,,1,3,,3251,23,,,1,67,,3238,16,,,1,3,,3238,23,,,1,27,,3246,16,,,1,3,,3246,23,,,1,97,,3242,16,,,1,3,,3242,23,,,1,97,,3236,16,,,1,3,,3236,23,,,1,97,,3237,16,,,1,3,,3237,23,,,1,97,,3247,16,,,1,3,,3247,23,,,1,97,,3253,16,,,1,3,,3253,23,,,1,67,,3240,16,,,1,3,,3240,23,,,1,27,,3239,16,,,1,3,,3239,23,,,1,67,,3250,16,,,1,3,,3250,23,,,1,27,,3241,16,,,1,3,,3241,23,,,1,67,,3243,16,,,1,3,,3243,23,,,1,27,,3244,16,,,1,3,,3244,23,,,1
10300,'20',640,,3268,16,,,1,3,,3268,23,,,1,97,,3265,16,,,1,3,,3265,23,,,1,67,,3258,16,,,1,3,,3258,23,,,1,27,,3270,16,,,1,3,,3270,23,,,1,67,,3262,16,,,1,3,,3262,23,,,1,27,,3267,16,,,1,3,,3267,23,,,1,67,,3263,16,,,1,3,,3263,23,,,1,27,,712,16,,,1,3,,712,23,,,1,97,,1514,16,,,1,3,,1514,23,,,1,97,,3255,16,,,1,3,,3255,23,,,1,97,,3256,16,,,1,3,,3256,23,,,1,97,,3264,16,,,1,3,,3264,23,,,1,97,,3269,16,,,1,3,,3269,23,,,1,67,,3259,16,,,1,3,,3259,23,,,1,27,,3257,16,,,1,3,,3257,23,,,1,67,,3266,16,,,1,3,,3266,23,,,1,27,,3260,16,,,1,3,,3260,23,,,1,67,,3261,16,,,1,3,,3261,23,,,1,27,,1459,16,,,1,3,,1459,23,,,1
10300,'8',640,,3287,16,,,1,3,,3287,23,,,1,97,,3284,16,,,1,3,,3284,23,,,1,67,,3274,16,,,1,3,,3274,23,,,1,27,,3289,16,,,1,3,,3289,23,,,1,67,,3280,16,,,1,3,,3280,23,,,1,27,,3286,16,,,1,3,,3286,23,,,1,67,,3282,16,,,1,3,,3282,23,,,1,27,,3281,16,,,1,3,,3281,23,,,1,97,,3277,16,,,1,3,,3277,23,,,1,97,,3271,16,,,1,3,,3271,23,,,1,97,,3272,16,,,1,3,,3272,23,,,1,97,,3283,16,,,1,3,,3283,23,,,1,97,,3288,16,,,1,3,,3288,23,,,1,67,,3275,16,,,1,3,,3275,23,,,1,27,,3273,16,,,1,3,,3273,23,,,1,67,,3285,16,,,1,3,,3285,23,,,1,27,,3276,16,,,1,3,,3276,23,,,1,67,,3278,16,,,1,3,,3278,23,,,1,27,,3279,16,,,1,3,,3279,23,,,1
20300,'11',742,,6213,24,,,1,70,,6203,24,,,1,30,,2599,24,,,1,70,,6204,24,,,1,30,,6214,24,,,1,70,,6208,24,,,1,30,,6218,24,,,1,70,,1827,24,,,1,30,,6216,24,,,1,70,,6211,24,,,1,30,,6205,24,,,1,70,,6200,24,,,1,30,,6209,24,,,1,70,,6199,24,,,1,30,,6215,24,,,1,70,,6212,24,,,1,30,,6198,24,,,1,70,,6197,24,,,1,30,,6195,24,,,1,70,,6210,24,,,1,30,,6202,24,,,1,70,,6201,24,,,1,30,,6206,24,,,1,70,,6207,24,,,1,30,,6217,24,,,1,70,,6196,24,,,1,30,,6194,24,,,1
20300,'14',1912,,6223,24,,,1,30,,6225,24,,,1,70,,6219,24,,,1,30,,6220,24,,,1,70,,2607,24,,,1,30,,6226,24,,,1,70,,6222,24,,,1,30,,6224,24,,,1,70,,6221,24,,,1
20300,'18',1912,,6231,24,,,1,30,,6234,24,,,1,70,,6227,24,,,1,30,,6228,24,,,1,70,,6232,24,,,1,30,,6235,24,,,1,70,,6230,24,,,1,30,,6233,24,,,1,70,,6229,24,,,1
20300,'20',1912,,6240,24,,,1,30,,6242,24,,,1,70,,6236,24,,,1,30,,6237,24,,,1,70,,2556,24,,,1,30,,6243,24,,,1,70,,6239,24,,,1,30,,6241,24,,,1,70,,6238,24,,,1
20300,'4',742,,6264,24,,,1,70,,6254,24,,,1,30,,6267,24,,,1,70,,6255,24,,,1,30,,6265,24,,,1,70,,6259,24,,,1,30,,6270,24,,,1,70,,6249,24,,,1,30,,6268,24,,,1,70,,6262,24,,,1,30,,6256,24,,,1,70,,6251,24,,,1,30,,6260,24,,,1,70,,6250,24,,,1,30,,6266,24,,,1,70,,6263,24,,,1,30,,6248,24,,,1,70,,6247,24,,,1,30,,6245,24,,,1,70,,6261,24,,,1,30,,6253,24,,,1,70,,6252,24,,,1,30,,6257,24,,,1,70,,6258,24,,,1,30,,6269,24,,,1,70,,6246,24,,,1,30,,6244,24,,,1
20300,'8',1912,,6275,24,,,1,30,,6278,24,,,1,70,,6271,24,,,1,30,,6272,24,,,1,70,,6276,24,,,1,30,,6279,24,,,1,70,,6274,24,,,1,30,,6277,24,,,1,70,,6273,24,,,1
