11001,'14',622,,7451,,,1,30,,7433,,,1,70,,7432,,,1,30,,3352,,,1,70,,7440,,,1,30,,7435,,,1,70,,7439,,,1,30,,7447,,,1,70,,7444,,,1,30,,7446,,,1,70,,7436,,,1,30,,7437,,,1,70,,7445,,,1,30,,7438,,,1,70,,7434,,,1,30,,7442,,,1,70,,7450,,,1,30,,7449,,,1,70,,7431,,,1,30,,7429,,,1,70,,7441,,,1,30,,7443,,,1,70,,7430,,,1,30,,531,,,1,70,,7448,,,1
11001,'18',622,,7476,,,1,30,,7457,,,1,70,,7456,,,1,30,,7464,,,1,70,,7465,,,1,30,,7459,,,1,70,,7463,,,1,30,,7472,,,1,70,,7469,,,1,30,,7471,,,1,70,,7460,,,1,30,,7461,,,1,70,,7470,,,1,30,,7462,,,1,70,,7458,,,1,30,,7467,,,1,70,,7475,,,1,30,,7474,,,1,70,,7455,,,1,30,,7453,,,1,70,,7466,,,1,30,,7468,,,1,70,,7454,,,1,30,,7452,,,1,70,,7473,,,1
11001,'20',622,,7499,,,1,30,,7482,,,1,70,,7481,,,1,30,,3317,,,1,70,,7488,,,1,30,,3847,,,1,70,,7487,,,1,30,,7495,,,1,70,,7492,,,1,30,,7494,,,1,70,,7484,,,1,30,,7485,,,1,70,,7493,,,1,30,,7486,,,1,70,,7483,,,1,30,,7490,,,1,70,,7498,,,1,30,,7497,,,1,70,,7480,,,1,30,,7478,,,1,70,,7489,,,1,30,,7491,,,1,70,,7479,,,1,30,,7477,,,1,70,,7496,,,1
11001,'8',622,,7524,,,1,30,,7505,,,1,70,,7504,,,1,30,,7512,,,1,70,,7513,,,1,30,,7507,,,1,70,,7511,,,1,30,,7520,,,1,70,,7517,,,1,30,,7519,,,1,70,,7508,,,1,30,,7509,,,1,70,,7518,,,1,30,,7510,,,1,70,,7506,,,1,30,,7515,,,1,70,,7523,,,1,30,,7522,,,1,70,,7503,,,1,30,,7501,,,1,70,,7514,,,1,30,,7516,,,1,70,,7502,,,1,30,,7500,,,1,70,,7521,,,1
20300,'11',732,,8736,,,1,70,,8726,,,1,30,,5142,,,1,70,,8727,,,1,30,,8737,,,1,70,,8731,,,1,30,,8741,,,1,70,,4446,,,1,30,,8739,,,1,70,,8734,,,1,30,,8728,,,1,70,,8723,,,1,30,,8732,,,1,70,,8722,,,1,30,,8738,,,1,70,,8735,,,1,30,,8721,,,1,70,,8720,,,1,30,,8718,,,1,70,,8733,,,1,30,,8725,,,1,70,,8724,,,1,30,,8729,,,1,70,,8730,,,1,30,,8740,,,1,70,,8719,,,1,30,,8717,,,1
20300,'14',1902,,8746,,,1,30,,8748,,,1,70,,8742,,,1,30,,8743,,,1,70,,5149,,,1,30,,8749,,,1,70,,8745,,,1,30,,8747,,,1,70,,8744,,,1
20300,'18',1902,,8754,,,1,30,,8757,,,1,70,,8750,,,1,30,,8751,,,1,70,,8755,,,1,30,,8758,,,1,70,,8753,,,1,30,,8756,,,1,70,,8752,,,1
20300,'20',1902,,8763,,,1,30,,8765,,,1,70,,8759,,,1,30,,8760,,,1,70,,5101,,,1,30,,8766,,,1,70,,8762,,,1,30,,8764,,,1,70,,8761,,,1
20300,'4',732,,8787,,,1,70,,8777,,,1,30,,8790,,,1,70,,8778,,,1,30,,8788,,,1,70,,8782,,,1,30,,8793,,,1,70,,8772,,,1,30,,8791,,,1,70,,8785,,,1,30,,8779,,,1,70,,8774,,,1,30,,8783,,,1,70,,8773,,,1,30,,8789,,,1,70,,8786,,,1,30,,8771,,,1,70,,8770,,,1,30,,8768,,,1,70,,8784,,,1,30,,8776,,,1,70,,8775,,,1,30,,8780,,,1,70,,8781,,,1,30,,8792,,,1,70,,8769,,,1,30,,8767,,,1
20300,'8',1902,,8798,,,1,30,,8801,,,1,70,,8794,,,1,30,,8795,,,1,70,,8799,,,1,30,,8802,,,1,70,,8797,,,1,30,,8800,,,1,70,,8796,,,1
