11101,'14',625,,5112,13,,,1,30,,5103,13,,,1,70,,5114,13,,,1,30,,5119,13,,,1,70,,5107,13,,,1,30,,5102,13,,,1,70,,5110,13,,,1,30,,5118,13,,,1,70,,5120,13,,,1,30,,5108,13,,,1,70,,793,13,,,1,30,,5101,13,,,1,70,,5109,13,,,1,30,,5113,13,,,1,70,,5116,13,,,1,30,,5115,13,,,1,71,,5117,13,,,1,30,,5106,13,,,1,70,,5105,13,,,1,30,,5111,13,,,1,70,,5122,13,,,1,30,,453,13,,,1,70,,1216,13,,,1,30,,5121,13,,,1,70,,5104,13,,,1
11101,'18',625,,5136,13,,,1,30,,5126,13,,,1,70,,5138,13,,,1,30,,5144,13,,,1,70,,5130,13,,,1,30,,5124,13,,,1,70,,5133,13,,,1,30,,5143,13,,,1,70,,5145,13,,,1,30,,5131,13,,,1,70,,5140,13,,,1,30,,5123,13,,,1,70,,5132,13,,,1,30,,5137,13,,,1,70,,5141,13,,,1,30,,5139,13,,,1,71,,5142,13,,,1,30,,5129,13,,,1,70,,5128,13,,,1,30,,5135,13,,,1,70,,5147,13,,,1,30,,5125,13,,,1,70,,5134,13,,,1,30,,5146,13,,,1,70,,5127,13,,,1
11101,'20',625,,5158,13,,,1,30,,5149,13,,,1,70,,5160,13,,,1,30,,5167,13,,,1,70,,5150,13,,,1,30,,5148,13,,,1,70,,5155,13,,,1,30,,5165,13,,,1,70,,5168,13,,,1,30,,5157,13,,,1,70,,733,13,,,1,30,,5163,13,,,1,70,,5153,13,,,1,30,,5152,13,,,1,70,,5166,13,,,1,30,,510,13,,,1,71,,5164,13,,,1,30,,2557,13,,,1,70,,5161,13,,,1,30,,5151,13,,,1,70,,5154,13,,,1,30,,5156,13,,,1,70,,1864,13,,,1,30,,5162,13,,,1,70,,5159,13,,,1
11101,'8',625,,5181,13,,,1,30,,5170,13,,,1,70,,5184,13,,,1,30,,5192,13,,,1,70,,5171,13,,,1,30,,5169,13,,,1,70,,5176,13,,,1,30,,5190,13,,,1,70,,5193,13,,,1,30,,5179,13,,,1,70,,5188,13,,,1,30,,5187,13,,,1,70,,5174,13,,,1,30,,5173,13,,,1,70,,5191,13,,,1,30,,5178,13,,,1,71,,5189,13,,,1,30,,5183,13,,,1,70,,5185,13,,,1,30,,5172,13,,,1,70,,5175,13,,,1,30,,5177,13,,,1,70,,5180,13,,,1,30,,5186,13,,,1,70,,5182,13,,,1
21101,'11',725,,7590,13,,,1,30,,7598,13,,,1,70,,7592,13,,,1,30,,7591,13,,,1,70,,7577,13,,,1,30,,7597,13,,,1,70,,7594,13,,,1,30,,7600,13,,,1,70,,7578,13,,,1,30,,7589,13,,,1,70,,7595,13,,,1,30,,7581,13,,,1,70,,7593,13,,,1,30,,2377,13,,,1,70,,7596,13,,,1,30,,7601,13,,,1,70,,7576,13,,,1,30,,7582,13,,,1,70,,7588,13,,,1,30,,7586,13,,,1,70,,7587,13,,,1,30,,7583,13,,,1,70,,7579,13,,,1,30,,7580,13,,,1,70,,7599,13,,,1,30,,7584,13,,,1,70,,7585,13,,,1
21101,'14',1855,,7609,13,,,1,70,,7606,13,,,1,30,,7608,13,,,1,70,,596,13,,,1,30,,7603,13,,,1,70,,7604,13,,,1,30,,7602,13,,,1,70,,7605,13,,,1,30,,7607,13,,,1
21101,'18',1855,,7618,13,,,1,70,,7615,13,,,1,30,,7617,13,,,1,70,,7614,13,,,1,30,,7611,13,,,1,70,,7612,13,,,1,30,,7610,13,,,1,70,,7613,13,,,1,30,,7616,13,,,1
21101,'20',1855,,7623,13,,,1,70,,7624,13,,,1,30,,7626,13,,,1,70,,579,13,,,1,30,,7620,13,,,1,70,,7621,13,,,1,30,,7619,13,,,1,70,,7622,13,,,1,30,,7625,13,,,1
21101,'4',725,,7641,13,,,1,30,,7650,13,,,1,70,,7643,13,,,1,30,,7642,13,,,1,70,,7628,13,,,1,30,,7649,13,,,1,70,,7646,13,,,1,30,,7652,13,,,1,70,,7629,13,,,1,30,,7640,13,,,1,70,,7647,13,,,1,30,,7632,13,,,1,70,,7645,13,,,1,30,,7644,13,,,1,70,,7648,13,,,1,30,,7653,13,,,1,70,,7627,13,,,1,30,,7633,13,,,1,70,,7639,13,,,1,30,,7637,13,,,1,70,,7638,13,,,1,30,,7634,13,,,1,70,,7630,13,,,1,30,,7631,13,,,1,70,,7651,13,,,1,30,,7635,13,,,1,70,,7636,13,,,1
21101,'8',1855,,7659,13,,,1,70,,7660,13,,,1,30,,7662,13,,,1,70,,7658,13,,,1,30,,7655,13,,,1,70,,7656,13,,,1,30,,7654,13,,,1,70,,7657,13,,,1,30,,7661,13,,,1
