10301,'14',619,,3306,19,,,1,100,,25,19,,,1,30,,3307,19,,,1,70,,3297,19,,,1,30,,3301,19,,,1,70,,3303,19,,,1,30,,3295,19,,,1,70,,3292,19,,,1,100,,3290,19,,,1,100,,3294,19,,,1,100,,3302,19,,,1,100,,3291,19,,,1,100,,3293,19,,,1,30,,3299,19,,,1,70,,3300,19,,,1,30,,541,19,,,1,70,,3304,19,,,1,30,,3305,19,,,1,70,,3296,19,,,1,30,,3298,19,,,1
10301,'18',619,,3326,19,,,1,100,,3313,19,,,1,30,,3327,19,,,1,70,,3317,19,,,1,30,,3321,19,,,1,70,,3323,19,,,1,30,,3315,19,,,1,70,,3310,19,,,1,100,,3308,19,,,1,100,,3314,19,,,1,100,,3322,19,,,1,100,,3309,19,,,1,100,,3311,19,,,1,30,,3319,19,,,1,70,,3320,19,,,1,30,,3312,19,,,1,70,,3324,19,,,1,30,,3325,19,,,1,70,,3316,19,,,1,30,,3318,19,,,1
10301,'20',619,,3343,19,,,1,100,,7,19,,,1,30,,3333,19,,,1,70,,3334,19,,,1,30,,3344,19,,,1,70,,3339,19,,,1,30,,3340,19,,,1,70,,3330,19,,,1,100,,3328,19,,,1,100,,3332,19,,,1,100,,3338,19,,,1,100,,3329,19,,,1,100,,3331,19,,,1,30,,3336,19,,,1,70,,3337,19,,,1,30,,503,19,,,1,70,,3341,19,,,1,30,,3342,19,,,1,70,,1140,19,,,1,30,,3335,19,,,1
10301,'8',619,,3363,19,,,1,100,,3350,19,,,1,30,,3352,19,,,1,70,,3354,19,,,1,30,,3364,19,,,1,70,,3359,19,,,1,30,,3360,19,,,1,70,,3347,19,,,1,100,,3345,19,,,1,100,,3351,19,,,1,100,,3358,19,,,1,100,,3346,19,,,1,100,,3348,19,,,1,30,,3356,19,,,1,70,,3357,19,,,1,30,,3349,19,,,1,70,,3361,19,,,1,30,,3362,19,,,1,70,,3353,19,,,1,30,,3355,19,,,1
20301,'11',715,,6302,14,0,9 3 10,1,30,,6297,14,0,9 3 10,1,70,,6289,14,0,9 3 10,1,30,,6283,14,0,9 3 10,1,70,,6292,14,0,9 3 10,1,30,,6287,14,0,9 3 10,1,70,,6284,14,0,9 3 10,1,30,,6291,14,0,9 3 10,1,70,,6286,14,0,9 3 10,1,30,,6303,14,0,9 3 10,1,70,,6282,14,0,9 3 10,1,30,,2455,14,0,9 3 10,1,70,,6281,14,0,9 3 10,1,30,,6294,14,0,9 3 10,1,70,,6298,14,0,9 3 10,1,30,,6300,14,0,9 3 10,1,70,,6288,14,0,9 3 10,1,30,,6285,14,0,9 3 10,1,70,,6295,14,0,9 3 10,1,30,,6304,14,0,9 3 10,1,70,,2277,14,0,9 3 10,1,30,,6299,14,0,9 3 10,1,70,,2286,14,0,9 3 10,1,30,,6301,14,0,9 3 10,1,70,,6293,14,0,9 3 10,1,30,,6290,14,0,9 3 10,1,70,,6296,14,0,9 3 10,1,30,,6280,14,0,9 3 10,1
20301,'14',1915,,925,14,0,9 3 10,1,30,,6308,14,0,9 3 10,1,70,,6311,14,0,9 3 10,1,30,,6313,14,0,9 3 10,1,70,,6306,14,0,9 3 10,1,30,,6305,14,0,9 3 10,1,70,,6310,14,0,9 3 10,1,30,,6309,14,0,9 3 10,1,70,,6312,14,0,9 3 10,1,30,,6307,14,0,9 3 10,1
20301,'18',1915,,6319,14,0,9 3 10,1,30,,6317,14,0,9 3 10,1,70,,6322,14,0,9 3 10,1,30,,6324,14,0,9 3 10,1,70,,6316,14,0,9 3 10,1,30,,6315,14,0,9 3 10,1,70,,6321,14,0,9 3 10,1,30,,6320,14,0,9 3 10,1,70,,6323,14,0,9 3 10,1,30,,6318,14,0,9 3 10,1
20301,'20',1915,,913,14,0,9 3 10,1,30,,6328,14,0,9 3 10,1,70,,6331,14,0,9 3 10,1,30,,6333,14,0,9 3 10,1,70,,6326,14,0,9 3 10,1,30,,6325,14,0,9 3 10,1,70,,6330,14,0,9 3 10,1,30,,6329,14,0,9 3 10,1,70,,6332,14,0,9 3 10,1,30,,6327,14,0,9 3 10,1
20301,'4',715,,6359,14,0,9 3 10,1,30,,6354,14,0,9 3 10,1,70,,6346,14,0,9 3 10,1,30,,6337,14,0,9 3 10,1,70,,6349,14,0,9 3 10,1,30,,6342,14,0,9 3 10,1,70,,6338,14,0,9 3 10,1,30,,6348,14,0,9 3 10,1,70,,6341,14,0,9 3 10,1,30,,6360,14,0,9 3 10,1,70,,6336,14,0,9 3 10,1,30,,6344,14,0,9 3 10,1,70,,6335,14,0,9 3 10,1,30,,6351,14,0,9 3 10,1,70,,6355,14,0,9 3 10,1,30,,6357,14,0,9 3 10,1,70,,6343,14,0,9 3 10,1,30,,6340,14,0,9 3 10,1,70,,6352,14,0,9 3 10,1,30,,6361,14,0,9 3 10,1,70,,6339,14,0,9 3 10,1,30,,6356,14,0,9 3 10,1,70,,6345,14,0,9 3 10,1,30,,6358,14,0,9 3 10,1,70,,6350,14,0,9 3 10,1,30,,6347,14,0,9 3 10,1,70,,6353,14,0,9 3 10,1,30,,6334,14,0,9 3 10,1
20301,'8',1915,,6367,14,0,9 3 10,1,30,,6365,14,0,9 3 10,1,70,,6370,14,0,9 3 10,1,30,,6372,14,0,9 3 10,1,70,,6364,14,0,9 3 10,1,30,,6363,14,0,9 3 10,1,70,,6369,14,0,9 3 10,1,30,,6368,14,0,9 3 10,1,70,,6371,14,0,9 3 10,1,30,,6366,14,0,9 3 10,1
