10301,'14',621,,3306,24,,,1,100,,25,24,,,1,30,,3307,24,,,1,70,,3297,24,,,1,30,,3301,24,,,1,70,,3303,24,,,1,30,,3295,24,,,1,70,,3292,24,,,1,100,,3290,24,,,1,100,,3294,24,,,1,100,,3302,24,,,1,100,,3291,24,,,1,100,,3293,24,,,1,30,,3299,24,,,1,70,,3300,24,,,1,30,,541,24,,,1,70,,3304,24,,,1,30,,3305,24,,,1,70,,3296,24,,,1,30,,3298,24,,,1
10301,'18',621,,3326,24,,,1,100,,3313,24,,,1,30,,3327,24,,,1,70,,3317,24,,,1,30,,3321,24,,,1,70,,3323,24,,,1,30,,3315,24,,,1,70,,3310,24,,,1,100,,3308,24,,,1,100,,3314,24,,,1,100,,3322,24,,,1,100,,3309,24,,,1,100,,3311,24,,,1,30,,3319,24,,,1,70,,3320,24,,,1,30,,3312,24,,,1,70,,3324,24,,,1,30,,3325,24,,,1,70,,3316,24,,,1,30,,3318,24,,,1
10301,'20',621,,3343,24,,,1,100,,7,24,,,1,30,,3333,24,,,1,70,,3334,24,,,1,30,,3344,24,,,1,70,,3339,24,,,1,30,,3340,24,,,1,70,,3330,24,,,1,100,,3328,24,,,1,100,,3332,24,,,1,100,,3338,24,,,1,100,,3329,24,,,1,100,,3331,24,,,1,30,,3336,24,,,1,70,,3337,24,,,1,30,,503,24,,,1,70,,3341,24,,,1,30,,3342,24,,,1,70,,1140,24,,,1,30,,3335,24,,,1
10301,'8',621,,3363,24,,,1,100,,3350,24,,,1,30,,3352,24,,,1,70,,3354,24,,,1,30,,3364,24,,,1,70,,3359,24,,,1,30,,3360,24,,,1,70,,3347,24,,,1,100,,3345,24,,,1,100,,3351,24,,,1,100,,3358,24,,,1,100,,3346,24,,,1,100,,3348,24,,,1,30,,3356,24,,,1,70,,3357,24,,,1,30,,3349,24,,,1,70,,3361,24,,,1,30,,3362,24,,,1,70,,3353,24,,,1,30,,3355,24,,,1
11000,'14',633,,4832,5,,,1,70,,4818,5,,,1,30,,4814,5,,,1,70,,4815,5,,,1,30,,4829,5,,,1,70,,4826,5,,,1,30,,4824,5,,,1,70,,4834,5,,,1,30,,4819,5,,,1,70,,4820,5,,,1,30,,779,5,,,1,70,,4831,5,,,1,30,,385,5,,,1,70,,4830,5,,,1,30,,4817,5,,,1,70,,4816,5,,,1,30,,4825,5,,,1,70,,4833,5,,,1,30,,4827,5,,,1,70,,4823,5,,,1,30,,4821,5,,,1,70,,4822,5,,,1,30,,161,5,,,1,70,,4828,5,,,1,30,,253,5,,,1
11000,'18',633,,4857,5,,,1,70,,4840,5,,,1,30,,4835,5,,,1,70,,4836,5,,,1,30,,4854,5,,,1,70,,4851,5,,,1,30,,4848,5,,,1,70,,4859,5,,,1,30,,4842,5,,,1,70,,4843,5,,,1,30,,4849,5,,,1,70,,4856,5,,,1,30,,4837,5,,,1,70,,4855,5,,,1,30,,4839,5,,,1,70,,4838,5,,,1,30,,4850,5,,,1,70,,4858,5,,,1,30,,4852,5,,,1,70,,4847,5,,,1,30,,4844,5,,,1,70,,4845,5,,,1,30,,4846,5,,,1,70,,4853,5,,,1,30,,4841,5,,,1
11000,'20',633,,4878,5,,,1,70,,4864,5,,,1,30,,4860,5,,,1,70,,4861,5,,,1,30,,4875,5,,,1,70,,4872,5,,,1,30,,4870,5,,,1,70,,4880,5,,,1,30,,4865,5,,,1,70,,4866,5,,,1,30,,719,5,,,1,70,,4877,5,,,1,30,,335,5,,,1,70,,4876,5,,,1,30,,4863,5,,,1,70,,4862,5,,,1,30,,4871,5,,,1,70,,4879,5,,,1,30,,4873,5,,,1,70,,4869,5,,,1,30,,4867,5,,,1,70,,4868,5,,,1,30,,104,5,,,1,70,,4874,5,,,1,30,,234,5,,,1
11000,'8',633,,4903,5,,,1,70,,4886,5,,,1,30,,4881,5,,,1,70,,4882,5,,,1,30,,4900,5,,,1,70,,4897,5,,,1,30,,4894,5,,,1,70,,4905,5,,,1,30,,4888,5,,,1,70,,4889,5,,,1,30,,4895,5,,,1,70,,4902,5,,,1,30,,4883,5,,,1,70,,4901,5,,,1,30,,4885,5,,,1,70,,4884,5,,,1,30,,4896,5,,,1,70,,4904,5,,,1,30,,4898,5,,,1,70,,4893,5,,,1,30,,4890,5,,,1,70,,4891,5,,,1,30,,4892,5,,,1,70,,4899,5,,,1,30,,4887,5,,,1
20301,'11',717,,6302,19,0,9 3 10,1,30,,6297,19,0,9 3 10,1,70,,6289,19,0,9 3 10,1,30,,6283,19,0,9 3 10,1,70,,6292,19,0,9 3 10,1,30,,6287,19,0,9 3 10,1,70,,6284,19,0,9 3 10,1,30,,6291,19,0,9 3 10,1,70,,6286,19,0,9 3 10,1,30,,6303,19,0,9 3 10,1,70,,6282,19,0,9 3 10,1,30,,2455,19,0,9 3 10,1,70,,6281,19,0,9 3 10,1,30,,6294,19,0,9 3 10,1,70,,6298,19,0,9 3 10,1,30,,6300,19,0,9 3 10,1,70,,6288,19,0,9 3 10,1,30,,6285,19,0,9 3 10,1,70,,6295,19,0,9 3 10,1,30,,6304,19,0,9 3 10,1,70,,2277,19,0,9 3 10,1,30,,6299,19,0,9 3 10,1,70,,2286,19,0,9 3 10,1,30,,6301,19,0,9 3 10,1,70,,6293,19,0,9 3 10,1,30,,6290,19,0,9 3 10,1,70,,6296,19,0,9 3 10,1,30,,6280,19,0,9 3 10,1
20301,'14',1917,,925,19,0,9 3 10,1,30,,6308,19,0,9 3 10,1,70,,6311,19,0,9 3 10,1,30,,6313,19,0,9 3 10,1,70,,6306,19,0,9 3 10,1,30,,6305,19,0,9 3 10,1,70,,6310,19,0,9 3 10,1,30,,6309,19,0,9 3 10,1,70,,6312,19,0,9 3 10,1,30,,6307,19,0,9 3 10,1
20301,'18',1917,,6319,19,0,9 3 10,1,30,,6317,19,0,9 3 10,1,70,,6322,19,0,9 3 10,1,30,,6324,19,0,9 3 10,1,70,,6316,19,0,9 3 10,1,30,,6315,19,0,9 3 10,1,70,,6321,19,0,9 3 10,1,30,,6320,19,0,9 3 10,1,70,,6323,19,0,9 3 10,1,30,,6318,19,0,9 3 10,1
20301,'20',1917,,913,19,0,9 3 10,1,30,,6328,19,0,9 3 10,1,70,,6331,19,0,9 3 10,1,30,,6333,19,0,9 3 10,1,70,,6326,19,0,9 3 10,1,30,,6325,19,0,9 3 10,1,70,,6330,19,0,9 3 10,1,30,,6329,19,0,9 3 10,1,70,,6332,19,0,9 3 10,1,30,,6327,19,0,9 3 10,1
20301,'4',717,,6359,19,0,9 3 10,1,30,,6354,19,0,9 3 10,1,70,,6346,19,0,9 3 10,1,30,,6337,19,0,9 3 10,1,70,,6349,19,0,9 3 10,1,30,,6342,19,0,9 3 10,1,70,,6338,19,0,9 3 10,1,30,,6348,19,0,9 3 10,1,70,,6341,19,0,9 3 10,1,30,,6360,19,0,9 3 10,1,70,,6336,19,0,9 3 10,1,30,,6344,19,0,9 3 10,1,70,,6335,19,0,9 3 10,1,30,,6351,19,0,9 3 10,1,70,,6355,19,0,9 3 10,1,30,,6357,19,0,9 3 10,1,70,,6343,19,0,9 3 10,1,30,,6340,19,0,9 3 10,1,70,,6352,19,0,9 3 10,1,30,,6361,19,0,9 3 10,1,70,,6339,19,0,9 3 10,1,30,,6356,19,0,9 3 10,1,70,,6345,19,0,9 3 10,1,30,,6358,19,0,9 3 10,1,70,,6350,19,0,9 3 10,1,30,,6347,19,0,9 3 10,1,70,,6353,19,0,9 3 10,1,30,,6334,19,0,9 3 10,1
20301,'8',1917,,6367,19,0,9 3 10,1,30,,6365,19,0,9 3 10,1,70,,6370,19,0,9 3 10,1,30,,6372,19,0,9 3 10,1,70,,6364,19,0,9 3 10,1,30,,6363,19,0,9 3 10,1,70,,6369,19,0,9 3 10,1,30,,6368,19,0,9 3 10,1,70,,6371,19,0,9 3 10,1,30,,6366,19,0,9 3 10,1
