10401,'14',641,,3468,5,,,1,70,,3500,5,,,1,30,,3480,5,,,1,70,,3494,5,,,1,30,,3463,5,,,1,70,,744,5,,,1,30,,3504,5,,,1,70,,3481,5,,,1,30,,164,5,,,1,70,,3482,5,,,1,30,,3498,5,,,1,70,,3493,5,,,1,30,,3501,5,,,1,70,,3487,5,,,1,30,,3503,5,,,1,70,,3465,5,,,1,30,,3488,5,,,1,70,,3495,5,,,1,30,,3474,5,,,1,70,,3475,5,,,1,30,,3476,5,,,1,70,,3470,5,,,1,30,,3502,5,,,1,70,,3467,5,,,1,30,,1056,5,,,1
10401,'18',641,,3513,5,,,1,70,,3550,5,,,1,30,,3526,5,,,1,70,,3544,5,,,1,30,,3506,5,,,1,70,,3511,5,,,1,30,,3554,5,,,1,70,,3527,5,,,1,30,,3530,5,,,1,70,,3529,5,,,1,30,,3548,5,,,1,70,,3543,5,,,1,30,,3551,5,,,1,70,,3536,5,,,1,30,,3553,5,,,1,70,,3508,5,,,1,30,,3537,5,,,1,70,,3545,5,,,1,30,,3520,5,,,1,70,,3521,5,,,1,30,,3522,5,,,1,70,,3516,5,,,1,30,,3552,5,,,1,70,,3512,5,,,1,30,,3514,5,,,1
10401,'20',641,,3561,5,,,1,70,,3593,5,,,1,30,,3573,5,,,1,70,,3587,5,,,1,30,,3556,5,,,1,70,,684,5,,,1,30,,3597,5,,,1,70,,3574,5,,,1,30,,107,5,,,1,70,,3575,5,,,1,30,,3591,5,,,1,70,,3586,5,,,1,30,,3594,5,,,1,70,,3580,5,,,1,30,,3596,5,,,1,70,,3558,5,,,1,30,,3581,5,,,1,70,,3588,5,,,1,30,,3567,5,,,1,70,,3568,5,,,1,30,,3569,5,,,1,70,,3563,5,,,1,30,,3595,5,,,1,70,,3560,5,,,1,30,,1031,5,,,1
10401,'8',641,,3606,5,,,1,70,,3643,5,,,1,30,,3619,5,,,1,70,,3637,5,,,1,30,,3599,5,,,1,70,,3604,5,,,1,30,,3647,5,,,1,70,,3620,5,,,1,30,,3623,5,,,1,70,,3622,5,,,1,30,,3641,5,,,1,70,,3636,5,,,1,30,,3644,5,,,1,70,,3629,5,,,1,30,,3646,5,,,1,70,,3601,5,,,1,30,,3630,5,,,1,70,,3638,5,,,1,30,,3613,5,,,1,70,,3614,5,,,1,30,,3615,5,,,1,70,,3609,5,,,1,30,,3645,5,,,1,70,,3605,5,,,1,30,,3607,5,,,1
10801,'14',630,,4524,2,,,1,70,,4519,2,,,1,30,,4514,2,,,1,70,,4516,2,,,1,30,,4517,2,,,1,70,,4528,2,,,1,100,,4515,2,,,1,100,,4523,2,,,1,100,,4518,2,,,1,100,,4522,2,,,1,100,,4521,2,,,1,30,,766,2,,,1,70,,4526,2,,,1,30,,4527,2,,,1,70,,4520,2,,,1,30,,4513,2,,,1,70,,4512,2,,,1
10801,'18',630,,4543,2,,,1,70,,4538,2,,,1,30,,4532,2,,,1,70,,4534,2,,,1,30,,4535,2,,,1,70,,4547,2,,,1,100,,4533,2,,,1,100,,4542,2,,,1,100,,4536,2,,,1,100,,4541,2,,,1,100,,4540,2,,,1,30,,4537,2,,,1,70,,4545,2,,,1,30,,4546,2,,,1,70,,4539,2,,,1,30,,4531,2,,,1,70,,4530,2,,,1
10801,'20',630,,4562,2,,,1,70,,4554,2,,,1,30,,4560,2,,,1,70,,4552,2,,,1,30,,4550,2,,,1,70,,4564,2,,,1,100,,4551,2,,,1,100,,4559,2,,,1,100,,4553,2,,,1,100,,4558,2,,,1,100,,4557,2,,,1,30,,706,2,,,1,70,,4561,2,,,1,30,,4563,2,,,1,70,,4556,2,,,1,30,,4549,2,,,1,70,,4548,2,,,1
10801,'8',630,,4581,2,,,1,70,,4573,2,,,1,30,,4579,2,,,1,70,,4570,2,,,1,30,,4568,2,,,1,70,,4583,2,,,1,100,,4569,2,,,1,100,,4578,2,,,1,100,,4571,2,,,1,100,,4577,2,,,1,100,,4576,2,,,1,30,,4572,2,,,1,70,,4580,2,,,1,30,,4582,2,,,1,70,,4575,2,,,1,30,,4567,2,,,1,70,,4566,2,,,1
20301,'14',2408,,375,18,,,1
20301,'18',2408,,6314,18,,,1
20301,'20',2408,,325,18,,,1
20301,'8',2408,,6362,18,,,1
20401,'11',742,,6509,5,,,1,70,,6486,5,,,1,30,,6466,5,,,1,70,,6494,5,,,1,30,,6510,5,,,1,70,,6490,5,,,1,30,,2736,5,,,1,70,,6483,5,,,1,30,,6491,5,,,1,70,,6511,5,,,1,30,,6484,5,,,1,70,,6474,5,,,1,30,,6507,5,,,1,70,,6499,5,,,1,30,,6481,5,,,1,70,,6482,5,,,1,30,,6473,5,,,1,70,,6505,5,,,1,30,,6465,5,,,1,70,,6475,5,,,1,30,,6476,5,,,1,70,,6462,5,,,1,30,,6504,5,,,1,70,,6498,5,,,1,30,,6513,5,,,1,70,,6467,5,,,1,30,,6488,5,,,1,70,,6495,5,,,1
20401,'14',1912,,6532,5,,,1,30,,6524,5,,,1,70,,6519,5,,,1,30,,6525,5,,,1,70,,6517,5,,,1,30,,6521,5,,,1,70,,6527,5,,,1,30,,6529,5,,,1,70,,1054,5,,,1,30,,6533,5,,,1
20401,'18',1912,,6552,5,,,1,30,,6544,5,,,1,70,,6538,5,,,1,30,,6545,5,,,1,70,,6535,5,,,1,30,,6541,5,,,1,70,,6547,5,,,1,30,,6549,5,,,1,70,,6536,5,,,1,30,,6553,5,,,1
20401,'20',1912,,6568,5,,,1,30,,6560,5,,,1,70,,6556,5,,,1,30,,6561,5,,,1,70,,6554,5,,,1,30,,6557,5,,,1,70,,6563,5,,,1,30,,6565,5,,,1,70,,1029,5,,,1,30,,6569,5,,,1
20401,'4',742,,6618,5,,,1,70,,6594,5,,,1,30,,6574,5,,,1,70,,6602,5,,,1,30,,6619,5,,,1,70,,6598,5,,,1,30,,6607,5,,,1,70,,6591,5,,,1,30,,6599,5,,,1,70,,6620,5,,,1,30,,6592,5,,,1,70,,6582,5,,,1,30,,6616,5,,,1,70,,6608,5,,,1,30,,6589,5,,,1,70,,6590,5,,,1,30,,6581,5,,,1,70,,6614,5,,,1,30,,6573,5,,,1,70,,6583,5,,,1,30,,6584,5,,,1,70,,6570,5,,,1,30,,6613,5,,,1,70,,6606,5,,,1,30,,6622,5,,,1,70,,6575,5,,,1,30,,6596,5,,,1,70,,6603,5,,,1
20401,'8',1912,,6644,5,,,1,30,,6636,5,,,1,70,,6630,5,,,1,30,,6637,5,,,1,70,,6627,5,,,1,30,,6633,5,,,1,70,,6639,5,,,1,30,,6641,5,,,1,70,,6628,5,,,1,30,,6645,5,,,1
