10501,'14',615,,6322,0,14 15 16,1,100,,6320,0,14 15 16,1,30,,6324,0,14 15 16,1,70,,6350,0,14 15 16,1,30,,4367,0,14 15 16,1,70,,3871,0,14 15 16,1,30,,6326,0,14 15 16,1,70,,6323,0,14 15 16,1,100,,6340,0,14 15 16,1,100,,6338,0,14 15 16,1,100,,6333,0,14 15 16,1,100,,6328,0,14 15 16,1,100,,6330,0,14 15 16,1,30,,6332,0,14 15 16,1,70,,6331,0,14 15 16,1,30,,6327,0,14 15 16,1,70,,6325,0,14 15 16,1,30,,6347,0,14 15 16,1,70,,6318,0,14 15 16,1
10501,'18',615,,6358,0,14 15 16,1,100,,6356,0,14 15 16,1,30,,6360,0,14 15 16,1,70,,6388,0,14 15 16,1,30,,6374,0,14 15 16,1,70,,6361,0,14 15 16,1,30,,6363,0,14 15 16,1,70,,6359,0,14 15 16,1,100,,6378,0,14 15 16,1,100,,6376,0,14 15 16,1,100,,6370,0,14 15 16,1,100,,6365,0,14 15 16,1,100,,6367,0,14 15 16,1,30,,6369,0,14 15 16,1,70,,6368,0,14 15 16,1,30,,6364,0,14 15 16,1,70,,6362,0,14 15 16,1,30,,6385,0,14 15 16,1,70,,6354,0,14 15 16,1
10501,'20',615,,6396,0,14 15 16,1,100,,6394,0,14 15 16,1,30,,6398,0,14 15 16,1,70,,6424,0,14 15 16,1,30,,4326,0,14 15 16,1,70,,3846,0,14 15 16,1,30,,6400,0,14 15 16,1,70,,6397,0,14 15 16,1,100,,6414,0,14 15 16,1,100,,6412,0,14 15 16,1,100,,6407,0,14 15 16,1,100,,6402,0,14 15 16,1,100,,6404,0,14 15 16,1,30,,6406,0,14 15 16,1,70,,6405,0,14 15 16,1,30,,6401,0,14 15 16,1,70,,6399,0,14 15 16,1,30,,6421,0,14 15 16,1,70,,6392,0,14 15 16,1
10501,'8',615,,6432,0,14 15 16,1,100,,6430,0,14 15 16,1,30,,6434,0,14 15 16,1,70,,6462,0,14 15 16,1,30,,6448,0,14 15 16,1,70,,6435,0,14 15 16,1,30,,6437,0,14 15 16,1,70,,6433,0,14 15 16,1,100,,6452,0,14 15 16,1,100,,6450,0,14 15 16,1,100,,6444,0,14 15 16,1,100,,6439,0,14 15 16,1,100,,6441,0,14 15 16,1,30,,6443,0,14 15 16,1,70,,6442,0,14 15 16,1,30,,6438,0,14 15 16,1,70,,6436,0,14 15 16,1,30,,6459,0,14 15 16,1,70,,6428,0,14 15 16,1
10901,'14',615,,7171,,,1,100,,7188,,,1,100,,7190,,,1,100,,7156,,,1,100,,7177,,,1,100,,7185,,,1,100,,7186,,,1,100,,7168,,,1,100,,7196,,,1,100,,7158,,,1,100,,7163,,,1,100,,7187,,,1
10901,'18',615,,7219,,,1,100,,7236,,,1,100,,7238,,,1,100,,7199,,,1,100,,7225,,,1,100,,7233,,,1,100,,7234,,,1,100,,7214,,,1,100,,7244,,,1,100,,7202,,,1,100,,7209,,,1,100,,7235,,,1
10901,'20',615,,7262,,,1,100,,7279,,,1,100,,7281,,,1,100,,7247,,,1,100,,7268,,,1,100,,7276,,,1,100,,7277,,,1,100,,7259,,,1,100,,7287,,,1,100,,7249,,,1,100,,7254,,,1,100,,7278,,,1
10901,'8',615,,7310,,,1,100,,7327,,,1,100,,7329,,,1,100,,7290,,,1,100,,7316,,,1,100,,7324,,,1,100,,7325,,,1,100,,7305,,,1,100,,7335,,,1,100,,7293,,,1,100,,7300,,,1,100,,7326,,,1
11301,'14',645,,7997,,,1,100,,4797,,,1,100,,8000,,,1,100,,8013,,,1,100,,8005,,,1,100,,7982,,,1,100,,7984,,,1,100,,7987,,,1,100,,8002,,,1,100,,8006,,,1,100,,7986,,,1,100,,8007,,,1,100,,7989,,,1
11301,'18',645,,8036,,,1,100,,8025,,,1,100,,8039,,,1,100,,8054,,,1,100,,8045,,,1,100,,8019,,,1,100,,8021,,,1,100,,8024,,,1,100,,8041,,,1,100,,8046,,,1,100,,8023,,,1,100,,8048,,,1,100,,8027,,,1
11301,'20',645,,8068,,,1,100,,4727,,,1,100,,8071,,,1,100,,8089,,,1,100,,8075,,,1,100,,8060,,,1,100,,8091,,,1,100,,8063,,,1,100,,8079,,,1,100,,8087,,,1,100,,8094,,,1,100,,8090,,,1,100,,8065,,,1
11301,'8',645,,8108,,,1,100,,8102,,,1,100,,8111,,,1,100,,8130,,,1,100,,8115,,,1,100,,8098,,,1,100,,8132,,,1,100,,8101,,,1,100,,8120,,,1,100,,8128,,,1,100,,8135,,,1,100,,8131,,,1,100,,8104,,,1
20501,'11',715,,9260,,,1,100,,9256,,,1,100,,9254,,,1,100,,9252,,,1,100,,9277,,,1,100,,9262,,,1,100,,9267,,,1,100,,9269,,,1,100,,9259,,,1,100,,5226,,,1,100,,9268,,,1,100,,9272,,,1,100,,9266,,,1,100,,9264,,,1
20501,'14',1915,,9284,,,1,100,,9280,,,1,100,,9281,,,1,100,,9282,,,1
20501,'18',1915,,9292,,,1,100,,9288,,,1,100,,9289,,,1,100,,9290,,,1
20501,'20',1915,,9300,,,1,100,,9296,,,1,100,,9297,,,1,100,,9298,,,1
20501,'4',715,,9311,,,1,100,,9307,,,1,100,,9305,,,1,100,,9302,,,1,100,,9329,,,1,100,,9313,,,1,100,,9318,,,1,100,,9321,,,1,100,,9310,,,1,100,,9304,,,1,100,,9320,,,1,100,,9324,,,1,100,,9317,,,1,100,,9315,,,1
20501,'8',1915,,9336,,,1,100,,9332,,,1,100,,9333,,,1,100,,9334,,,1
20901,'11',715,,9664,,,1,100,,9668,,,1,100,,9692,,,1,100,,9678,,,1,100,,9661,,,1,100,,9670,,,1,100,,9676,,,1,100,,9688,,,1,100,,9677,,,1,100,,9696,,,1,100,,9658,,,1,100,,9657,,,1,100,,9659,,,1,100,,9694,,,1
20901,'14',1815,,9706,,,1,100,,3014,,,1,100,,9705,,,1,100,,9710,,,1,100,,9715,,,1
20901,'18',1815,,9725,,,1,100,,9728,,,1,100,,9724,,,1,100,,9730,,,1,100,,9735,,,1
20901,'20',1815,,9745,,,1,100,,2964,,,1,100,,9742,,,1,100,,3774,,,1,100,,9740,,,1
20901,'4',715,,9773,,,1,100,,9777,,,1,100,,9802,,,1,100,,9788,,,1,100,,9770,,,1,100,,9779,,,1,100,,9786,,,1,100,,9798,,,1,100,,9787,,,1,100,,9806,,,1,100,,9766,,,1,100,,9765,,,1,100,,9768,,,1,100,,9804,,,1
20901,'8',1815,,9818,,,1,100,,9820,,,1,100,,9814,,,1,100,,9825,,,1,100,,9812,,,1
21301,'11',745,,10232,,,1,100,,10235,,,1,100,,10255,,,1,100,,10249,,,1,100,,10233,,,1,100,,10257,,,1,100,,10261,,,1,100,,10243,,,1,100,,10248,,,1,100,,10253,,,1,100,,10228,,,1,100,,10234,,,1,100,,10229,,,1
21301,'14',1945,,10266,,,1,100,,10270,,,1,100,,10273,,,1,100,,10272,,,1
21301,'18',1945,,10276,,,1,100,,10280,,,1,100,,10284,,,1,100,,10283,,,1
21301,'20',1945,,10287,,,1,100,,10291,,,1,100,,10294,,,1,100,,10293,,,1
21301,'4',745,,10302,,,1,100,,10305,,,1,100,,10326,,,1,100,,10320,,,1,100,,10303,,,1,100,,10328,,,1,100,,10332,,,1,100,,10313,,,1,100,,10319,,,1,100,,10324,,,1,100,,10298,,,1,100,,10304,,,1,100,,10299,,,1
21301,'8',1945,,10337,,,1,100,,10341,,,1,100,,10345,,,1,100,,10344,,,1
