10800,'14',703,,4411,6,,,1,30,,4402,6,,,1,70,,4397,6,,,1,30,,4389,6,,,1,70,,4405,6,,,1,30,,4400,6,,,1,100,,4409,6,,,1,100,,4388,6,,,1,100,,4407,6,,,1,100,,547,6,,,1,100,,4379,6,,,1,70,,4401,6,,,1,30,,4403,6,,,1,70,,4383,6,,,1,30,,4390,6,,,1,70,,4384,6,,,1,30,,4408,6,,,1
10800,'18',703,,4445,6,,,1,30,,4436,6,,,1,70,,4431,6,,,1,30,,4422,6,,,1,70,,4439,6,,,1,30,,4434,6,,,1,100,,4443,6,,,1,100,,4421,6,,,1,100,,4441,6,,,1,100,,4424,6,,,1,100,,4412,6,,,1,70,,4435,6,,,1,30,,4437,6,,,1,70,,4416,6,,,1,30,,4423,6,,,1,70,,4417,6,,,1,30,,4442,6,,,1
10800,'20',703,,4446,6,,,1,30,,4472,6,,,1,70,,4466,6,,,1,30,,4458,6,,,1,70,,4457,6,,,1,30,,4470,6,,,1,100,,4476,6,,,1,100,,4456,6,,,1,100,,4474,6,,,1,100,,509,6,,,1,100,,4447,6,,,1,70,,4471,6,,,1,30,,4473,6,,,1,70,,4451,6,,,1,30,,4459,6,,,1,70,,4452,6,,,1,30,,4475,6,,,1
10800,'8',703,,4478,6,,,1,30,,4506,6,,,1,70,,4500,6,,,1,30,,4490,6,,,1,70,,4489,6,,,1,30,,4504,6,,,1,100,,4510,6,,,1,100,,4488,6,,,1,100,,4508,6,,,1,100,,4492,6,,,1,100,,4479,6,,,1,70,,4505,6,,,1,30,,4507,6,,,1,70,,4483,6,,,1,30,,4491,6,,,1,70,,4484,6,,,1,30,,4509,6,,,1
11400,'14',632,,5615,6,,,1,100,,5616,6,,,1,100,,5620,6,,,1,100,,5617,6,,,1,100,,5619,6,,,1,100,,5618,6,,,1,100,,5624,6,,,1,100,,5623,6,,,1,100,,5626,6,,,1,100,,5621,6,,,1,100,,5625,6,,,1,100,,5622,6,,,1
11400,'18',632,,5627,6,,,1,100,,5628,6,,,1,100,,5632,6,,,1,100,,5629,6,,,1,100,,5631,6,,,1,100,,5630,6,,,1,100,,5636,6,,,1,100,,5635,6,,,1,100,,5638,6,,,1,100,,5633,6,,,1,100,,5637,6,,,1,100,,5634,6,,,1
11400,'20',632,,5639,6,,,1,100,,5640,6,,,1,100,,5643,6,,,1,100,,5641,6,,,1,100,,5642,6,,,1,100,,1137,6,,,1,100,,5647,6,,,1,100,,5646,6,,,1,100,,5649,6,,,1,100,,5644,6,,,1,100,,5648,6,,,1,100,,5645,6,,,1
11400,'8',632,,5650,6,,,1,100,,5651,6,,,1,100,,5655,6,,,1,100,,5652,6,,,1,100,,5654,6,,,1,100,,5653,6,,,1,100,,5659,6,,,1,100,,5658,6,,,1,100,,5661,6,,,1,100,,5656,6,,,1,100,,5660,6,,,1,100,,5657,6,,,1
21400,'11',732,,7830,6,,,1,100,,7826,6,,,1,100,,7835,6,,,1,100,,7823,6,,,1,100,,7829,6,,,1,100,,7827,6,,,1,100,,7833,6,,,1,100,,7824,6,,,1,100,,7832,6,,,1,100,,7831,6,,,1,100,,7834,6,,,1,100,,7825,6,,,1,100,,7828,6,,,1
21400,'14',1832,,7839,6,,,1,100,,7836,6,,,1,100,,7840,6,,,1,100,,7838,6,,,1,100,,7837,6,,,1
21400,'18',1832,,7844,6,,,1,100,,7841,6,,,1,100,,7845,6,,,1,100,,7843,6,,,1,100,,7842,6,,,1
21400,'20',1832,,7848,6,,,1,100,,7847,6,,,1,100,,7846,6,,,1,100,,7849,6,,,1,100,,339,6,,,1
21400,'4',732,,7857,6,,,1,100,,7853,6,,,1,100,,7862,6,,,1,100,,7850,6,,,1,100,,7856,6,,,1,100,,7854,6,,,1,100,,7860,6,,,1,100,,7851,6,,,1,100,,7859,6,,,1,100,,7858,6,,,1,100,,7861,6,,,1,100,,7852,6,,,1,100,,7855,6,,,1
21400,'8',1832,,7866,6,,,1,100,,7865,6,,,1,100,,7863,6,,,1,100,,7867,6,,,1,100,,7864,6,,,1
