11300,'14',634,,5334,22,,,1,100,,5322,22,,,1,100,,5344,22,,,1,100,,5319,22,,,1,100,,5320,22,,,1,100,,5316,22,,,1,100,,5324,22,,,1,100,,5338,22,,,1,100,,390,22,,,1,100,,5343,22,,,1,100,,5317,22,,,1,100,,5331,22,,,1,100,,5347,22,,,1
11300,'18',634,,5372,22,,,1,100,,5357,22,,,1,100,,5383,22,,,1,100,,5354,22,,,1,100,,5355,22,,,1,100,,5350,22,,,1,100,,5359,22,,,1,100,,5377,22,,,1,100,,5367,22,,,1,100,,5382,22,,,1,100,,5351,22,,,1,100,,5368,22,,,1,100,,5386,22,,,1
11300,'20',634,,5401,22,,,1,100,,5394,22,,,1,100,,5415,22,,,1,100,,5391,22,,,1,100,,5392,22,,,1,100,,5389,22,,,1,100,,1908,22,,,1,100,,5409,22,,,1,100,,5407,22,,,1,100,,5400,22,,,1,100,,5405,22,,,1,100,,5404,22,,,1,100,,2442,22,,,1
11300,'8',634,,5436,22,,,1,100,,5425,22,,,1,100,,5454,22,,,1,100,,5422,22,,,1,100,,5423,22,,,1,100,,5420,22,,,1,100,,5431,22,,,1,100,,5447,22,,,1,100,,5444,22,,,1,100,,5434,22,,,1,100,,5442,22,,,1,100,,5440,22,,,1,100,,5429,22,,,1
21300,'11',733,,1839,22,,,1,100,,7664,22,,,1,100,,7674,22,,,1,100,,7672,22,,,1,100,,7668,22,,,1,100,,7666,22,,,1,100,,7667,22,,,1,100,,7669,22,,,1,100,,7663,22,,,1,100,,7673,22,,,1,100,,7671,22,,,1,100,,7665,22,,,1,100,,7670,22,,,1
21300,'14',1933,,7676,22,,,1,100,,7677,22,,,1,100,,7675,22,,,1,100,,2747,22,,,1
21300,'18',1933,,7680,22,,,1,100,,7681,22,,,1,100,,7679,22,,,1,100,,7678,22,,,1
21300,'20',1933,,7683,22,,,1,100,,7684,22,,,1,100,,7682,22,,,1,100,,2665,22,,,1
21300,'4',733,,7688,22,,,1,100,,7686,22,,,1,100,,7697,22,,,1,100,,7695,22,,,1,100,,7691,22,,,1,100,,7689,22,,,1,100,,7690,22,,,1,100,,7692,22,,,1,100,,7685,22,,,1,100,,7696,22,,,1,100,,7694,22,,,1,100,,7687,22,,,1,100,,7693,22,,,1
21300,'8',1933,,7700,22,,,1,100,,7701,22,,,1,100,,7699,22,,,1,100,,7698,22,,,1
