10700,'14',633,,4213,0,5 6,1,100,,6615,0,5 6,1,70,,6614,0,5 6,1,30,,6602,0,5 6,1,70,,4469,0,5 6,1,30,,6603,0,5 6,1,100,,6612,0,5 6,1,100,,6613,0,5 6,1,100,,6610,0,5 6,1,100,,6608,0,5 6,1,100,,6611,0,5 6,1,70,,6605,0,5 6,1,30,,1219,0,5 6,1,70,,6607,0,5 6,1,30,,3837,0,5 6,1,70,,6606,0,5 6,1,30,,6604,0,5 6,1,70,,6609,0,5 6,1,30,,2891,0,5 6,1
10700,'18',633,,6621,0,5 6,1,100,,6634,0,5 6,1,70,,6633,0,5 6,1,30,,6616,0,5 6,1,70,,6622,0,5 6,1,30,,6617,0,5 6,1,100,,6630,0,5 6,1,100,,6631,0,5 6,1,100,,6628,0,5 6,1,100,,6625,0,5 6,1,100,,6629,0,5 6,1,70,,6619,0,5 6,1,30,,6627,0,5 6,1,70,,6623,0,5 6,1,30,,6632,0,5 6,1,70,,6620,0,5 6,1,30,,6618,0,5 6,1,70,,6626,0,5 6,1,30,,6624,0,5 6,1
10700,'20',633,,4181,0,5 6,1,100,,6648,0,5 6,1,70,,6647,0,5 6,1,30,,6635,0,5 6,1,70,,4431,0,5 6,1,30,,6636,0,5 6,1,100,,6645,0,5 6,1,100,,6646,0,5 6,1,100,,6643,0,5 6,1,100,,6641,0,5 6,1,100,,6644,0,5 6,1,70,,6638,0,5 6,1,30,,1195,0,5 6,1,70,,6640,0,5 6,1,30,,3815,0,5 6,1,70,,6639,0,5 6,1,30,,6637,0,5 6,1,70,,6642,0,5 6,1,30,,2874,0,5 6,1
10700,'8',633,,6654,0,5 6,1,100,,6667,0,5 6,1,70,,6666,0,5 6,1,30,,6649,0,5 6,1,70,,6655,0,5 6,1,30,,6650,0,5 6,1,100,,6663,0,5 6,1,100,,6664,0,5 6,1,100,,6661,0,5 6,1,100,,6658,0,5 6,1,100,,6662,0,5 6,1,70,,6652,0,5 6,1,30,,6660,0,5 6,1,70,,6656,0,5 6,1,30,,6665,0,5 6,1,70,,6653,0,5 6,1,30,,6651,0,5 6,1,70,,6659,0,5 6,1,30,,6657,0,5 6,1
21000,'11',733,,9841,,,1,70,,9830,,,1,30,,9833,,,1,70,,9848,,,1,30,,9846,,,1,70,,9831,,,1,30,,9849,,,1,70,,9840,,,1,30,,9836,,,1,70,,9839,,,1,30,,9847,,,1,70,,9845,,,1,30,,9851,,,1,70,,9843,,,1,30,,9850,,,1,70,,9844,,,1,30,,9856,,,1,70,,9852,,,1,30,,9854,,,1,70,,9832,,,1,30,,9855,,,1,70,,9837,,,1,30,,9842,,,1,70,,9853,,,1,30,,9835,,,1,70,,9838,,,1,30,,9834,,,1
21000,'14',1903,,9859,,,1,30,,9861,,,1,70,,9864,,,1,30,,9857,,,1,70,,9862,,,1,30,,9858,,,1,70,,5291,,,1,30,,9863,,,1,70,,9860,,,1
21000,'18',1903,,9867,,,1,30,,9870,,,1,70,,9873,,,1,30,,9865,,,1,70,,9871,,,1,30,,9866,,,1,70,,9869,,,1,30,,9872,,,1,70,,9868,,,1
21000,'20',1903,,9876,,,1,30,,9878,,,1,70,,9881,,,1,30,,9874,,,1,70,,9879,,,1,30,,9875,,,1,70,,5213,,,1,30,,9880,,,1,70,,9877,,,1
21000,'4',733,,9893,,,1,70,,9882,,,1,30,,9885,,,1,70,,9900,,,1,30,,9898,,,1,70,,9883,,,1,30,,9901,,,1,70,,9892,,,1,30,,9888,,,1,70,,9891,,,1,30,,9899,,,1,70,,9897,,,1,30,,9903,,,1,70,,9895,,,1,30,,9902,,,1,70,,9896,,,1,30,,9908,,,1,70,,9904,,,1,30,,9906,,,1,70,,9884,,,1,30,,9907,,,1,70,,9889,,,1,30,,9894,,,1,70,,9905,,,1,30,,9887,,,1,70,,9890,,,1,30,,9886,,,1
21000,'8',1903,,9911,,,1,30,,9914,,,1,70,,9917,,,1,30,,9909,,,1,70,,9915,,,1,30,,9910,,,1,70,,9913,,,1,30,,9916,,,1,70,,9912,,,1
