10400,'12',632,,5394,5,0,11 12,1,70,,8704,5,0,11 12,1,30,,8705,5,0,11 12,1,70,,8710,5,0,11 12,1,30,,8715,5,0,11 12,1,70,,8712,5,0,11 12,1,30,,8709,5,0,11 12,1,70,,8701,5,0,11 12,1,30,,8700,5,0,11 12,1,70,,8707,5,0,11 12,1,30,,8699,5,0,11 12,1,70,,8698,5,0,11 12,1,30,,8714,5,0,11 12,1,70,,8703,5,0,11 12,1,30,,8720,5,0,11 12,1,70,,8716,5,0,11 12,1,30,,8706,5,0,11 12,1,70,,8718,5,0,11 12,1,30,,8713,5,0,11 12,1,70,,8702,5,0,11 12,1,30,,8719,5,0,11 12,1,70,,8717,5,0,11 12,1,30,,8711,5,0,11 12,1,70,,8708,5,0,11 12,1,30,,8721,5,0,11 12,1
10400,'5',632,,8728,5,0,11 12,1,70,,8729,5,0,11 12,1,30,,8730,5,0,11 12,1,70,,8735,5,0,11 12,1,30,,8740,5,0,11 12,1,70,,8737,5,0,11 12,1,30,,8734,5,0,11 12,1,70,,8725,5,0,11 12,1,30,,8724,5,0,11 12,1,70,,8732,5,0,11 12,1,30,,8723,5,0,11 12,1,70,,8722,5,0,11 12,1,30,,8739,5,0,11 12,1,70,,8727,5,0,11 12,1,30,,8745,5,0,11 12,1,70,,8741,5,0,11 12,1,30,,8731,5,0,11 12,1,70,,8743,5,0,11 12,1,30,,8738,5,0,11 12,1,70,,8726,5,0,11 12,1,30,,8744,5,0,11 12,1,70,,8742,5,0,11 12,1,30,,8736,5,0,11 12,1,70,,8733,5,0,11 12,1,30,,8746,5,0,11 12,1
10400,'9',632,,5322,5,0,11 12,1,70,,8753,5,0,11 12,1,30,,8754,5,0,11 12,1,70,,8759,5,0,11 12,1,30,,8764,5,0,11 12,1,70,,8761,5,0,11 12,1,30,,8758,5,0,11 12,1,70,,8750,5,0,11 12,1,30,,8749,5,0,11 12,1,70,,8756,5,0,11 12,1,30,,8748,5,0,11 12,1,70,,8747,5,0,11 12,1,30,,8763,5,0,11 12,1,70,,8752,5,0,11 12,1,30,,8769,5,0,11 12,1,70,,8765,5,0,11 12,1,30,,8755,5,0,11 12,1,70,,8767,5,0,11 12,1,30,,8762,5,0,11 12,1,70,,8751,5,0,11 12,1,30,,8768,5,0,11 12,1,70,,8766,5,0,11 12,1,30,,8760,5,0,11 12,1,70,,8757,5,0,11 12,1,30,,8770,5,0,11 12,1
20301,'12',2402,,10812,6,,,1
20301,'5',2402,,10822,6,,,1
20301,'9',2402,,10856,6,,,1
20400,'12',1903,,10868,6,,,1,30,,10867,6,,,1,70,,10870,6,,,1,30,,10871,6,,,1,70,,10863,6,,,1,30,,10864,6,,,1,70,,10865,6,,,1,30,,10869,6,,,1,70,,10866,6,,,1,30,,10872,6,,,1
20400,'5',1903,,10878,6,,,1,30,,10877,6,,,1,70,,10880,6,,,1,30,,10881,6,,,1,70,,10873,6,,,1,30,,10874,6,,,1,70,,10875,6,,,1,30,,10879,6,,,1,70,,10876,6,,,1,30,,10882,6,,,1
20400,'7',733,,10904,6,,,1,70,,6840,6,,,1,30,,10905,6,,,1,70,,10885,6,,,1,30,,7137,6,,,1,70,,10892,6,,,1,30,,10900,6,,,1,70,,10901,6,,,1,30,,10908,6,,,1,70,,10899,6,,,1,30,,10886,6,,,1,70,,10893,6,,,1,30,,10883,6,,,1,70,,10894,6,,,1,30,,10906,6,,,1,70,,10907,6,,,1,30,,10897,6,,,1,70,,10890,6,,,1,30,,10887,6,,,1,70,,10903,6,,,1,30,,10884,6,,,1,70,,10895,6,,,1,30,,10888,6,,,1,70,,10889,6,,,1,30,,10891,6,,,1,70,,10896,6,,,1,30,,10898,6,,,1,70,,10902,6,,,1
20400,'9',1903,,10914,6,,,1,30,,10913,6,,,1,70,,10916,6,,,1,30,,10917,6,,,1,70,,10909,6,,,1,30,,10910,6,,,1,70,,10911,6,,,1,30,,10915,6,,,1,70,,10912,6,,,1,30,,10918,6,,,1
