10601,'12',600,,9166,12,,,1,100,,9177,12,,,1,30,,9172,12,,,1,70,,9178,12,,,1,30,,9175,12,,,1,70,,9162,12,,,1,100,,4862,12,,,1,100,,9164,12,,,1,100,,9163,12,,,1,100,,9173,12,,,1,100,,9179,12,,,1,30,,9180,12,,,1,70,,9170,12,,,1,30,,9174,12,,,1,70,,9167,12,,,1,30,,9169,12,,,1,70,,9168,12,,,1,30,,9165,12,,,1,70,,9176,12,,,1
10601,'5',600,,9185,12,,,1,100,,9197,12,,,1,30,,9192,12,,,1,70,,9198,12,,,1,30,,9195,12,,,1,70,,9181,12,,,1,100,,9186,12,,,1,100,,9183,12,,,1,100,,9182,12,,,1,100,,9193,12,,,1,100,,9199,12,,,1,30,,9200,12,,,1,70,,9190,12,,,1,30,,9194,12,,,1,70,,9187,12,,,1,30,,9189,12,,,1,70,,9188,12,,,1,30,,9184,12,,,1,70,,9196,12,,,1
10601,'9',600,,9205,12,,,1,100,,9216,12,,,1,30,,9211,12,,,1,70,,9217,12,,,1,30,,9214,12,,,1,70,,9201,12,,,1,100,,4816,12,,,1,100,,9203,12,,,1,100,,9202,12,,,1,100,,9212,12,,,1,100,,9218,12,,,1,30,,9219,12,,,1,70,,9209,12,,,1,30,,9213,12,,,1,70,,9206,12,,,1,30,,9208,12,,,1,70,,9207,12,,,1,30,,9204,12,,,1,70,,9215,12,,,1
11201,'12',715,,10065,2,,,1,100,,10054,2,,,1,100,,10047,2,,,1,100,,10052,2,,,1,100,,10049,2,,,1,100,,10053,2,,,1,100,,10063,2,,,1,100,,10050,2,,,1,100,,10062,2,,,1,100,,10058,2,,,1,100,,10059,2,,,1
11201,'5',715,,10087,2,,,1,100,,10075,2,,,1,100,,10074,2,,,1,100,,10084,2,,,1,100,,10068,2,,,1,100,,10073,2,,,1,100,,10086,2,,,1,100,,10071,2,,,1,100,,10085,2,,,1,100,,10081,2,,,1,100,,10082,2,,,1
11201,'9',715,,10100,2,,,1,100,,10090,2,,,1,100,,10105,2,,,1,100,,10095,2,,,1,100,,10091,2,,,1,100,,10096,2,,,1,100,,10107,2,,,1,100,,10092,2,,,1,100,,10106,2,,,1,100,,10102,2,,,1,100,,10103,2,,,1
20601,'12',1830,,11178,2,,,1,70,,11175,2,,,1,30,,11181,2,,,1,70,,11183,2,,,1,30,,11179,2,,,1,70,,11172,2,,,1,30,,11182,2,,,1,70,,11177,2,,,1,30,,5642,2,,,1,70,,11170,2,,,1
20601,'5',1830,,11195,2,,,1,70,,11192,2,,,1,30,,11188,2,,,1,70,,11203,2,,,1,30,,11197,2,,,1,70,,11186,2,,,1,30,,11202,2,,,1,70,,11194,2,,,1,30,,11200,2,,,1,70,,11184,2,,,1
20601,'7',700,,11205,2,,,1,30,,11220,2,,,1,70,,11236,2,,,1,30,,11246,2,,,1,70,,11208,2,,,1,30,,11238,2,,,1,70,,11207,2,,,1,30,,11210,2,,,1,70,,11219,2,,,1,30,,11227,2,,,1,70,,11242,2,,,1,30,,11214,2,,,1,70,,11232,2,,,1,30,,11245,2,,,1,70,,11252,2,,,1,30,,11228,2,,,1,70,,2642,2,,,1,30,,11215,2,,,1,70,,11244,2,,,1,30,,7830,2,,,1,70,,11247,2,,,1,30,,11216,2,,,1,70,,11230,2,,,1,30,,11209,2,,,1,70,,11250,2,,,1,30,,11231,2,,,1,70,,11204,2,,,1,30,,11243,2,,,1
20601,'9',1830,,11263,2,,,1,70,,11260,2,,,1,30,,11257,2,,,1,70,,11268,2,,,1,30,,11265,2,,,1,70,,11256,2,,,1,30,,11267,2,,,1,70,,11262,2,,,1,30,,5619,2,,,1,70,,11254,2,,,1
