11101,'14',624,,5112,11,,,1,30,,5103,11,,,1,70,,5114,11,,,1,30,,5119,11,,,1,70,,5107,11,,,1,30,,5102,11,,,1,70,,5110,11,,,1,30,,5118,11,,,1,70,,5120,11,,,1,30,,5108,11,,,1,70,,793,11,,,1,30,,5101,11,,,1,70,,5109,11,,,1,30,,5113,11,,,1,70,,5116,11,,,1,30,,5115,11,,,1,71,,5117,11,,,1,30,,5106,11,,,1,70,,5105,11,,,1,30,,5111,11,,,1,70,,5122,11,,,1,30,,453,11,,,1,70,,1216,11,,,1,30,,5121,11,,,1,70,,5104,11,,,1
11101,'18',624,,5136,11,,,1,30,,5126,11,,,1,70,,5138,11,,,1,30,,5144,11,,,1,70,,5130,11,,,1,30,,5124,11,,,1,70,,5133,11,,,1,30,,5143,11,,,1,70,,5145,11,,,1,30,,5131,11,,,1,70,,5140,11,,,1,30,,5123,11,,,1,70,,5132,11,,,1,30,,5137,11,,,1,70,,5141,11,,,1,30,,5139,11,,,1,71,,5142,11,,,1,30,,5129,11,,,1,70,,5128,11,,,1,30,,5135,11,,,1,70,,5147,11,,,1,30,,5125,11,,,1,70,,5134,11,,,1,30,,5146,11,,,1,70,,5127,11,,,1
11101,'20',624,,5158,11,,,1,30,,5149,11,,,1,70,,5160,11,,,1,30,,5167,11,,,1,70,,5150,11,,,1,30,,5148,11,,,1,70,,5155,11,,,1,30,,5165,11,,,1,70,,5168,11,,,1,30,,5157,11,,,1,70,,733,11,,,1,30,,5163,11,,,1,70,,5153,11,,,1,30,,5152,11,,,1,70,,5166,11,,,1,30,,510,11,,,1,71,,5164,11,,,1,30,,2557,11,,,1,70,,5161,11,,,1,30,,5151,11,,,1,70,,5154,11,,,1,30,,5156,11,,,1,70,,1864,11,,,1,30,,5162,11,,,1,70,,5159,11,,,1
11101,'8',624,,5181,11,,,1,30,,5170,11,,,1,70,,5184,11,,,1,30,,5192,11,,,1,70,,5171,11,,,1,30,,5169,11,,,1,70,,5176,11,,,1,30,,5190,11,,,1,70,,5193,11,,,1,30,,5179,11,,,1,70,,5188,11,,,1,30,,5187,11,,,1,70,,5174,11,,,1,30,,5173,11,,,1,70,,5191,11,,,1,30,,5178,11,,,1,71,,5189,11,,,1,30,,5183,11,,,1,70,,5185,11,,,1,30,,5172,11,,,1,70,,5175,11,,,1,30,,5177,11,,,1,70,,5180,11,,,1,30,,5186,11,,,1,70,,5182,11,,,1
21101,'11',724,,7590,11,,,1,30,,7598,11,,,1,70,,7592,11,,,1,30,,7591,11,,,1,70,,7577,11,,,1,30,,7597,11,,,1,70,,7594,11,,,1,30,,7600,11,,,1,70,,7578,11,,,1,30,,7589,11,,,1,70,,7595,11,,,1,30,,7581,11,,,1,70,,7593,11,,,1,30,,2377,11,,,1,70,,7596,11,,,1,30,,7601,11,,,1,70,,7576,11,,,1,30,,7582,11,,,1,70,,7588,11,,,1,30,,7586,11,,,1,70,,7587,11,,,1,30,,7583,11,,,1,70,,7579,11,,,1,30,,7580,11,,,1,70,,7599,11,,,1,30,,7584,11,,,1,70,,7585,11,,,1
21101,'14',1854,,7609,11,,,1,70,,7606,11,,,1,30,,7608,11,,,1,70,,596,11,,,1,30,,7603,11,,,1,70,,7604,11,,,1,30,,7602,11,,,1,70,,7605,11,,,1,30,,7607,11,,,1
21101,'18',1854,,7618,11,,,1,70,,7615,11,,,1,30,,7617,11,,,1,70,,7614,11,,,1,30,,7611,11,,,1,70,,7612,11,,,1,30,,7610,11,,,1,70,,7613,11,,,1,30,,7616,11,,,1
21101,'20',1854,,7623,11,,,1,70,,7624,11,,,1,30,,7626,11,,,1,70,,579,11,,,1,30,,7620,11,,,1,70,,7621,11,,,1,30,,7619,11,,,1,70,,7622,11,,,1,30,,7625,11,,,1
21101,'4',724,,7641,11,,,1,30,,7650,11,,,1,70,,7643,11,,,1,30,,7642,11,,,1,70,,7628,11,,,1,30,,7649,11,,,1,70,,7646,11,,,1,30,,7652,11,,,1,70,,7629,11,,,1,30,,7640,11,,,1,70,,7647,11,,,1,30,,7632,11,,,1,70,,7645,11,,,1,30,,7644,11,,,1,70,,7648,11,,,1,30,,7653,11,,,1,70,,7627,11,,,1,30,,7633,11,,,1,70,,7639,11,,,1,30,,7637,11,,,1,70,,7638,11,,,1,30,,7634,11,,,1,70,,7630,11,,,1,30,,7631,11,,,1,70,,7651,11,,,1,30,,7635,11,,,1,70,,7636,11,,,1
21101,'8',1854,,7659,11,,,1,70,,7660,11,,,1,30,,7662,11,,,1,70,,7658,11,,,1,30,,7655,11,,,1,70,,7656,11,,,1,30,,7654,11,,,1,70,,7657,11,,,1,30,,7661,11,,,1
