10301,'14',615,,5829,,,1,100,,2889,,,1,30,,5830,,,1,70,,5820,,,1,30,,5824,,,1,70,,5826,,,1,30,,5818,,,1,70,,5815,,,1,100,,5813,,,1,100,,5817,,,1,100,,5825,,,1,100,,5814,,,1,100,,5816,,,1,30,,5822,,,1,70,,5823,,,1,30,,3342,,,1,70,,5827,,,1,30,,5828,,,1,70,,5819,,,1,30,,5821,,,1
10301,'18',615,,5849,,,1,100,,5836,,,1,30,,5850,,,1,70,,5840,,,1,30,,5844,,,1,70,,5846,,,1,30,,5838,,,1,70,,5833,,,1,100,,5831,,,1,100,,5837,,,1,100,,5845,,,1,100,,5832,,,1,100,,5834,,,1,30,,5842,,,1,70,,5843,,,1,30,,5835,,,1,70,,5847,,,1,30,,5848,,,1,70,,5839,,,1,30,,5841,,,1
10301,'20',615,,5866,,,1,100,,2872,,,1,30,,5856,,,1,70,,5857,,,1,30,,5867,,,1,70,,5862,,,1,30,,5863,,,1,70,,5853,,,1,100,,5851,,,1,100,,5855,,,1,100,,5861,,,1,100,,5852,,,1,100,,5854,,,1,30,,5859,,,1,70,,5860,,,1,30,,3307,,,1,70,,5864,,,1,30,,5865,,,1,70,,3853,,,1,30,,5858,,,1
10301,'8',615,,5886,,,1,100,,5873,,,1,30,,5875,,,1,70,,5877,,,1,30,,5887,,,1,70,,5882,,,1,30,,5883,,,1,70,,5870,,,1,100,,5868,,,1,100,,5874,,,1,100,,5881,,,1,100,,5869,,,1,100,,5871,,,1,30,,5879,,,1,70,,5880,,,1,30,,5872,,,1,70,,5884,,,1,30,,5885,,,1,70,,5876,,,1,30,,5878,,,1
20301,'11',711,,8825,0,9 3 10,1,30,,8820,0,9 3 10,1,70,,8812,0,9 3 10,1,30,,8806,0,9 3 10,1,70,,8815,0,9 3 10,1,30,,8810,0,9 3 10,1,70,,8807,0,9 3 10,1,30,,8814,0,9 3 10,1,70,,8809,0,9 3 10,1,30,,8826,0,9 3 10,1,70,,8805,0,9 3 10,1,30,,5010,0,9 3 10,1,70,,8804,0,9 3 10,1,30,,8817,0,9 3 10,1,70,,8821,0,9 3 10,1,30,,8823,0,9 3 10,1,70,,8811,0,9 3 10,1,30,,8808,0,9 3 10,1,70,,8818,0,9 3 10,1,30,,8827,0,9 3 10,1,70,,2164,0,9 3 10,1,30,,8822,0,9 3 10,1,70,,4859,0,9 3 10,1,30,,8824,0,9 3 10,1,70,,8816,0,9 3 10,1,30,,8813,0,9 3 10,1,70,,8819,0,9 3 10,1,30,,8803,0,9 3 10,1
20301,'14',1911,,3667,0,9 3 10,1,30,,8831,0,9 3 10,1,70,,8834,0,9 3 10,1,30,,8836,0,9 3 10,1,70,,8829,0,9 3 10,1,30,,8828,0,9 3 10,1,70,,8833,0,9 3 10,1,30,,8832,0,9 3 10,1,70,,8835,0,9 3 10,1,30,,8830,0,9 3 10,1
20301,'18',1911,,8842,0,9 3 10,1,30,,8840,0,9 3 10,1,70,,8845,0,9 3 10,1,30,,8847,0,9 3 10,1,70,,8839,0,9 3 10,1,30,,8838,0,9 3 10,1,70,,8844,0,9 3 10,1,30,,8843,0,9 3 10,1,70,,8846,0,9 3 10,1,30,,8841,0,9 3 10,1
20301,'20',1911,,3656,0,9 3 10,1,30,,8851,0,9 3 10,1,70,,8854,0,9 3 10,1,30,,8856,0,9 3 10,1,70,,8849,0,9 3 10,1,30,,8848,0,9 3 10,1,70,,8853,0,9 3 10,1,30,,8852,0,9 3 10,1,70,,8855,0,9 3 10,1,30,,8850,0,9 3 10,1
20301,'4',711,,8882,0,9 3 10,1,30,,8877,0,9 3 10,1,70,,8869,0,9 3 10,1,30,,8860,0,9 3 10,1,70,,8872,0,9 3 10,1,30,,8865,0,9 3 10,1,70,,8861,0,9 3 10,1,30,,8871,0,9 3 10,1,70,,8864,0,9 3 10,1,30,,8883,0,9 3 10,1,70,,8859,0,9 3 10,1,30,,8867,0,9 3 10,1,70,,8858,0,9 3 10,1,30,,8874,0,9 3 10,1,70,,8878,0,9 3 10,1,30,,8880,0,9 3 10,1,70,,8866,0,9 3 10,1,30,,8863,0,9 3 10,1,70,,8875,0,9 3 10,1,30,,8884,0,9 3 10,1,70,,8862,0,9 3 10,1,30,,8879,0,9 3 10,1,70,,8868,0,9 3 10,1,30,,8881,0,9 3 10,1,70,,8873,0,9 3 10,1,30,,8870,0,9 3 10,1,70,,8876,0,9 3 10,1,30,,8857,0,9 3 10,1
20301,'8',1911,,8890,0,9 3 10,1,30,,8888,0,9 3 10,1,70,,8893,0,9 3 10,1,30,,8895,0,9 3 10,1,70,,8887,0,9 3 10,1,30,,8886,0,9 3 10,1,70,,8892,0,9 3 10,1,30,,8891,0,9 3 10,1,70,,8894,0,9 3 10,1,30,,8889,0,9 3 10,1
