10701,'12',616,,9289,3,,,1,100,,1806,3,,,1,30,,9318,3,,,1,70,,4112,3,,,1,30,,9293,3,,,1,70,,9283,3,,,1,100,,9275,3,,,1,100,,9281,3,,,1,100,,9325,3,,,1,100,,4296,3,,,1,100,,9294,3,,,1,30,,9277,3,,,1,70,,9314,3,,,1,30,,9313,3,,,1,70,,9319,3,,,1,30,,9304,3,,,1,70,,7622,3,,,1,30,,9306,3,,,1,70,,9303,3,,,1,100,,9297,3,,,1
10701,'5',616,,9346,3,,,1,100,,9328,3,,,1,30,,9378,3,,,1,70,,9327,3,,,1,30,,9350,3,,,1,70,,9339,3,,,1,100,,9331,3,,,1,100,,9337,3,,,1,100,,9385,3,,,1,100,,9371,3,,,1,100,,9351,3,,,1,30,,9333,3,,,1,70,,9374,3,,,1,30,,9373,3,,,1,70,,9379,3,,,1,30,,9361,3,,,1,70,,9370,3,,,1,30,,9363,3,,,1,70,,9360,3,,,1,100,,9354,3,,,1
10701,'9',616,,9403,3,,,1,100,,1845,3,,,1,30,,9432,3,,,1,70,,4079,3,,,1,30,,9407,3,,,1,70,,9396,3,,,1,100,,9389,3,,,1,100,,9395,3,,,1,100,,9439,3,,,1,100,,4179,3,,,1,100,,9408,3,,,1,30,,9391,3,,,1,70,,9428,3,,,1,30,,9427,3,,,1,70,,9433,3,,,1,30,,9418,3,,,1,70,,7605,3,,,1,30,,9420,3,,,1,70,,9417,3,,,1,100,,9411,3,,,1
10800,'12',716,,3575,3,,,1,30,,9449,3,,,1,70,,9460,3,,,1,30,,5158,3,,,1,70,,9466,3,,,1,30,,9469,3,,,1,100,,9448,3,,,1,100,,9455,3,,,1,100,,9456,3,,,1,100,,9458,3,,,1,100,,9464,3,,,1,70,,9462,3,,,1,30,,9441,3,,,1,70,,9442,3,,,1,30,,9444,3,,,1,70,,7107,3,,,1,30,,5692,3,,,1
10800,'5',716,,9481,3,,,1,30,,9483,3,,,1,70,,9474,3,,,1,30,,9493,3,,,1,70,,9471,3,,,1,30,,9503,3,,,1,100,,9482,3,,,1,100,,9488,3,,,1,100,,9489,3,,,1,100,,9494,3,,,1,100,,9500,3,,,1,70,,9498,3,,,1,30,,9472,3,,,1,70,,9473,3,,,1,30,,9476,3,,,1,70,,9490,3,,,1,30,,9496,3,,,1
10800,'9',716,,9514,3,,,1,30,,9516,3,,,1,70,,9508,3,,,1,30,,5112,3,,,1,70,,9505,3,,,1,30,,9534,3,,,1,100,,9515,3,,,1,100,,9521,3,,,1,100,,9522,3,,,1,100,,9526,3,,,1,100,,9531,3,,,1,70,,9529,3,,,1,30,,9506,3,,,1,70,,9507,3,,,1,30,,9510,3,,,1,70,,9523,3,,,1,30,,5669,3,,,1
11401,'12',648,,10375,24,,,1,100,,10374,24,,,1,100,,10369,24,,,1,100,,10370,24,,,1,100,,10373,24,,,1,100,,10365,24,,,1,100,,10367,24,,,1,100,,10372,24,,,1,100,,10366,24,,,1,100,,10368,24,,,1,100,,10371,24,,,1,100,,6417,24,,,1
11401,'5',648,,10387,24,,,1,100,,10386,24,,,1,100,,10381,24,,,1,100,,10382,24,,,1,100,,10385,24,,,1,100,,10377,24,,,1,100,,10379,24,,,1,100,,10384,24,,,1,100,,10378,24,,,1,100,,10380,24,,,1,100,,10383,24,,,1,100,,10376,24,,,1
11401,'9',648,,10398,24,,,1,100,,10397,24,,,1,100,,10392,24,,,1,100,,10393,24,,,1,100,,10396,24,,,1,100,,10388,24,,,1,100,,10390,24,,,1,100,,10395,24,,,1,100,,10389,24,,,1,100,,10391,24,,,1,100,,10394,24,,,1,100,,6400,24,,,1
21401,'12',1849,,11727,30,,,1,100,,11730,30,,,1,100,,11728,30,,,1,100,,11731,30,,,1,100,,11729,30,,,1
21401,'5',1849,,11736,30,,,1,100,,11734,30,,,1,100,,11733,30,,,1,100,,11732,30,,,1,100,,11735,30,,,1
21401,'7',749,,11739,30,,,1,100,,11741,30,,,1,100,,11744,30,,,1,100,,11742,30,,,1,100,,11749,30,,,1,100,,11746,30,,,1,100,,11748,30,,,1,100,,11738,30,,,1,100,,11740,30,,,1,100,,11743,30,,,1,100,,11745,30,,,1,100,,11747,30,,,1,100,,11737,30,,,1
21401,'9',1849,,11751,30,,,1,100,,5663,30,,,1,100,,11752,30,,,1,100,,11753,30,,,1,100,,11750,30,,,1
