10300,'14',639,,5756,,,1,100,,5753,,,1,70,,5750,,,1,30,,5758,,,1,70,,5752,,,1,30,,5755,,,1,70,,5745,,,1,30,,3538,,,1,100,,4209,,,1,100,,5743,,,1,100,,5744,,,1,100,,5751,,,1,100,,5757,,,1,70,,5747,,,1,30,,5746,,,1,70,,5754,,,1,30,,5748,,,1,70,,5749,,,1,30,,4137,,,1
10300,'18',639,,5775,,,1,100,,5772,,,1,70,,5768,,,1,30,,5777,,,1,70,,5771,,,1,30,,5774,,,1,70,,5761,,,1,30,,5769,,,1,100,,5765,,,1,100,,5759,,,1,100,,5760,,,1,100,,5770,,,1,100,,5776,,,1,70,,5763,,,1,30,,5762,,,1,70,,5773,,,1,30,,5764,,,1,70,,5766,,,1,30,,5767,,,1
10300,'20',639,,5791,,,1,100,,5788,,,1,70,,5781,,,1,30,,5793,,,1,70,,5785,,,1,30,,5790,,,1,70,,5786,,,1,30,,3489,,,1,100,,4177,,,1,100,,5778,,,1,100,,5779,,,1,100,,5787,,,1,100,,5792,,,1,70,,5782,,,1,30,,5780,,,1,70,,5789,,,1,30,,5783,,,1,70,,5784,,,1,30,,4126,,,1
10300,'8',639,,5810,,,1,100,,5807,,,1,70,,5797,,,1,30,,5812,,,1,70,,5803,,,1,30,,5809,,,1,70,,5805,,,1,30,,5804,,,1,100,,5800,,,1,100,,5794,,,1,100,,5795,,,1,100,,5806,,,1,100,,5811,,,1,70,,5798,,,1,30,,5796,,,1,70,,5808,,,1,30,,5799,,,1,70,,5801,,,1,30,,5802,,,1
20300,'11',742,,8736,,,1,70,,8726,,,1,30,,5142,,,1,70,,8727,,,1,30,,8737,,,1,70,,8731,,,1,30,,8741,,,1,70,,4446,,,1,30,,8739,,,1,70,,8734,,,1,30,,8728,,,1,70,,8723,,,1,30,,8732,,,1,70,,8722,,,1,30,,8738,,,1,70,,8735,,,1,30,,8721,,,1,70,,8720,,,1,30,,8718,,,1,70,,8733,,,1,30,,8725,,,1,70,,8724,,,1,30,,8729,,,1,70,,8730,,,1,30,,8740,,,1,70,,8719,,,1,30,,8717,,,1
20300,'14',1912,,8746,,,1,30,,8748,,,1,70,,8742,,,1,30,,8743,,,1,70,,5149,,,1,30,,8749,,,1,70,,8745,,,1,30,,8747,,,1,70,,8744,,,1
20300,'18',1912,,8754,,,1,30,,8757,,,1,70,,8750,,,1,30,,8751,,,1,70,,8755,,,1,30,,8758,,,1,70,,8753,,,1,30,,8756,,,1,70,,8752,,,1
20300,'20',1912,,8763,,,1,30,,8765,,,1,70,,8759,,,1,30,,8760,,,1,70,,5101,,,1,30,,8766,,,1,70,,8762,,,1,30,,8764,,,1,70,,8761,,,1
20300,'4',742,,8787,,,1,70,,8777,,,1,30,,8790,,,1,70,,8778,,,1,30,,8788,,,1,70,,8782,,,1,30,,8793,,,1,70,,8772,,,1,30,,8791,,,1,70,,8785,,,1,30,,8779,,,1,70,,8774,,,1,30,,8783,,,1,70,,8773,,,1,30,,8789,,,1,70,,8786,,,1,30,,8771,,,1,70,,8770,,,1,30,,8768,,,1,70,,8784,,,1,30,,8776,,,1,70,,8775,,,1,30,,8780,,,1,70,,8781,,,1,30,,8792,,,1,70,,8769,,,1,30,,8767,,,1
20300,'8',1912,,8798,,,1,30,,8801,,,1,70,,8794,,,1,30,,8795,,,1,70,,8799,,,1,30,,8802,,,1,70,,8797,,,1,30,,8800,,,1,70,,8796,,,1
