10601,'14',600,,6534,,,1,100,,6537,,,1,30,,6541,,,1,70,,6530,,,1,30,,6539,,,1,70,,6545,,,1,31,,6536,4,,1,69,,6542,,,1,100,,4218,,,1,100,,6531,,,1,100,,6543,,,1,100,,4898,,,1,30,,6533,,,1,70,,6544,,,1,30,,6532,,,1,70,,6540,,,1,30,,6529,,,1,70,,3539,,,1,30,,6538,,,1,70,,6535,,,1
10601,'18',600,,6552,,,1,100,,6556,,,1,30,,6561,,,1,70,,6547,,,1,30,,6559,,,1,70,,6565,,,1,31,,6555,4,,1,69,,6562,,,1,100,,6554,,,1,100,,6549,,,1,100,,6563,,,1,100,,6548,,,1,30,,6551,,,1,70,,6564,,,1,30,,6550,,,1,70,,6560,,,1,30,,6546,,,1,70,,6557,,,1,30,,6558,,,1,70,,6553,,,1
10601,'20',600,,6572,,,1,100,,6575,,,1,30,,6578,,,1,70,,6567,,,1,30,,6576,,,1,70,,6581,,,1,31,,6574,4,,1,69,,6579,,,1,100,,4186,,,1,100,,6569,,,1,100,,3937,,,1,100,,6568,,,1,30,,6571,,,1,70,,6580,,,1,30,,6570,,,1,70,,6577,,,1,30,,6566,,,1,70,,3490,,,1,30,,4842,,,1,70,,6573,,,1
10601,'8',600,,6588,,,1,100,,6592,,,1,30,,6597,,,1,70,,6583,,,1,30,,6595,,,1,70,,6601,,,1,31,,6591,4,,1,69,,6598,,,1,100,,6590,,,1,100,,6585,,,1,100,,6599,,,1,100,,6584,,,1,30,,6587,,,1,70,,6600,,,1,30,,6586,,,1,70,,6596,,,1,30,,6582,,,1,70,,6593,,,1,30,,6594,,,1,70,,6589,,,1
11201,'14',715,,7763,4,,1,100,,7772,4,,1,100,,7768,4,,1,100,,5277,4,,1,100,,7764,4,,1,100,,3824,4,,1,100,,7759,4,,1,100,,7770,4,,1,100,,7769,4,,1,100,,3522,4,,1,100,,7773,4,,1
11201,'18',715,,7784,4,,1,100,,7794,4,,1,100,,7790,4,,1,100,,7779,4,,1,100,,7785,4,,1,100,,7789,4,,1,100,,7778,4,,1,100,,7792,4,,1,100,,7791,4,,1,100,,7780,4,,1,100,,7795,4,,1
11201,'20',715,,7803,4,,1,100,,7811,4,,1,100,,7804,4,,1,100,,7812,4,,1,100,,7805,4,,1,100,,3802,4,,1,100,,7801,4,,1,100,,7809,4,,1,100,,7808,4,,1,100,,3473,4,,1,100,,7814,4,,1
11201,'8',715,,7824,4,,1,100,,7833,4,,1,100,,7825,4,,1,100,,7834,4,,1,100,,7826,4,,1,100,,7829,4,,1,100,,7821,4,,1,100,,7831,4,,1,100,,7830,4,,1,100,,7822,4,,1,100,,7836,4,,1
20601,'11',659,,9437,4,,1,41,,9465,,,1,29,,9431,4,,1,1,,9473,,,1,29,,9457,4,,1,41,,9469,,,1,29,,5119,4,,1,1,,9443,,,1,29,,9461,4,,1,41,,9451,,,1,29,,9449,4,,1,1,,9448,,,1,29,,9438,4,,1,41,,9468,,,1,29,,9434,4,,1,1,,9444,,,1,29,,9430,4,,1,41,,9442,,,1,29,,9462,4,,1,1,,9467,,,1,29,,9429,4,,1,41,,9476,,,1,29,,9475,4,,1,1,,9428,,,1,29,,9472,4,,1,41,,9474,,,1,29,,9458,4,,1,1,,9459,,,1,29,,9432,4,,1,41,,9446,,,1,29,,9466,4,,1,1,,5349,,,1,29,,9452,4,,1,41,,9454,,,1,29,,9477,4,,1,1,,9471,,,1,29,,9470,4,,1,41,,9440,,,1,29,,2244,4,,1,1,,9439,,,1,29,,9455,4,,1,41,,5053,,,1,29,,9460,4,,1,1,,9447,,,1,29,,9464,4,,1,41,,9453,,,1,29,,9463,4,,1,1,,9478,,,1,29,,9445,4,,1,41,,9435,,,1,29,,9433,4,,1,1,,9441,,,1,29,,5131,4,,1,41,,9456,,,1,29,,9436,4,,1,1,,9450,,,1
20601,'14',1829,,9495,4,,1,1,,9483,,,1,29,,3345,4,,1,41,,9493,,,1,29,,9485,4,,1,1,,9484,,,1,29,,9494,4,,1,41,,467,,,1,29,,9491,4,,1,1,,9487,,,1,29,,9490,4,,1,41,,9480,,,1,29,,9488,4,,1,1,,9492,,,1,29,,3190,4,,1,41,,9486,,,1,29,,9489,4,,1,1,,9481,,,1,29,,9482,4,,1,41,,9479,,,1
20601,'18',1829,,9515,4,,1,1,,9501,,,1,29,,9507,4,,1,41,,9513,,,1,29,,9503,4,,1,1,,9502,,,1,29,,9514,4,,1,41,,9506,,,1,29,,9511,4,,1,1,,9505,,,1,29,,9510,4,,1,41,,9497,,,1,29,,9508,4,,1,1,,9512,,,1,29,,9498,4,,1,41,,9504,,,1,29,,9509,4,,1,1,,9499,,,1,29,,9500,4,,1,41,,9496,,,1
20601,'20',1829,,9532,4,,1,1,,9520,,,1,29,,3310,4,,1,41,,9530,,,1,29,,9522,4,,1,1,,9521,,,1,29,,9531,4,,1,41,,429,,,1,29,,9528,4,,1,1,,9524,,,1,29,,9527,4,,1,41,,9517,,,1,29,,9525,4,,1,1,,9529,,,1,29,,3145,4,,1,41,,9523,,,1,29,,9526,4,,1,1,,9518,,,1,29,,9519,4,,1,41,,9516,,,1
20601,'4',659,,9542,4,,1,41,,9575,,,1,29,,9536,4,,1,1,,9583,,,1,29,,9564,4,,1,41,,9579,,,1,29,,9557,4,,1,1,,9548,,,1,29,,9569,4,,1,41,,9558,,,1,29,,9555,4,,1,1,,9554,,,1,29,,9543,4,,1,41,,9578,,,1,29,,9539,4,,1,1,,9549,,,1,29,,9535,4,,1,41,,9547,,,1,29,,9570,4,,1,1,,9577,,,1,29,,9534,4,,1,41,,9586,,,1,29,,9585,4,,1,1,,9533,,,1,29,,9582,4,,1,41,,9584,,,1,29,,9566,4,,1,1,,9567,,,1,29,,9537,4,,1,41,,9552,,,1,29,,9576,4,,1,1,,9565,,,1,29,,9559,4,,1,41,,9561,,,1,29,,9587,4,,1,1,,9581,,,1,29,,9580,4,,1,41,,9545,,,1,29,,9573,4,,1,1,,9544,,,1,29,,9562,4,,1,41,,9551,,,1,29,,9568,4,,1,1,,9553,,,1,29,,9574,4,,1,41,,9560,,,1,29,,9572,4,,1,1,,9588,,,1,29,,9550,4,,1,41,,9540,,,1,29,,9538,4,,1,1,,9546,,,1,29,,9571,4,,1,41,,9563,,,1,29,,9541,4,,1,1,,9556,,,1
20601,'8',1829,,9608,4,,1,1,,9594,,,1,29,,9600,4,,1,41,,9606,,,1,29,,9596,4,,1,1,,9595,,,1,29,,9607,4,,1,41,,9599,,,1,29,,9604,4,,1,1,,9598,,,1,29,,9603,4,,1,41,,9590,,,1,29,,9601,4,,1,1,,9605,,,1,29,,9591,4,,1,41,,9597,,,1,29,,9602,4,,1,1,,9592,,,1,29,,9593,4,,1,41,,9589,,,1
