11601,'14',610,,6042,7,0,9 3 10 16,1,30,,6019,7,0,9 3 10 16,1,70,,6021,7,0,9 3 10 16,1,30,,6051,7,0,9 3 10 16,1,70,,6043,7,0,9 3 10 16,1,30,,262,7,0,9 3 10 16,1,70,,6018,7,0,9 3 10 16,1,30,,6035,7,0,9 3 10 16,1,70,,6027,7,0,9 3 10 16,1,30,,6053,7,0,9 3 10 16,1,70,,6047,7,0,9 3 10 16,1,30,,6046,7,0,9 3 10 16,1,70,,6024,7,0,9 3 10 16,1,30,,6031,7,0,9 3 10 16,1,70,,6044,7,0,9 3 10 16,1,30,,1209,7,0,9 3 10 16,1,70,,6020,7,0,9 3 10 16,1,30,,6032,7,0,9 3 10 16,1,70,,6052,7,0,9 3 10 16,1,30,,6040,7,0,9 3 10 16,1,70,,6034,7,0,9 3 10 16,1,30,,6033,7,0,9 3 10 16,1,70,,6026,7,0,9 3 10 16,1,30,,6025,7,0,9 3 10 16,1
11601,'18',610,,6089,7,0,9 3 10 16,1,30,,6062,7,0,9 3 10 16,1,70,,6064,7,0,9 3 10 16,1,30,,6099,7,0,9 3 10 16,1,70,,6090,7,0,9 3 10 16,1,30,,6092,7,0,9 3 10 16,1,70,,6061,7,0,9 3 10 16,1,30,,6081,7,0,9 3 10 16,1,70,,6071,7,0,9 3 10 16,1,30,,6101,7,0,9 3 10 16,1,70,,6095,7,0,9 3 10 16,1,30,,6094,7,0,9 3 10 16,1,70,,6068,7,0,9 3 10 16,1,30,,6076,7,0,9 3 10 16,1,70,,6091,7,0,9 3 10 16,1,30,,6067,7,0,9 3 10 16,1,70,,6063,7,0,9 3 10 16,1,30,,6077,7,0,9 3 10 16,1,70,,6100,7,0,9 3 10 16,1,30,,6087,7,0,9 3 10 16,1,70,,6080,7,0,9 3 10 16,1,30,,6078,7,0,9 3 10 16,1,70,,6070,7,0,9 3 10 16,1,30,,6069,7,0,9 3 10 16,1
11601,'20',610,,6132,7,0,9 3 10 16,1,30,,6109,7,0,9 3 10 16,1,70,,6111,7,0,9 3 10 16,1,30,,6141,7,0,9 3 10 16,1,70,,6133,7,0,9 3 10 16,1,30,,242,7,0,9 3 10 16,1,70,,6108,7,0,9 3 10 16,1,30,,6124,7,0,9 3 10 16,1,70,,6118,7,0,9 3 10 16,1,30,,6143,7,0,9 3 10 16,1,70,,6137,7,0,9 3 10 16,1,30,,6136,7,0,9 3 10 16,1,70,,6115,7,0,9 3 10 16,1,30,,6121,7,0,9 3 10 16,1,70,,6134,7,0,9 3 10 16,1,30,,6114,7,0,9 3 10 16,1,70,,6110,7,0,9 3 10 16,1,30,,1189,7,0,9 3 10 16,1,70,,6142,7,0,9 3 10 16,1,30,,6130,7,0,9 3 10 16,1,70,,6123,7,0,9 3 10 16,1,30,,6122,7,0,9 3 10 16,1,70,,6117,7,0,9 3 10 16,1,30,,6116,7,0,9 3 10 16,1
11601,'8',610,,6179,7,0,9 3 10 16,1,30,,6152,7,0,9 3 10 16,1,70,,6154,7,0,9 3 10 16,1,30,,6189,7,0,9 3 10 16,1,70,,6180,7,0,9 3 10 16,1,30,,6182,7,0,9 3 10 16,1,70,,6151,7,0,9 3 10 16,1,30,,6171,7,0,9 3 10 16,1,70,,6161,7,0,9 3 10 16,1,30,,6191,7,0,9 3 10 16,1,70,,6185,7,0,9 3 10 16,1,30,,6184,7,0,9 3 10 16,1,70,,6158,7,0,9 3 10 16,1,30,,6166,7,0,9 3 10 16,1,70,,6181,7,0,9 3 10 16,1,30,,6157,7,0,9 3 10 16,1,70,,6153,7,0,9 3 10 16,1,30,,6167,7,0,9 3 10 16,1,70,,6190,7,0,9 3 10 16,1,30,,6177,7,0,9 3 10 16,1,70,,6170,7,0,9 3 10 16,1,30,,6168,7,0,9 3 10 16,1,70,,6160,7,0,9 3 10 16,1,30,,6159,7,0,9 3 10 16,1
21601,'11',640,,8171,7,0,9 3 10 16,1,70,,8153,7,0,9 3 10 16,1,30,,8160,7,0,9 3 10 16,1,70,,8148,7,0,9 3 10 16,1,30,,8155,7,0,9 3 10 16,1,70,,8173,7,0,9 3 10 16,1,30,,8147,7,0,9 3 10 16,1,70,,8150,7,0,9 3 10 16,1,30,,8125,7,0,9 3 10 16,1,70,,8169,7,0,9 3 10 16,1,30,,8143,7,0,9 3 10 16,1,70,,8158,7,0,9 3 10 16,1,30,,8165,7,0,9 3 10 16,1,70,,8178,7,0,9 3 10 16,1,30,,8170,7,0,9 3 10 16,1,70,,8167,7,0,9 3 10 16,1,30,,8137,7,0,9 3 10 16,1,70,,8152,7,0,9 3 10 16,1,30,,8133,7,0,9 3 10 16,1,70,,8142,7,0,9 3 10 16,1,30,,8151,7,0,9 3 10 16,1,70,,8132,7,0,9 3 10 16,1,30,,8177,7,0,9 3 10 16,1,70,,8145,7,0,9 3 10 16,1,30,,8179,7,0,9 3 10 16,1,70,,2575,7,0,9 3 10 16,1,30,,8130,7,0,9 3 10 16,1,70,,8140,7,0,9 3 10 16,1,30,,8164,7,0,9 3 10 16,1
21601,'14',1810,,8184,7,0,9 3 10 16,1,30,,8196,7,0,9 3 10 16,1,70,,8189,7,0,9 3 10 16,1,30,,8186,7,0,9 3 10 16,1,70,,1655,7,0,9 3 10 16,1,30,,8187,7,0,9 3 10 16,1,70,,8198,7,0,9 3 10 16,1,30,,8192,7,0,9 3 10 16,1,70,,8194,7,0,9 3 10 16,1,30,,8181,7,0,9 3 10 16,1,70,,8195,7,0,9 3 10 16,1
21601,'18',1810,,8205,7,0,9 3 10 16,1,30,,8218,7,0,9 3 10 16,1,70,,8210,7,0,9 3 10 16,1,30,,8207,7,0,9 3 10 16,1,70,,8215,7,0,9 3 10 16,1,30,,8208,7,0,9 3 10 16,1,70,,8220,7,0,9 3 10 16,1,30,,8213,7,0,9 3 10 16,1,70,,8216,7,0,9 3 10 16,1,30,,8202,7,0,9 3 10 16,1,70,,8217,7,0,9 3 10 16,1
21601,'20',1810,,8226,7,0,9 3 10 16,1,30,,8238,7,0,9 3 10 16,1,70,,8231,7,0,9 3 10 16,1,30,,8228,7,0,9 3 10 16,1,70,,1609,7,0,9 3 10 16,1,30,,8229,7,0,9 3 10 16,1,70,,8240,7,0,9 3 10 16,1,30,,8234,7,0,9 3 10 16,1,70,,8236,7,0,9 3 10 16,1,30,,8223,7,0,9 3 10 16,1,70,,8237,7,0,9 3 10 16,1
21601,'4',640,,8291,7,0,9 3 10 16,1,70,,8273,7,0,9 3 10 16,1,30,,8280,7,0,9 3 10 16,1,70,,8267,7,0,9 3 10 16,1,30,,8275,7,0,9 3 10 16,1,70,,8293,7,0,9 3 10 16,1,30,,8266,7,0,9 3 10 16,1,70,,8270,7,0,9 3 10 16,1,30,,8244,7,0,9 3 10 16,1,70,,8289,7,0,9 3 10 16,1,30,,8262,7,0,9 3 10 16,1,70,,8278,7,0,9 3 10 16,1,30,,8285,7,0,9 3 10 16,1,70,,8298,7,0,9 3 10 16,1,30,,8290,7,0,9 3 10 16,1,70,,8287,7,0,9 3 10 16,1,30,,8256,7,0,9 3 10 16,1,70,,8272,7,0,9 3 10 16,1,30,,8252,7,0,9 3 10 16,1,70,,8261,7,0,9 3 10 16,1,30,,8271,7,0,9 3 10 16,1,70,,8251,7,0,9 3 10 16,1,30,,8297,7,0,9 3 10 16,1,70,,8264,7,0,9 3 10 16,1,30,,8299,7,0,9 3 10 16,1,70,,8268,7,0,9 3 10 16,1,30,,8249,7,0,9 3 10 16,1,70,,8259,7,0,9 3 10 16,1,30,,8284,7,0,9 3 10 16,1
21601,'8',1810,,8305,7,0,9 3 10 16,1,30,,8318,7,0,9 3 10 16,1,70,,8310,7,0,9 3 10 16,1,30,,8307,7,0,9 3 10 16,1,70,,8315,7,0,9 3 10 16,1,30,,8308,7,0,9 3 10 16,1,70,,8320,7,0,9 3 10 16,1,30,,8313,7,0,9 3 10 16,1,70,,8316,7,0,9 3 10 16,1,30,,8302,7,0,9 3 10 16,1,70,,8317,7,0,9 3 10 16,1
