10401,'14',626,,3472,15,,,1,30,,886,15,,,1,70,,3499,15,,,1,30,,1115,15,,,1,70,,3466,15,,,1,30,,3490,15,,,1,70,,3484,15,,,1,30,,3485,15,,,1,70,,481,15,,,1,30,,3473,15,,,1,70,,3477,15,,,1,30,,1282,15,,,1,70,,3486,15,,,1,30,,3464,15,,,1,70,,3479,15,,,1,30,,3483,15,,,1,70,,3492,15,,,1,30,,3497,15,,,1,70,,3478,15,,,1,30,,3489,15,,,1,70,,3471,15,,,1,30,,3491,15,,,1,70,,3496,15,,,1,30,,3462,15,,,1,70,,3469,15,,,1
10401,'18',626,,3518,15,,,1,30,,3509,15,,,1,70,,3549,15,,,1,30,,3538,15,,,1,70,,3510,15,,,1,30,,3540,15,,,1,70,,3532,15,,,1,30,,3533,15,,,1,70,,3535,15,,,1,30,,3519,15,,,1,70,,3523,15,,,1,30,,3528,15,,,1,70,,3534,15,,,1,30,,3507,15,,,1,70,,3525,15,,,1,30,,3531,15,,,1,70,,3542,15,,,1,30,,3547,15,,,1,70,,3524,15,,,1,30,,3539,15,,,1,70,,3517,15,,,1,30,,3541,15,,,1,70,,3546,15,,,1,30,,3505,15,,,1,70,,3515,15,,,1
10401,'20',626,,3565,15,,,1,30,,867,15,,,1,70,,3592,15,,,1,30,,1090,15,,,1,70,,3559,15,,,1,30,,3583,15,,,1,70,,3577,15,,,1,30,,3578,15,,,1,70,,443,15,,,1,30,,3566,15,,,1,70,,3570,15,,,1,30,,1261,15,,,1,70,,3579,15,,,1,30,,3557,15,,,1,70,,3572,15,,,1,30,,3576,15,,,1,70,,3585,15,,,1,30,,3590,15,,,1,70,,3571,15,,,1,30,,3582,15,,,1,70,,3564,15,,,1,30,,3584,15,,,1,70,,3589,15,,,1,30,,3555,15,,,1,70,,3562,15,,,1
10401,'8',626,,3611,15,,,1,30,,3602,15,,,1,70,,3642,15,,,1,30,,3631,15,,,1,70,,3603,15,,,1,30,,3633,15,,,1,70,,3625,15,,,1,30,,3626,15,,,1,70,,3628,15,,,1,30,,3612,15,,,1,70,,3616,15,,,1,30,,3621,15,,,1,70,,3627,15,,,1,30,,3600,15,,,1,70,,3618,15,,,1,30,,3624,15,,,1,70,,3635,15,,,1,30,,3640,15,,,1,70,,3617,15,,,1,30,,3632,15,,,1,70,,3610,15,,,1,30,,3634,15,,,1,70,,3639,15,,,1,30,,3598,15,,,1,70,,3608,15,,,1
20401,'11',725,,6480,15,,,1,30,,6470,15,,,1,70,,6512,15,,,1,30,,6514,15,,,1,70,,6496,15,,,1,30,,6508,15,,,1,70,,6464,15,,,1,30,,6492,15,,,1,70,,6472,15,,,1,30,,6468,15,,,1,70,,6477,15,,,1,30,,6497,15,,,1,70,,6515,15,,,1,30,,6489,15,,,1,70,,6502,15,,,1,30,,6479,15,,,1,70,,6516,15,,,1,30,,6506,15,,,1,70,,6485,15,,,1,30,,6501,15,,,1,70,,6503,15,,,1,30,,6493,15,,,1,70,,6500,15,,,1,30,,6478,15,,,1,70,,6487,15,,,1,30,,6471,15,,,1,70,,6469,15,,,1,30,,6463,15,,,1
20401,'14',1855,,6523,15,,,1,70,,6526,15,,,1,30,,6531,15,,,1,70,,6518,15,,,1,30,,767,15,,,1,70,,6528,15,,,1,30,,455,15,,,1,70,,6520,15,,,1,30,,6522,15,,,1,70,,6530,15,,,1
20401,'18',1855,,6543,15,,,1,70,,6546,15,,,1,30,,6551,15,,,1,70,,6537,15,,,1,30,,6540,15,,,1,70,,6548,15,,,1,30,,6534,15,,,1,70,,6539,15,,,1,30,,6542,15,,,1,70,,6550,15,,,1
20401,'20',1855,,6559,15,,,1,70,,6562,15,,,1,30,,6567,15,,,1,70,,6555,15,,,1,30,,707,15,,,1,70,,6564,15,,,1,30,,417,15,,,1,70,,813,15,,,1,30,,6558,15,,,1,70,,6566,15,,,1
20401,'4',725,,6588,15,,,1,30,,6578,15,,,1,70,,6621,15,,,1,30,,6623,15,,,1,70,,6604,15,,,1,30,,6617,15,,,1,70,,6572,15,,,1,30,,6600,15,,,1,70,,6580,15,,,1,30,,6576,15,,,1,70,,6585,15,,,1,30,,6605,15,,,1,70,,6624,15,,,1,30,,6597,15,,,1,70,,6611,15,,,1,30,,6587,15,,,1,70,,6625,15,,,1,30,,6615,15,,,1,70,,6593,15,,,1,30,,6610,15,,,1,70,,6612,15,,,1,30,,6601,15,,,1,70,,6609,15,,,1,30,,6586,15,,,1,70,,6595,15,,,1,30,,6579,15,,,1,70,,6577,15,,,1,30,,6571,15,,,1
20401,'8',1855,,6635,15,,,1,70,,6638,15,,,1,30,,6643,15,,,1,70,,6629,15,,,1,30,,6632,15,,,1,70,,6640,15,,,1,30,,6626,15,,,1,70,,6631,15,,,1,30,,6634,15,,,1,70,,6642,15,,,1
