10401,'12',639,,8793,3,,,1,70,,8779,3,,,1,30,,8812,3,,,1,70,,8772,3,,,1,30,,5214,3,,,1,70,,6140,3,,,1,30,,8775,3,,,1,70,,3572,3,,,1,30,,8780,3,,,1,70,,5788,3,,,1,30,,8797,3,,,1,70,,8804,3,,,1,30,,8803,3,,,1,70,,8796,3,,,1,30,,8813,3,,,1,70,,8773,3,,,1,30,,8790,3,,,1,70,,8810,3,,,1,30,,8798,3,,,1,70,,8807,3,,,1,30,,8776,3,,,1,70,,8030,3,,,1,30,,8785,3,,,1,70,,8795,3,,,1,30,,8800,3,,,1
10401,'5',639,,8836,3,,,1,70,,8822,3,,,1,30,,8860,3,,,1,70,,8815,3,,,1,30,,8844,3,,,1,70,,8863,3,,,1,30,,8818,3,,,1,70,,8839,3,,,1,30,,8823,3,,,1,70,,8848,3,,,1,30,,8841,3,,,1,70,,8852,3,,,1,30,,8851,3,,,1,70,,8840,3,,,1,30,,8861,3,,,1,70,,8816,3,,,1,30,,8833,3,,,1,70,,8858,3,,,1,30,,8842,3,,,1,70,,8855,3,,,1,30,,8819,3,,,1,70,,8846,3,,,1,30,,8828,3,,,1,70,,8838,3,,,1,30,,8845,3,,,1
10401,'9',639,,8886,3,,,1,70,,8872,3,,,1,30,,8906,3,,,1,70,,8865,3,,,1,30,,8893,3,,,1,70,,6050,3,,,1,30,,8868,3,,,1,70,,3479,3,,,1,30,,8873,3,,,1,70,,5723,3,,,1,30,,8890,3,,,1,70,,8898,3,,,1,30,,8897,3,,,1,70,,8889,3,,,1,30,,8907,3,,,1,70,,8866,3,,,1,30,,8883,3,,,1,70,,8904,3,,,1,30,,8891,3,,,1,70,,8901,3,,,1,30,,8869,3,,,1,70,,7982,3,,,1,30,,8878,3,,,1,70,,8888,3,,,1,30,,8894,3,,,1
20301,'12',2407,,10812,16,,,1
20301,'5',2407,,10822,16,,,1
20301,'9',2407,,10856,16,,,1
20401,'12',1910,,10925,3,,,1,30,,10931,3,,,1,70,,10935,3,,,1,30,,10932,3,,,1,70,,10927,3,,,1,30,,10923,3,,,1,70,,10934,3,,,1,30,,10922,3,,,1,70,,10924,3,,,1,30,,10930,3,,,1
20401,'5',1910,,10943,3,,,1,30,,10949,3,,,1,70,,10955,3,,,1,30,,10950,3,,,1,70,,10945,3,,,1,30,,10941,3,,,1,70,,10952,3,,,1,30,,10940,3,,,1,70,,10942,3,,,1,30,,10948,3,,,1
20401,'7',740,,11002,3,,,1,70,,10997,3,,,1,30,,10964,3,,,1,70,,10963,3,,,1,30,,10976,3,,,1,70,,10989,3,,,1,30,,10972,3,,,1,70,,10971,3,,,1,30,,10961,3,,,1,70,,6914,3,,,1,30,,6735,3,,,1,70,,10985,3,,,1,30,,11003,3,,,1,70,,10991,3,,,1,30,,10968,3,,,1,70,,10957,3,,,1,30,,10983,3,,,1,70,,10967,3,,,1,30,,10959,3,,,1,70,,10990,3,,,1,30,,10975,3,,,1,70,,10981,3,,,1,30,,10978,3,,,1,70,,10987,3,,,1,30,,11001,3,,,1,70,,10980,3,,,1,30,,10973,3,,,1,70,,10988,3,,,1
20401,'9',1910,,11013,3,,,1,30,,11019,3,,,1,70,,11024,3,,,1,30,,11020,3,,,1,70,,11015,3,,,1,30,,11011,3,,,1,70,,11022,3,,,1,30,,11010,3,,,1,70,,11012,3,,,1,30,,11018,3,,,1
