10600,'14',650,,3956,18,,,1,100,,3951,18,,,1,70,,850,18,,,1,30,,3952,18,,,1,70,,3955,18,,,1,30,,3945,18,,,1,100,,3954,18,,,1,100,,3953,18,,,1,100,,3944,18,,,1,100,,3949,18,,,1,100,,3948,18,,,1,70,,3943,18,,,1,30,,3946,18,,,1,70,,3942,18,,,1,33,,1074,18,,,1,67,,3950,18,,,1,32,,3947,18,,,1
10600,'18',650,,3973,18,,,1,100,,3967,18,,,1,70,,3963,18,,,1,30,,3968,18,,,1,70,,3971,18,,,1,30,,3960,18,,,1,100,,3970,18,,,1,100,,3969,18,,,1,100,,3959,18,,,1,100,,3965,18,,,1,100,,3964,18,,,1,70,,3958,18,,,1,30,,3961,18,,,1,70,,3957,18,,,1,33,,3972,18,,,1,67,,3966,18,,,1,32,,3962,18,,,1
10600,'20',650,,3988,18,,,1,100,,3983,18,,,1,70,,820,18,,,1,30,,3984,18,,,1,70,,3987,18,,,1,30,,3977,18,,,1,100,,3986,18,,,1,100,,3985,18,,,1,100,,3976,18,,,1,100,,3981,18,,,1,100,,3980,18,,,1,70,,3975,18,,,1,30,,3978,18,,,1,70,,3974,18,,,1,33,,1049,18,,,1,67,,3982,18,,,1,32,,3979,18,,,1
10600,'8',650,,4005,18,,,1,100,,3999,18,,,1,70,,3995,18,,,1,30,,4000,18,,,1,70,,4003,18,,,1,30,,3992,18,,,1,100,,4002,18,,,1,100,,4001,18,,,1,100,,3991,18,,,1,100,,3997,18,,,1,100,,3996,18,,,1,70,,3990,18,,,1,30,,3993,18,,,1,70,,3989,18,,,1,33,,4004,18,,,1,67,,3998,18,,,1,32,,3994,18,,,1
11200,'14',702,,5200,25,,,1,100,,5196,25,,,1,100,,179,25,,,1,100,,5194,25,,,1,100,,1448,25,,,1,100,,5198,25,,,1,100,,2335,25,,,1,100,,5201,25,,,1,102,,5197,25,,,1,98,,5199,25,,,1,100,,5195,25,,,1
11200,'18',702,,5211,25,,,1,100,,5204,25,,,1,100,,5209,25,,,1,100,,5202,25,,,1,100,,5207,25,,,1,100,,5208,25,,,1,100,,5205,25,,,1,100,,5212,25,,,1,102,,5206,25,,,1,98,,5210,25,,,1,100,,5203,25,,,1
11200,'20',702,,5215,25,,,1,100,,5218,25,,,1,100,,5221,25,,,1,100,,5214,25,,,1,100,,1411,25,,,1,100,,5217,25,,,1,100,,2259,25,,,1,100,,5220,25,,,1,102,,5216,25,,,1,98,,5219,25,,,1,100,,5213,25,,,1
11200,'8',702,,5225,25,,,1,100,,5229,25,,,1,100,,5232,25,,,1,100,,5224,25,,,1,100,,5227,25,,,1,100,,5228,25,,,1,100,,5223,25,,,1,100,,5231,25,,,1,102,,5226,25,,,1,98,,5230,25,,,1,100,,5222,25,,,1
20600,'11',748,,6836,23,,,1,70,,6823,23,,,1,30,,6840,23,,,1,70,,6839,23,,,1,30,,6820,23,,,1,70,,6821,23,,,1,30,,6835,23,,,1,71,,6816,23,,,1,29,,6830,23,,,1,70,,6818,23,,,1,30,,6815,23,,,1,70,,6826,23,,,1,30,,6831,23,,,1,71,,6838,23,,,1,29,,6827,23,,,1,70,,6833,23,,,1,30,,6817,23,,,1,70,,6819,23,,,1,30,,6832,23,,,1,70,,6828,23,,,1,30,,6824,23,,,1,70,,6837,23,,,1,31,,6822,23,,,1,70,,6834,23,,,1,30,,6829,23,,,1,70,,6825,23,,,1
20600,'14',1819,,6841,23,,,1,29,,6848,23,,,1,71,,6846,23,,,1,31,,6842,23,,,1,70,,6849,23,,,1,30,,6844,23,,,1,69,,6847,23,,,1,30,,477,23,,,1,70,,6845,23,,,1,30,,6843,23,,,1
20600,'18',1819,,6850,23,,,1,29,,6858,23,,,1,71,,6856,23,,,1,31,,6851,23,,,1,70,,6859,23,,,1,30,,6853,23,,,1,69,,6857,23,,,1,30,,6855,23,,,1,70,,6854,23,,,1,30,,6852,23,,,1
20600,'20',1819,,6860,23,,,1,29,,6867,23,,,1,71,,6865,23,,,1,31,,6861,23,,,1,70,,6868,23,,,1,30,,6863,23,,,1,69,,6866,23,,,1,30,,439,23,,,1,70,,6864,23,,,1,30,,6862,23,,,1
20600,'4',748,,6890,23,,,1,70,,6877,23,,,1,30,,6894,23,,,1,70,,6893,23,,,1,30,,6874,23,,,1,70,,6875,23,,,1,30,,6889,23,,,1,71,,6870,23,,,1,29,,6884,23,,,1,70,,6872,23,,,1,30,,6869,23,,,1,70,,6880,23,,,1,30,,6885,23,,,1,71,,6892,23,,,1,29,,6881,23,,,1,70,,6887,23,,,1,30,,6871,23,,,1,70,,6873,23,,,1,30,,6886,23,,,1,70,,6882,23,,,1,30,,6878,23,,,1,70,,6891,23,,,1,31,,6876,23,,,1,70,,6888,23,,,1,30,,6883,23,,,1,70,,6879,23,,,1
20600,'8',1819,,6895,23,,,1,29,,6903,23,,,1,71,,6901,23,,,1,31,,6896,23,,,1,70,,6904,23,,,1,30,,6898,23,,,1,69,,6902,23,,,1,30,,6900,23,,,1,70,,6899,23,,,1,30,,6897,23,,,1
