11301,'14',654,,5474,19,,,1,100,,2215,19,,,1,100,,5477,19,,,1,100,,5490,19,,,1,100,,5482,19,,,1,100,,5459,19,,,1,100,,5461,19,,,1,100,,5464,19,,,1,100,,5479,19,,,1,100,,5483,19,,,1,100,,5463,19,,,1,100,,5484,19,,,1,100,,5466,19,,,1
11301,'18',654,,5513,19,,,1,100,,5502,19,,,1,100,,5516,19,,,1,100,,5531,19,,,1,100,,5522,19,,,1,100,,5496,19,,,1,100,,5498,19,,,1,100,,5501,19,,,1,100,,5518,19,,,1,100,,5523,19,,,1,100,,5500,19,,,1,100,,5525,19,,,1,100,,5504,19,,,1
11301,'20',654,,5545,19,,,1,100,,2139,19,,,1,100,,5548,19,,,1,100,,5566,19,,,1,100,,5552,19,,,1,100,,5537,19,,,1,100,,5568,19,,,1,100,,5540,19,,,1,100,,5556,19,,,1,100,,5564,19,,,1,100,,5571,19,,,1,100,,5567,19,,,1,100,,5542,19,,,1
11301,'8',654,,5585,19,,,1,100,,5579,19,,,1,100,,5588,19,,,1,100,,5607,19,,,1,100,,5592,19,,,1,100,,5575,19,,,1,100,,5609,19,,,1,100,,5578,19,,,1,100,,5597,19,,,1,100,,5605,19,,,1,100,,5612,19,,,1,100,,5608,19,,,1,100,,5581,19,,,1
21301,'11',754,,7709,19,,,1,100,,7712,19,,,1,100,,7732,19,,,1,100,,7726,19,,,1,100,,7710,19,,,1,100,,7734,19,,,1,100,,7738,19,,,1,100,,7720,19,,,1,100,,7725,19,,,1,100,,7730,19,,,1,100,,7705,19,,,1,100,,7711,19,,,1,100,,7706,19,,,1
21301,'14',1954,,7743,19,,,1,100,,7747,19,,,1,100,,7750,19,,,1,100,,7749,19,,,1
21301,'18',1954,,7753,19,,,1,100,,7757,19,,,1,100,,7761,19,,,1,100,,7760,19,,,1
21301,'20',1954,,7764,19,,,1,100,,7768,19,,,1,100,,7771,19,,,1,100,,7770,19,,,1
21301,'4',754,,7779,19,,,1,100,,7782,19,,,1,100,,7803,19,,,1,100,,7797,19,,,1,100,,7780,19,,,1,100,,7805,19,,,1,100,,7809,19,,,1,100,,7790,19,,,1,100,,7796,19,,,1,100,,7801,19,,,1,100,,7775,19,,,1,100,,7781,19,,,1,100,,7776,19,,,1
21301,'8',1954,,7814,19,,,1,100,,7818,19,,,1,100,,7822,19,,,1,100,,7821,19,,,1
