10600,'10',645,,12513,15,,,1,100,,12520,15,,,1,70,,12515,15,,,1,30,,9816,15,,,1,70,,12522,15,,,1,30,,12508,15,,,1,100,,12519,15,,,1,100,,12521,15,,,1,100,,12509,15,,,1,100,,12511,15,,,1,100,,12516,15,,,1,70,,12517,15,,,1,30,,12510,15,,,1,70,,12518,15,,,1,32,,12514,15,,,1,68,,12507,15,,,1,32,,12512,15,,,1
10600,'13',645,,12529,15,,,1,100,,12536,15,,,1,70,,12531,15,,,1,30,,9770,15,,,1,70,,12538,15,,,1,30,,12524,15,,,1,100,,12535,15,,,1,100,,12537,15,,,1,100,,12525,15,,,1,100,,12527,15,,,1,100,,12532,15,,,1,70,,12533,15,,,1,30,,12526,15,,,1,70,,12534,15,,,1,32,,12530,15,,,1,68,,12523,15,,,1,32,,12528,15,,,1
10601,'10',609,,12554,21,,,1,100,,12543,21,,,1,30,,12549,21,,,1,70,,12557,21,,,1,30,,12541,21,,,1,70,,12555,21,,,1,100,,12546,21,,,1,100,,12544,21,,,1,100,,12552,21,,,1,100,,12553,21,,,1,100,,12539,21,,,1,30,,12556,21,,,1,70,,12548,21,,,1,30,,12558,21,,,1,70,,12540,21,,,1,30,,12547,21,,,1,70,,12551,21,,,1,30,,12545,21,,,1,70,,12550,21,,,1
10601,'13',609,,12574,21,,,1,100,,12563,21,,,1,30,,12569,21,,,1,70,,12577,21,,,1,30,,12561,21,,,1,70,,12575,21,,,1,100,,12566,21,,,1,100,,12564,21,,,1,100,,12572,21,,,1,100,,12573,21,,,1,100,,12559,21,,,1,30,,12576,21,,,1,70,,12568,21,,,1,30,,12578,21,,,1,70,,12560,21,,,1,30,,12567,21,,,1,70,,12571,21,,,1,30,,12565,21,,,1,70,,12570,21,,,1
20600,'10',1815,,13906,20,,,1,29,,13905,20,,,1,71,,13899,20,,,1,31,,13900,20,,,1,70,,9397,20,,,1,30,,13898,20,,,1,69,,13903,20,,,1,30,,13902,20,,,1,70,,13904,20,,,1,30,,13901,20,,,1
20600,'13',1815,,13915,20,,,1,29,,13914,20,,,1,71,,13912,20,,,1,31,,13908,20,,,1,70,,9284,20,,,1,30,,13907,20,,,1,69,,13911,20,,,1,30,,13910,20,,,1,70,,13913,20,,,1,30,,13909,20,,,1
20600,'7',744,,13938,20,,,1,70,,13921,20,,,1,30,,13920,20,,,1,70,,13941,20,,,1,30,,13928,20,,,1,70,,13919,20,,,1,30,,13923,20,,,1,71,,13929,20,,,1,29,,13934,20,,,1,70,,13927,20,,,1,30,,13925,20,,,1,70,,13926,20,,,1,30,,13937,20,,,1,71,,13936,20,,,1,29,,13932,20,,,1,70,,13924,20,,,1,30,,13933,20,,,1,70,,13940,20,,,1,30,,13917,20,,,1,70,,13931,20,,,1,30,,13939,20,,,1,70,,13918,20,,,1,31,,13916,20,,,1,70,,13935,20,,,1,30,,13922,20,,,1,70,,13930,20,,,1
20601,'10',1839,,13952,11,,,1,70,,13948,11,,,1,30,,13960,11,,,1,70,,13959,11,,,1,30,,13951,11,,,1,70,,13949,11,,,1,30,,13942,11,,,1,70,,13955,11,,,1,30,,13946,11,,,1,70,,13945,11,,,1
20601,'13',1839,,13972,11,,,1,70,,13968,11,,,1,30,,10407,11,,,1,70,,13978,11,,,1,30,,13971,11,,,1,70,,13969,11,,,1,30,,13962,11,,,1,70,,13975,11,,,1,30,,13966,11,,,1,70,,13965,11,,,1
20601,'7',709,,13994,11,,,1,30,,14020,11,,,1,70,,14014,11,,,1,30,,14026,11,,,1,70,,13989,11,,,1,30,,11941,11,,,1,70,,13995,11,,,1,30,,14022,11,,,1,70,,14009,11,,,1,30,,14017,11,,,1,70,,14012,11,,,1,30,,13982,11,,,1,70,,13981,11,,,1,30,,14008,11,,,1,70,,13991,11,,,1,30,,11217,11,,,1,70,,13985,11,,,1,30,,13999,11,,,1,70,,14025,11,,,1,30,,13980,11,,,1,70,,13996,11,,,1,30,,14021,11,,,1,70,,14016,11,,,1,30,,14003,11,,,1,70,,14002,11,,,1,30,,13988,11,,,1,70,,13997,11,,,1,30,,14000,11,,,1
