10100,'10',712,,12005,20,,,1,30,,11998,20,,,1,70,,12007,20,,,1,30,,12003,20,,,1,70,,12010,20,,,1,30,,12006,20,,,1,70,,11996,20,,,1,100,,12000,20,,,1,100,,12004,20,,,1,100,,12001,20,,,1,100,,11993,20,,,1,100,,12008,20,,,1,30,,11999,20,,,1,70,,11995,20,,,1,30,,11997,20,,,1,70,,11994,20,,,1,30,,12009,20,,,1,70,,12002,20,,,1
10100,'13',712,,12023,20,,,1,30,,12016,20,,,1,70,,12025,20,,,1,30,,12021,20,,,1,70,,12028,20,,,1,30,,12024,20,,,1,70,,12014,20,,,1,100,,12018,20,,,1,100,,12022,20,,,1,100,,12019,20,,,1,100,,12011,20,,,1,100,,12026,20,,,1,30,,12017,20,,,1,70,,12013,20,,,1,30,,12015,20,,,1,70,,12012,20,,,1,30,,12027,20,,,1,70,,12020,20,,,1
10101,'10',640,,12044,5,,,1,70,,12033,5,,,1,30,,12029,5,,,1,70,,12035,5,,,1,30,,12045,5,,,1,70,,12037,5,,,1,30,,12032,5,,,1,100,,12031,5,,,1,100,,12041,5,,,1,100,,12039,5,,,1,100,,12030,5,,,1,101,,9708,5,,,1,70,,12036,5,,,1,30,,12042,5,,,1,70,,12034,5,,,1,30,,12043,5,,,1,70,,12038,5,,,1,30,,12040,5,,,1
10101,'13',640,,12059,5,,,1,70,,12050,5,,,1,30,,12046,5,,,1,70,,12052,5,,,1,30,,12060,5,,,1,70,,12054,5,,,1,30,,12049,5,,,1,100,,12048,5,,,1,100,,12057,5,,,1,100,,12056,5,,,1,100,,12047,5,,,1,101,,9618,5,,,1,70,,12053,5,,,1,30,,10061,5,,,1,70,,12051,5,,,1,30,,12058,5,,,1,70,,12055,5,,,1,30,,10246,5,,,1
10300,'10',647,,12182,27,,,1,100,,12174,27,,,1,70,,12181,27,,,1,30,,12175,27,,,1,70,,12185,27,,,1,30,,12184,27,,,1,70,,12173,27,,,1,30,,12176,27,,,1,100,,12168,27,,,1,100,,12167,27,,,1,100,,12169,27,,,1,100,,12179,27,,,1,100,,12178,27,,,1,70,,12177,27,,,1,30,,12183,27,,,1,70,,12170,27,,,1,30,,12172,27,,,1,70,,12171,27,,,1,30,,12180,27,,,1
10300,'13',647,,12201,27,,,1,100,,12192,27,,,1,70,,12199,27,,,1,30,,12193,27,,,1,70,,10634,27,,,1,30,,12203,27,,,1,70,,12195,27,,,1,30,,12194,27,,,1,100,,12187,27,,,1,100,,12186,27,,,1,100,,12188,27,,,1,100,,12198,27,,,1,100,,12197,27,,,1,70,,12196,27,,,1,30,,12202,27,,,1,70,,12189,27,,,1,30,,12191,27,,,1,70,,12190,27,,,1,30,,12200,27,,,1
10301,'10',607,,10911,4,,,1,100,,12213,4,,,1,30,,12218,4,,,1,70,,12217,4,,,1,30,,9608,4,,,1,70,,8585,4,,,1,30,,10191,4,,,1,70,,8753,4,,,1,100,,12214,4,,,1,100,,12206,4,,,1,100,,12212,4,,,1,100,,12204,4,,,1,100,,12215,4,,,1,30,,12207,4,,,1,70,,12211,4,,,1,30,,12205,4,,,1,70,,12208,4,,,1,30,,12216,4,,,1,70,,12210,4,,,1,30,,12209,4,,,1
10301,'13',607,,10865,4,,,1,100,,12229,4,,,1,30,,12222,4,,,1,70,,12234,4,,,1,30,,9752,4,,,1,70,,8473,4,,,1,30,,12228,4,,,1,70,,8704,4,,,1,100,,12231,4,,,1,100,,12221,4,,,1,100,,12227,4,,,1,100,,12219,4,,,1,100,,12232,4,,,1,30,,12223,4,,,1,70,,12226,4,,,1,30,,12220,4,,,1,70,,12224,4,,,1,30,,12233,4,,,1,70,,12225,4,,,1,30,,12230,4,,,1
11200,'10',650,,13113,4,,,1,100,,13106,4,,,1,100,,9159,4,,,1,100,,13112,4,,,1,100,,13114,4,,,1,100,,13111,4,,,1,100,,13110,4,,,1,100,,13108,4,,,1,102,,13115,4,,,1,98,,13107,4,,,1,100,,13109,4,,,1
11200,'13',650,,13126,4,,,1,100,,13119,4,,,1,100,,13117,4,,,1,100,,13116,4,,,1,100,,13124,4,,,1,100,,13123,4,,,1,100,,13122,4,,,1,100,,13120,4,,,1,102,,13125,4,,,1,98,,13118,4,,,1,100,,13121,4,,,1
11201,'10',732,,13127,31,,,1,100,,13130,31,,,1,100,,13129,31,,,1,100,,13143,31,,,1,100,,13145,31,,,1,100,,13139,31,,,1,100,,13141,31,,,1,100,,13136,31,,,1,100,,9009,31,,,1,100,,13132,31,,,1,100,,1542,31,,,1
11201,'13',732,,13150,31,,,1,100,,13148,31,,,1,100,,13147,31,,,1,100,,13149,31,,,1,100,,13164,31,,,1,100,,13160,31,,,1,100,,13162,31,,,1,100,,13157,31,,,1,100,,8935,31,,,1,100,,13152,31,,,1,100,,1506,31,,,1
20300,'10',1916,,13599,28,,,1,30,,9722,28,,,1,70,,13604,28,,,1,30,,13600,28,,,1,70,,13597,28,,,1,30,,13603,28,,,1,70,,13601,28,,,1,30,,13602,28,,,1,70,,13598,28,,,1
20300,'13',1916,,13607,28,,,1,30,,9631,28,,,1,70,,13611,28,,,1,30,,13608,28,,,1,70,,13605,28,,,1,30,,13612,28,,,1,70,,13609,28,,,1,30,,13610,28,,,1,70,,13606,28,,,1
20300,'7',746,,13629,28,,,1,70,,13625,28,,,1,30,,13619,28,,,1,70,,13617,28,,,1,30,,13631,28,,,1,70,,13623,28,,,1,30,,13639,28,,,1,70,,13624,28,,,1,30,,13613,28,,,1,70,,13632,28,,,1,30,,13630,28,,,1,70,,13636,28,,,1,30,,13628,28,,,1,70,,13618,28,,,1,30,,13635,28,,,1,70,,13621,28,,,1,30,,13627,28,,,1,70,,13633,28,,,1,30,,13622,28,,,1,70,,13620,28,,,1,30,,13637,28,,,1,70,,13638,28,,,1,30,,13614,28,,,1,70,,13626,28,,,1,30,,13634,28,,,1,70,,13615,28,,,1,30,,13616,28,,,1
20301,'10',1907,,13646,4,0,9 3 10,1,30,,13650,4,0,9 3 10,1,70,,13644,4,0,9 3 10,1,30,,13643,4,0,9 3 10,1,70,,13640,4,0,9 3 10,1,30,,13649,4,0,9 3 10,1,70,,13647,4,0,9 3 10,1,30,,13645,4,0,9 3 10,1,70,,13641,4,0,9 3 10,1,30,,13648,4,0,9 3 10,1
20301,'13',1907,,13657,4,0,9 3 10,1,30,,13661,4,0,9 3 10,1,70,,13655,4,0,9 3 10,1,30,,13654,4,0,9 3 10,1,70,,13651,4,0,9 3 10,1,30,,13660,4,0,9 3 10,1,70,,13658,4,0,9 3 10,1,30,,13656,4,0,9 3 10,1,70,,13652,4,0,9 3 10,1,30,,13659,4,0,9 3 10,1
20301,'7',707,,13667,4,0,9 3 10,1,30,,13680,4,0,9 3 10,1,70,,13684,4,0,9 3 10,1,30,,13686,4,0,9 3 10,1,70,,13682,4,0,9 3 10,1,30,,11426,4,0,9 3 10,1,70,,13685,4,0,9 3 10,1,30,,13671,4,0,9 3 10,1,70,,13663,4,0,9 3 10,1,30,,13670,4,0,9 3 10,1,70,,13677,4,0,9 3 10,1,30,,13674,4,0,9 3 10,1,70,,13675,4,0,9 3 10,1,30,,13668,4,0,9 3 10,1,70,,13678,4,0,9 3 10,1,30,,13679,4,0,9 3 10,1,70,,13662,4,0,9 3 10,1,30,,13681,4,0,9 3 10,1,70,,13673,4,0,9 3 10,1,30,,13683,4,0,9 3 10,1,70,,13672,4,0,9 3 10,1,30,,13664,4,0,9 3 10,1,70,,13666,4,0,9 3 10,1,30,,13665,4,0,9 3 10,1,70,,13669,4,0,9 3 10,1,30,,13676,4,0,9 3 10,1,70,,13688,4,0,9 3 10,1,30,,13687,4,0,9 3 10,1
