10501,'14',626,,3799,17,4,,1,100,,3797,17,4,,1,30,,3801,17,4,,1,70,,3827,17,4,,1,30,,1733,17,4,,1,70,,1161,17,4,,1,30,,3803,17,4,,1,70,,3800,17,4,,1,100,,3817,17,4,,1,100,,3815,17,4,,1,100,,3810,17,4,,1,100,,3805,17,4,,1,100,,3807,17,4,,1,30,,3809,17,4,,1,70,,3808,17,4,,1,30,,3804,17,4,,1,70,,3802,17,4,,1,30,,3824,17,4,,1,70,,3795,17,4,,1
10501,'18',626,,3835,17,4,,1,100,,3833,17,4,,1,30,,3837,17,4,,1,70,,3865,17,4,,1,30,,3851,17,4,,1,70,,3838,17,4,,1,30,,3840,17,4,,1,70,,3836,17,4,,1,100,,3855,17,4,,1,100,,3853,17,4,,1,100,,3847,17,4,,1,100,,3842,17,4,,1,100,,3844,17,4,,1,30,,3846,17,4,,1,70,,3845,17,4,,1,30,,3841,17,4,,1,70,,3839,17,4,,1,30,,3862,17,4,,1,70,,3831,17,4,,1
10501,'20',626,,3873,17,4,,1,100,,3871,17,4,,1,30,,3875,17,4,,1,70,,3901,17,4,,1,30,,1685,17,4,,1,70,,1133,17,4,,1,30,,3877,17,4,,1,70,,3874,17,4,,1,100,,3891,17,4,,1,100,,3889,17,4,,1,100,,3884,17,4,,1,100,,3879,17,4,,1,100,,3881,17,4,,1,30,,3883,17,4,,1,70,,3882,17,4,,1,30,,3878,17,4,,1,70,,3876,17,4,,1,30,,3898,17,4,,1,70,,3869,17,4,,1
10501,'8',626,,3909,17,4,,1,100,,3907,17,4,,1,30,,3911,17,4,,1,70,,3939,17,4,,1,30,,3925,17,4,,1,70,,3912,17,4,,1,30,,3914,17,4,,1,70,,3910,17,4,,1,100,,3929,17,4,,1,100,,3927,17,4,,1,100,,3921,17,4,,1,100,,3916,17,4,,1,100,,3918,17,4,,1,30,,3920,17,4,,1,70,,3919,17,4,,1,30,,3915,17,4,,1,70,,3913,17,4,,1,30,,3936,17,4,,1,70,,3905,17,4,,1
20501,'11',724,,6737,15,4,,1,1,,6751,1,,,1,99,,6733,15,4,,1,1,,6752,1,,,1,99,,6731,15,4,,1,1,,6738,1,,,1,99,,6729,15,4,,1,1,,2515,1,,,1,99,,6754,15,4,,1,1,,6753,1,,,1,99,,6739,15,4,,1,1,,6750,1,,,1,99,,6744,15,4,,1,1,,6740,1,,,1,99,,6746,15,4,,1,1,,6748,1,,,1,99,,6736,15,4,,1,1,,6730,1,,,1,99,,2688,15,4,,1,1,,6735,1,,,1,99,,6745,15,4,,1,1,,6734,1,,,1,99,,6749,15,4,,1,1,,6732,1,,,1,99,,6743,15,4,,1,1,,6742,1,,,1,99,,6741,15,4,,1,1,,6747,1,,,1
20501,'14',1924,,6761,15,4,,1,1,,6756,1,,,1,99,,6757,15,4,,1,1,,6762,1,,,1,99,,6758,15,4,,1,1,,6755,1,,,1,99,,6759,15,4,,1,1,,6760,1,,,1
20501,'18',1924,,6769,15,4,,1,1,,6764,1,,,1,99,,6765,15,4,,1,1,,6770,1,,,1,99,,6766,15,4,,1,1,,6763,1,,,1,99,,6767,15,4,,1,1,,6768,1,,,1
20501,'20',1924,,6777,15,4,,1,1,,6772,1,,,1,99,,6773,15,4,,1,1,,6778,1,,,1,99,,6774,15,4,,1,1,,6771,1,,,1,99,,6775,15,4,,1,1,,6776,1,,,1
20501,'4',724,,6788,15,4,,1,1,,6803,1,,,1,99,,6784,15,4,,1,1,,6804,1,,,1,99,,6782,15,4,,1,1,,6789,1,,,1,99,,6779,15,4,,1,1,,6796,1,,,1,99,,6806,15,4,,1,1,,6805,1,,,1,99,,6790,15,4,,1,1,,6802,1,,,1,99,,6795,15,4,,1,1,,6791,1,,,1,99,,6798,15,4,,1,1,,6800,1,,,1,99,,6787,15,4,,1,1,,6780,1,,,1,99,,6781,15,4,,1,1,,6786,1,,,1,99,,6797,15,4,,1,1,,6785,1,,,1,99,,6801,15,4,,1,1,,6783,1,,,1,99,,6794,15,4,,1,1,,6793,1,,,1,99,,6792,15,4,,1,1,,6799,1,,,1
20501,'8',1924,,6813,15,4,,1,1,,6808,1,,,1,99,,6809,15,4,,1,1,,6814,1,,,1,99,,6810,15,4,,1,1,,6807,1,,,1,99,,6811,15,4,,1,1,,6812,1,,,1
