10201,'14',647,,5573,,,1,70,,5552,,,1,30,,5563,,,1,70,,5535,,,1,30,,5531,,,1,70,,5548,,,1,30,,5529,,,1,100,,5175,,,1,100,,5560,,,1,100,,5537,,,1,100,,5544,,,1,100,,5029,,,1,70,,5527,,,1,30,,5542,,,1,70,,5567,,,1,30,,5555,,,1,70,,5559,,,1,30,,5564,,,1
10201,'18',647,,5630,,,1,70,,5609,,,1,30,,5620,,,1,70,,5588,,,1,30,,5583,,,1,70,,5605,,,1,30,,5581,,,1,100,,5596,,,1,100,,5617,,,1,100,,5590,,,1,100,,5601,,,1,100,,5585,,,1,70,,5578,,,1,30,,5598,,,1,70,,5624,,,1,30,,5612,,,1,70,,5616,,,1,30,,5621,,,1
10201,'20',647,,5682,,,1,70,,5661,,,1,30,,5672,,,1,70,,5643,,,1,30,,5639,,,1,70,,5657,,,1,30,,5637,,,1,100,,5650,,,1,100,,5669,,,1,100,,5645,,,1,100,,5653,,,1,100,,4996,,,1,70,,5635,,,1,30,,5651,,,1,70,,5676,,,1,30,,5664,,,1,70,,5668,,,1,30,,5673,,,1
10201,'8',647,,5739,,,1,70,,5718,,,1,30,,5729,,,1,70,,5697,,,1,30,,5692,,,1,70,,5714,,,1,30,,5690,,,1,100,,5705,,,1,100,,5726,,,1,100,,5699,,,1,100,,5710,,,1,100,,5694,,,1,70,,5687,,,1,30,,5707,,,1,70,,5733,,,1,30,,5721,,,1,70,,5725,,,1,30,,5730,,,1
11001,'14',617,,7451,,,1,30,,7433,,,1,70,,7432,,,1,30,,3352,,,1,70,,7440,,,1,30,,7435,,,1,70,,7439,,,1,30,,7447,,,1,70,,7444,,,1,30,,7446,,,1,70,,7436,,,1,30,,7437,,,1,70,,7445,,,1,30,,7438,,,1,70,,7434,,,1,30,,7442,,,1,70,,7450,,,1,30,,7449,,,1,70,,7431,,,1,30,,7429,,,1,70,,7441,,,1,30,,7443,,,1,70,,7430,,,1,30,,531,,,1,70,,7448,,,1
11001,'18',617,,7476,,,1,30,,7457,,,1,70,,7456,,,1,30,,7464,,,1,70,,7465,,,1,30,,7459,,,1,70,,7463,,,1,30,,7472,,,1,70,,7469,,,1,30,,7471,,,1,70,,7460,,,1,30,,7461,,,1,70,,7470,,,1,30,,7462,,,1,70,,7458,,,1,30,,7467,,,1,70,,7475,,,1,30,,7474,,,1,70,,7455,,,1,30,,7453,,,1,70,,7466,,,1,30,,7468,,,1,70,,7454,,,1,30,,7452,,,1,70,,7473,,,1
11001,'20',617,,7499,,,1,30,,7482,,,1,70,,7481,,,1,30,,3317,,,1,70,,7488,,,1,30,,3847,,,1,70,,7487,,,1,30,,7495,,,1,70,,7492,,,1,30,,7494,,,1,70,,7484,,,1,30,,7485,,,1,70,,7493,,,1,30,,7486,,,1,70,,7483,,,1,30,,7490,,,1,70,,7498,,,1,30,,7497,,,1,70,,7480,,,1,30,,7478,,,1,70,,7489,,,1,30,,7491,,,1,70,,7479,,,1,30,,7477,,,1,70,,7496,,,1
11001,'8',617,,7524,,,1,30,,7505,,,1,70,,7504,,,1,30,,7512,,,1,70,,7513,,,1,30,,7507,,,1,70,,7511,,,1,30,,7520,,,1,70,,7517,,,1,30,,7519,,,1,70,,7508,,,1,30,,7509,,,1,70,,7518,,,1,30,,7510,,,1,70,,7506,,,1,30,,7515,,,1,70,,7523,,,1,30,,7522,,,1,70,,7503,,,1,30,,7501,,,1,70,,7514,,,1,30,,7516,,,1,70,,7502,,,1,30,,7500,,,1,70,,7521,,,1
11501,'14',717,,5286,,,1,30,,8253,,,1,70,,8252,,,1,30,,8257,,,1,70,,8258,,,1,30,,4378,,,1,70,,4022,,,1,100,,8246,,,1,100,,8232,,,1,100,,8251,,,1,100,,8250,,,1,100,,8243,,,1,30,,8245,,,1,70,,8259,,,1,30,,8237,,,1,70,,8255,,,1,30,,8239,,,1,70,,5095,,,1
11501,'18',717,,8278,,,1,30,,8288,,,1,70,,8287,,,1,30,,8293,,,1,70,,8294,,,1,30,,8283,,,1,70,,8264,,,1,100,,8280,,,1,100,,8261,,,1,100,,8286,,,1,100,,8285,,,1,100,,8276,,,1,30,,8279,,,1,70,,8295,,,1,30,,8268,,,1,70,,8291,,,1,30,,8270,,,1,70,,8274,,,1
11501,'20',717,,5208,,,1,30,,8318,,,1,70,,8317,,,1,30,,8322,,,1,70,,8323,,,1,30,,4337,,,1,70,,8298,,,1,100,,8311,,,1,100,,8297,,,1,100,,8316,,,1,100,,8315,,,1,100,,8308,,,1,30,,8310,,,1,70,,8324,,,1,30,,8302,,,1,70,,8320,,,1,30,,8304,,,1,70,,5082,,,1
11501,'8',717,,8343,,,1,30,,8353,,,1,70,,8352,,,1,30,,8358,,,1,70,,8359,,,1,30,,8348,,,1,70,,8329,,,1,100,,8345,,,1,100,,8326,,,1,100,,8351,,,1,100,,8350,,,1,100,,8341,,,1,30,,8344,,,1,70,,8360,,,1,30,,8333,,,1,70,,8356,,,1,30,,8335,,,1,70,,8339,,,1
21001,'11',717,,9929,,,1,30,,9922,,,1,70,,9930,,,1,30,,9919,,,1,70,,9937,,,1,30,,9938,,,1,70,,9918,,,1,30,,9923,,,1,70,,5117,,,1,30,,9940,,,1,70,,9927,,,1,30,,9934,,,1,70,,9941,,,1,30,,4579,,,1,70,,9924,,,1,30,,9920,,,1,70,,9925,,,1,30,,9942,,,1,70,,5143,,,1,30,,9932,,,1,70,,9933,,,1,30,,9935,,,1,70,,9926,,,1,30,,9939,,,1,70,,9921,,,1,30,,9936,,,1,70,,9928,,,1,30,,9931,,,1
21001,'14',1847,,9943,,,1,70,,9946,,,1,30,,9947,,,1,70,,9950,,,1,30,,9944,,,1,70,,9951,,,1,30,,9948,,,1,70,,9949,,,1,30,,9952,,,1,70,,9945,,,1
21001,'18',1847,,9953,,,1,70,,9956,,,1,30,,9957,,,1,70,,9960,,,1,30,,9954,,,1,70,,9961,,,1,30,,9958,,,1,70,,9959,,,1,30,,9962,,,1,70,,9955,,,1
21001,'20',1847,,9963,,,1,70,,9966,,,1,30,,9967,,,1,70,,9970,,,1,30,,9964,,,1,70,,9971,,,1,30,,9968,,,1,70,,9969,,,1,30,,9972,,,1,70,,9965,,,1
21001,'4',717,,9985,,,1,30,,9977,,,1,70,,9986,,,1,30,,9974,,,1,70,,9993,,,1,30,,9994,,,1,70,,9973,,,1,30,,9978,,,1,70,,9981,,,1,30,,9998,,,1,70,,9983,,,1,30,,9990,,,1,70,,9999,,,1,30,,9995,,,1,70,,9979,,,1,30,,9975,,,1,70,,9980,,,1,30,,10000,,,1,70,,9997,,,1,30,,9988,,,1,70,,9989,,,1,30,,9991,,,1,70,,9982,,,1,30,,9996,,,1,70,,9976,,,1,30,,9992,,,1,70,,9984,,,1,30,,9987,,,1
21001,'8',1847,,10001,,,1,70,,10004,,,1,30,,10005,,,1,70,,10008,,,1,30,,10002,,,1,70,,10009,,,1,30,,10006,,,1,70,,10007,,,1,30,,10010,,,1,70,,10003,,,1
