11401,'14',651,,5669,28,,,1,100,,5671,28,,,1,100,,5668,28,,,1,100,,5665,28,,,1,100,,5670,28,,,1,100,,1845,28,,,1,100,,5666,28,,,1,100,,5664,28,,,1,100,,5663,28,,,1,100,,5667,28,,,1,100,,5672,28,,,1,100,,5662,28,,,1
11401,'18',651,,5681,28,,,1,100,,5683,28,,,1,100,,5680,28,,,1,100,,5677,28,,,1,100,,5682,28,,,1,100,,5673,28,,,1,100,,5678,28,,,1,100,,5676,28,,,1,100,,5675,28,,,1,100,,5679,28,,,1,100,,5684,28,,,1,100,,5674,28,,,1
11401,'20',651,,5692,28,,,1,100,,5694,28,,,1,100,,5691,28,,,1,100,,5688,28,,,1,100,,5693,28,,,1,100,,1806,28,,,1,100,,5689,28,,,1,100,,5687,28,,,1,100,,5686,28,,,1,100,,5690,28,,,1,100,,5695,28,,,1,100,,5685,28,,,1
11401,'8',651,,5704,28,,,1,100,,5706,28,,,1,100,,5703,28,,,1,100,,5700,28,,,1,100,,5705,28,,,1,100,,5696,28,,,1,100,,5701,28,,,1,100,,5699,28,,,1,100,,5698,28,,,1,100,,5702,28,,,1,100,,5707,28,,,1,100,,5697,28,,,1
21401,'11',751,,7872,34,,,1,100,,7880,34,,,1,100,,7876,34,,,1,100,,7871,34,,,1,100,,7873,34,,,1,100,,7879,34,,,1,100,,7878,34,,,1,100,,7869,34,,,1,100,,7875,34,,,1,100,,7868,34,,,1,100,,7877,34,,,1,100,,7874,34,,,1,100,,7870,34,,,1
21401,'14',1851,,7885,34,,,1,100,,7883,34,,,1,100,,7881,34,,,1,100,,7884,34,,,1,100,,7882,34,,,1
21401,'18',1851,,7890,34,,,1,100,,7888,34,,,1,100,,7886,34,,,1,100,,7889,34,,,1,100,,7887,34,,,1
21401,'20',1851,,7893,34,,,1,100,,81,34,,,1,100,,7891,34,,,1,100,,7892,34,,,1,100,,7894,34,,,1
21401,'4',751,,7899,34,,,1,100,,7907,34,,,1,100,,7903,34,,,1,100,,7898,34,,,1,100,,7900,34,,,1,100,,7906,34,,,1,100,,7905,34,,,1,100,,7896,34,,,1,100,,7902,34,,,1,100,,7895,34,,,1,100,,7904,34,,,1,100,,7901,34,,,1,100,,7897,34,,,1
21401,'8',1851,,7911,34,,,1,100,,7909,34,,,1,100,,7908,34,,,1,100,,7910,34,,,1,100,,7912,34,,,1
