11100,'14',604,,5007,7,,,1,30,,5010,7,,,1,70,,5017,7,,,1,30,,5016,7,,,1,70,,765,7,,,1,30,,5018,7,,,1,70,,5024,7,,,1,30,,1287,7,,,1,70,,5020,7,,,1,30,,5014,7,,,1,70,,5019,7,,,1,30,,5005,7,,,1,70,,5004,7,,,1,30,,5003,7,,,1,70,,5013,7,,,1,30,,5023,7,,,1,70,,5021,7,,,1,30,,5008,7,,,1,70,,5009,7,,,1,30,,5015,7,,,1,70,,5006,7,,,1,30,,5002,7,,,1,70,,5022,7,,,1,30,,5012,7,,,1,70,,5011,7,,,1,30,,1286,7,,,1
11100,'18',604,,5030,7,,,1,30,,5033,7,,,1,70,,5041,7,,,1,30,,5040,7,,,1,70,,5039,7,,,1,30,,5044,7,,,1,70,,5050,7,,,1,30,,5043,7,,,1,70,,5046,7,,,1,30,,5037,7,,,1,70,,5045,7,,,1,30,,5028,7,,,1,70,,5027,7,,,1,30,,5026,7,,,1,70,,5036,7,,,1,30,,5049,7,,,1,70,,5047,7,,,1,30,,5031,7,,,1,70,,5032,7,,,1,30,,5038,7,,,1,70,,5029,7,,,1,30,,5025,7,,,1,70,,5048,7,,,1,30,,5035,7,,,1,70,,5034,7,,,1,30,,5042,7,,,1
11100,'20',604,,5059,7,,,1,30,,5062,7,,,1,70,,5067,7,,,1,30,,5065,7,,,1,70,,705,7,,,1,30,,5068,7,,,1,70,,5074,7,,,1,30,,1269,7,,,1,70,,5070,7,,,1,30,,5063,7,,,1,70,,5069,7,,,1,30,,5054,7,,,1,70,,5056,7,,,1,30,,5051,7,,,1,70,,5064,7,,,1,30,,5073,7,,,1,70,,5058,7,,,1,30,,5060,7,,,1,70,,5066,7,,,1,30,,5052,7,,,1,70,,5057,7,,,1,30,,5055,7,,,1,70,,5061,7,,,1,30,,5072,7,,,1,70,,5053,7,,,1,30,,5071,7,,,1
11100,'8',604,,5083,7,,,1,30,,5086,7,,,1,70,,5092,7,,,1,30,,5090,7,,,1,70,,5089,7,,,1,30,,5094,7,,,1,70,,5100,7,,,1,30,,5093,7,,,1,70,,5096,7,,,1,30,,5087,7,,,1,70,,5095,7,,,1,30,,5078,7,,,1,70,,5080,7,,,1,30,,5075,7,,,1,70,,5088,7,,,1,30,,5099,7,,,1,70,,5082,7,,,1,30,,5084,7,,,1,70,,5091,7,,,1,30,,5076,7,,,1,70,,5081,7,,,1,30,,5079,7,,,1,70,,5085,7,,,1,30,,5098,7,,,1,70,,5077,7,,,1,30,,5097,7,,,1
21100,'11',734,,7493,7,,,1,70,,7506,7,,,1,30,,7489,7,,,1,70,,7508,7,,,1,30,,7492,7,,,1,70,,7491,7,,,1,30,,7501,7,,,1,70,,7496,7,,,1,30,,7512,7,,,1,70,,2503,7,,,1,30,,7490,7,,,1,70,,7504,7,,,1,30,,7495,7,,,1,70,,7503,7,,,1,30,,7499,7,,,1,70,,7505,7,,,1,30,,7502,7,,,1,70,,7497,7,,,1,30,,7507,7,,,1,70,,7509,7,,,1,30,,7511,7,,,1,70,,2362,7,,,1,30,,7500,7,,,1,70,,7494,7,,,1,30,,7510,7,,,1,70,,7498,7,,,1,30,,7488,7,,,1
21100,'14',1904,,7515,7,,,1,30,,7521,7,,,1,70,,7514,7,,,1,30,,7513,7,,,1,70,,7517,7,,,1,30,,7520,7,,,1,70,,7518,7,,,1,30,,7516,7,,,1,70,,7519,7,,,1
21100,'18',1904,,7524,7,,,1,30,,7530,7,,,1,70,,7523,7,,,1,30,,7522,7,,,1,70,,7526,7,,,1,30,,7529,7,,,1,70,,7527,7,,,1,30,,7525,7,,,1,70,,7528,7,,,1
21100,'20',1904,,7538,7,,,1,30,,7539,7,,,1,70,,7532,7,,,1,30,,7531,7,,,1,70,,7534,7,,,1,30,,7537,7,,,1,70,,7535,7,,,1,30,,7533,7,,,1,70,,7536,7,,,1
21100,'4',734,,7546,7,,,1,70,,7560,7,,,1,30,,7541,7,,,1,70,,7562,7,,,1,30,,7545,7,,,1,70,,7544,7,,,1,30,,7555,7,,,1,70,,7549,7,,,1,30,,7566,7,,,1,70,,7553,7,,,1,30,,7542,7,,,1,70,,7558,7,,,1,30,,7548,7,,,1,70,,7557,7,,,1,30,,7552,7,,,1,70,,7559,7,,,1,30,,7556,7,,,1,70,,7550,7,,,1,30,,7561,7,,,1,70,,7563,7,,,1,30,,7565,7,,,1,70,,7543,7,,,1,30,,7554,7,,,1,70,,7547,7,,,1,30,,7564,7,,,1,70,,7551,7,,,1,30,,7540,7,,,1
21100,'8',1904,,7574,7,,,1,30,,7575,7,,,1,70,,7568,7,,,1,30,,7567,7,,,1,70,,7570,7,,,1,30,,7573,7,,,1,70,,7571,7,,,1,30,,7569,7,,,1,70,,7572,7,,,1
