10401,'14',620,,3472,8,,,1,30,,886,8,,,1,70,,3499,8,,,1,30,,1115,8,,,1,70,,3466,8,,,1,30,,3490,8,,,1,70,,3484,8,,,1,30,,3485,8,,,1,70,,481,8,,,1,30,,3473,8,,,1,70,,3477,8,,,1,30,,1282,8,,,1,70,,3486,8,,,1,30,,3464,8,,,1,70,,3479,8,,,1,30,,3483,8,,,1,70,,3492,8,,,1,30,,3497,8,,,1,70,,3478,8,,,1,30,,3489,8,,,1,70,,3471,8,,,1,30,,3491,8,,,1,70,,3496,8,,,1,30,,3462,8,,,1,70,,3469,8,,,1
10401,'18',620,,3518,8,,,1,30,,3509,8,,,1,70,,3549,8,,,1,30,,3538,8,,,1,70,,3510,8,,,1,30,,3540,8,,,1,70,,3532,8,,,1,30,,3533,8,,,1,70,,3535,8,,,1,30,,3519,8,,,1,70,,3523,8,,,1,30,,3528,8,,,1,70,,3534,8,,,1,30,,3507,8,,,1,70,,3525,8,,,1,30,,3531,8,,,1,70,,3542,8,,,1,30,,3547,8,,,1,70,,3524,8,,,1,30,,3539,8,,,1,70,,3517,8,,,1,30,,3541,8,,,1,70,,3546,8,,,1,30,,3505,8,,,1,70,,3515,8,,,1
10401,'20',620,,3565,8,,,1,30,,867,8,,,1,70,,3592,8,,,1,30,,1090,8,,,1,70,,3559,8,,,1,30,,3583,8,,,1,70,,3577,8,,,1,30,,3578,8,,,1,70,,443,8,,,1,30,,3566,8,,,1,70,,3570,8,,,1,30,,1261,8,,,1,70,,3579,8,,,1,30,,3557,8,,,1,70,,3572,8,,,1,30,,3576,8,,,1,70,,3585,8,,,1,30,,3590,8,,,1,70,,3571,8,,,1,30,,3582,8,,,1,70,,3564,8,,,1,30,,3584,8,,,1,70,,3589,8,,,1,30,,3555,8,,,1,70,,3562,8,,,1
10401,'8',620,,3611,8,,,1,30,,3602,8,,,1,70,,3642,8,,,1,30,,3631,8,,,1,70,,3603,8,,,1,30,,3633,8,,,1,70,,3625,8,,,1,30,,3626,8,,,1,70,,3628,8,,,1,30,,3612,8,,,1,70,,3616,8,,,1,30,,3621,8,,,1,70,,3627,8,,,1,30,,3600,8,,,1,70,,3618,8,,,1,30,,3624,8,,,1,70,,3635,8,,,1,30,,3640,8,,,1,70,,3617,8,,,1,30,,3632,8,,,1,70,,3610,8,,,1,30,,3634,8,,,1,70,,3639,8,,,1,30,,3598,8,,,1,70,,3608,8,,,1
20401,'11',720,,6480,8,,,1,30,,6470,8,,,1,70,,6512,8,,,1,30,,6514,8,,,1,70,,6496,8,,,1,30,,6508,8,,,1,70,,6464,8,,,1,30,,6492,8,,,1,70,,6472,8,,,1,30,,6468,8,,,1,70,,6477,8,,,1,30,,6497,8,,,1,70,,6515,8,,,1,30,,6489,8,,,1,70,,6502,8,,,1,30,,6479,8,,,1,70,,6516,8,,,1,30,,6506,8,,,1,70,,6485,8,,,1,30,,6501,8,,,1,70,,6503,8,,,1,30,,6493,8,,,1,70,,6500,8,,,1,30,,6478,8,,,1,70,,6487,8,,,1,30,,6471,8,,,1,70,,6469,8,,,1,30,,6463,8,,,1
20401,'14',1850,,6523,8,,,1,70,,6526,8,,,1,30,,6531,8,,,1,70,,6518,8,,,1,30,,767,8,,,1,70,,6528,8,,,1,30,,455,8,,,1,70,,6520,8,,,1,30,,6522,8,,,1,70,,6530,8,,,1
20401,'18',1850,,6543,8,,,1,70,,6546,8,,,1,30,,6551,8,,,1,70,,6537,8,,,1,30,,6540,8,,,1,70,,6548,8,,,1,30,,6534,8,,,1,70,,6539,8,,,1,30,,6542,8,,,1,70,,6550,8,,,1
20401,'20',1850,,6559,8,,,1,70,,6562,8,,,1,30,,6567,8,,,1,70,,6555,8,,,1,30,,707,8,,,1,70,,6564,8,,,1,30,,417,8,,,1,70,,813,8,,,1,30,,6558,8,,,1,70,,6566,8,,,1
20401,'4',720,,6588,8,,,1,30,,6578,8,,,1,70,,6621,8,,,1,30,,6623,8,,,1,70,,6604,8,,,1,30,,6617,8,,,1,70,,6572,8,,,1,30,,6600,8,,,1,70,,6580,8,,,1,30,,6576,8,,,1,70,,6585,8,,,1,30,,6605,8,,,1,70,,6624,8,,,1,30,,6597,8,,,1,70,,6611,8,,,1,30,,6587,8,,,1,70,,6625,8,,,1,30,,6615,8,,,1,70,,6593,8,,,1,30,,6610,8,,,1,70,,6612,8,,,1,30,,6601,8,,,1,70,,6609,8,,,1,30,,6586,8,,,1,70,,6595,8,,,1,30,,6579,8,,,1,70,,6577,8,,,1,30,,6571,8,,,1
20401,'8',1850,,6635,8,,,1,70,,6638,8,,,1,30,,6643,8,,,1,70,,6629,8,,,1,30,,6632,8,,,1,70,,6640,8,,,1,30,,6626,8,,,1,70,,6631,8,,,1,30,,6634,8,,,1,70,,6642,8,,,1
