10301,'14',618,,3306,17,,,1,100,,25,17,,,1,30,,3307,17,,,1,70,,3297,17,,,1,30,,3301,17,,,1,70,,3303,17,,,1,30,,3295,17,,,1,70,,3292,17,,,1,100,,3290,17,,,1,100,,3294,17,,,1,100,,3302,17,,,1,100,,3291,17,,,1,100,,3293,17,,,1,30,,3299,17,,,1,70,,3300,17,,,1,30,,541,17,,,1,70,,3304,17,,,1,30,,3305,17,,,1,70,,3296,17,,,1,30,,3298,17,,,1
10301,'18',618,,3326,17,,,1,100,,3313,17,,,1,30,,3327,17,,,1,70,,3317,17,,,1,30,,3321,17,,,1,70,,3323,17,,,1,30,,3315,17,,,1,70,,3310,17,,,1,100,,3308,17,,,1,100,,3314,17,,,1,100,,3322,17,,,1,100,,3309,17,,,1,100,,3311,17,,,1,30,,3319,17,,,1,70,,3320,17,,,1,30,,3312,17,,,1,70,,3324,17,,,1,30,,3325,17,,,1,70,,3316,17,,,1,30,,3318,17,,,1
10301,'20',618,,3343,17,,,1,100,,7,17,,,1,30,,3333,17,,,1,70,,3334,17,,,1,30,,3344,17,,,1,70,,3339,17,,,1,30,,3340,17,,,1,70,,3330,17,,,1,100,,3328,17,,,1,100,,3332,17,,,1,100,,3338,17,,,1,100,,3329,17,,,1,100,,3331,17,,,1,30,,3336,17,,,1,70,,3337,17,,,1,30,,503,17,,,1,70,,3341,17,,,1,30,,3342,17,,,1,70,,1140,17,,,1,30,,3335,17,,,1
10301,'8',618,,3363,17,,,1,100,,3350,17,,,1,30,,3352,17,,,1,70,,3354,17,,,1,30,,3364,17,,,1,70,,3359,17,,,1,30,,3360,17,,,1,70,,3347,17,,,1,100,,3345,17,,,1,100,,3351,17,,,1,100,,3358,17,,,1,100,,3346,17,,,1,100,,3348,17,,,1,30,,3356,17,,,1,70,,3357,17,,,1,30,,3349,17,,,1,70,,3361,17,,,1,30,,3362,17,,,1,70,,3353,17,,,1,30,,3355,17,,,1
20301,'11',714,,6302,12,0,9 3 10,1,30,,6297,12,0,9 3 10,1,70,,6289,12,0,9 3 10,1,30,,6283,12,0,9 3 10,1,70,,6292,12,0,9 3 10,1,30,,6287,12,0,9 3 10,1,70,,6284,12,0,9 3 10,1,30,,6291,12,0,9 3 10,1,70,,6286,12,0,9 3 10,1,30,,6303,12,0,9 3 10,1,70,,6282,12,0,9 3 10,1,30,,2455,12,0,9 3 10,1,70,,6281,12,0,9 3 10,1,30,,6294,12,0,9 3 10,1,70,,6298,12,0,9 3 10,1,30,,6300,12,0,9 3 10,1,70,,6288,12,0,9 3 10,1,30,,6285,12,0,9 3 10,1,70,,6295,12,0,9 3 10,1,30,,6304,12,0,9 3 10,1,70,,2277,12,0,9 3 10,1,30,,6299,12,0,9 3 10,1,70,,2286,12,0,9 3 10,1,30,,6301,12,0,9 3 10,1,70,,6293,12,0,9 3 10,1,30,,6290,12,0,9 3 10,1,70,,6296,12,0,9 3 10,1,30,,6280,12,0,9 3 10,1
20301,'14',1914,,925,12,0,9 3 10,1,30,,6308,12,0,9 3 10,1,70,,6311,12,0,9 3 10,1,30,,6313,12,0,9 3 10,1,70,,6306,12,0,9 3 10,1,30,,6305,12,0,9 3 10,1,70,,6310,12,0,9 3 10,1,30,,6309,12,0,9 3 10,1,70,,6312,12,0,9 3 10,1,30,,6307,12,0,9 3 10,1
20301,'18',1914,,6319,12,0,9 3 10,1,30,,6317,12,0,9 3 10,1,70,,6322,12,0,9 3 10,1,30,,6324,12,0,9 3 10,1,70,,6316,12,0,9 3 10,1,30,,6315,12,0,9 3 10,1,70,,6321,12,0,9 3 10,1,30,,6320,12,0,9 3 10,1,70,,6323,12,0,9 3 10,1,30,,6318,12,0,9 3 10,1
20301,'20',1914,,913,12,0,9 3 10,1,30,,6328,12,0,9 3 10,1,70,,6331,12,0,9 3 10,1,30,,6333,12,0,9 3 10,1,70,,6326,12,0,9 3 10,1,30,,6325,12,0,9 3 10,1,70,,6330,12,0,9 3 10,1,30,,6329,12,0,9 3 10,1,70,,6332,12,0,9 3 10,1,30,,6327,12,0,9 3 10,1
20301,'4',714,,6359,12,0,9 3 10,1,30,,6354,12,0,9 3 10,1,70,,6346,12,0,9 3 10,1,30,,6337,12,0,9 3 10,1,70,,6349,12,0,9 3 10,1,30,,6342,12,0,9 3 10,1,70,,6338,12,0,9 3 10,1,30,,6348,12,0,9 3 10,1,70,,6341,12,0,9 3 10,1,30,,6360,12,0,9 3 10,1,70,,6336,12,0,9 3 10,1,30,,6344,12,0,9 3 10,1,70,,6335,12,0,9 3 10,1,30,,6351,12,0,9 3 10,1,70,,6355,12,0,9 3 10,1,30,,6357,12,0,9 3 10,1,70,,6343,12,0,9 3 10,1,30,,6340,12,0,9 3 10,1,70,,6352,12,0,9 3 10,1,30,,6361,12,0,9 3 10,1,70,,6339,12,0,9 3 10,1,30,,6356,12,0,9 3 10,1,70,,6345,12,0,9 3 10,1,30,,6358,12,0,9 3 10,1,70,,6350,12,0,9 3 10,1,30,,6347,12,0,9 3 10,1,70,,6353,12,0,9 3 10,1,30,,6334,12,0,9 3 10,1
20301,'8',1914,,6367,12,0,9 3 10,1,30,,6365,12,0,9 3 10,1,70,,6370,12,0,9 3 10,1,30,,6372,12,0,9 3 10,1,70,,6364,12,0,9 3 10,1,30,,6363,12,0,9 3 10,1,70,,6369,12,0,9 3 10,1,30,,6368,12,0,9 3 10,1,70,,6371,12,0,9 3 10,1,30,,6366,12,0,9 3 10,1
