10501,'14',628,,3819,8,0,14 15 16,1,100,,3820,8,0,14 15 16,1,30,,3828,8,0,14 15 16,1,70,,3816,8,0,14 15 16,1,30,,3798,8,0,14 15 16,1,70,,3806,8,0,14 15 16,1,30,,3826,8,0,14 15 16,1,70,,3812,8,0,14 15 16,1,100,,3796,8,0,14 15 16,1,100,,3811,8,0,14 15 16,1,100,,3814,8,0,14 15 16,1,100,,3794,8,0,14 15 16,1,100,,3813,8,0,14 15 16,1,30,,3823,8,0,14 15 16,1,70,,3822,8,0,14 15 16,1,30,,3821,8,0,14 15 16,1,70,,3818,8,0,14 15 16,1,30,,3829,8,0,14 15 16,1,70,,3825,8,0,14 15 16,1
10501,'18',628,,3857,8,0,14 15 16,1,100,,3858,8,0,14 15 16,1,30,,3866,8,0,14 15 16,1,70,,3854,8,0,14 15 16,1,30,,3834,8,0,14 15 16,1,70,,3843,8,0,14 15 16,1,30,,3864,8,0,14 15 16,1,70,,3849,8,0,14 15 16,1,100,,3832,8,0,14 15 16,1,100,,3848,8,0,14 15 16,1,100,,3852,8,0,14 15 16,1,100,,3830,8,0,14 15 16,1,100,,3850,8,0,14 15 16,1,30,,3861,8,0,14 15 16,1,70,,3860,8,0,14 15 16,1,30,,3859,8,0,14 15 16,1,70,,3856,8,0,14 15 16,1,30,,3867,8,0,14 15 16,1,70,,3863,8,0,14 15 16,1
10501,'20',628,,3893,8,0,14 15 16,1,100,,3894,8,0,14 15 16,1,30,,3902,8,0,14 15 16,1,70,,3890,8,0,14 15 16,1,30,,3872,8,0,14 15 16,1,70,,3880,8,0,14 15 16,1,30,,3900,8,0,14 15 16,1,70,,3886,8,0,14 15 16,1,100,,3870,8,0,14 15 16,1,100,,3885,8,0,14 15 16,1,100,,3888,8,0,14 15 16,1,100,,3868,8,0,14 15 16,1,100,,3887,8,0,14 15 16,1,30,,3897,8,0,14 15 16,1,70,,3896,8,0,14 15 16,1,30,,3895,8,0,14 15 16,1,70,,3892,8,0,14 15 16,1,30,,3903,8,0,14 15 16,1,70,,3899,8,0,14 15 16,1
10501,'8',628,,3931,8,0,14 15 16,1,100,,3932,8,0,14 15 16,1,30,,3940,8,0,14 15 16,1,70,,3928,8,0,14 15 16,1,30,,3908,8,0,14 15 16,1,70,,3917,8,0,14 15 16,1,30,,3938,8,0,14 15 16,1,70,,3923,8,0,14 15 16,1,100,,3906,8,0,14 15 16,1,100,,3922,8,0,14 15 16,1,100,,3926,8,0,14 15 16,1,100,,3904,8,0,14 15 16,1,100,,3924,8,0,14 15 16,1,30,,3935,8,0,14 15 16,1,70,,3934,8,0,14 15 16,1,30,,3933,8,0,14 15 16,1,70,,3930,8,0,14 15 16,1,30,,3941,8,0,14 15 16,1,70,,3937,8,0,14 15 16,1
20501,'11',727,,6751,8,,,1,100,,6752,8,,,1,100,,6738,8,,,1,100,,2515,8,,,1,100,,6753,8,,,1,100,,6750,8,,,1,100,,6740,8,,,1,100,,6748,8,,,1,100,,6730,8,,,1,100,,6735,8,,,1,100,,6734,8,,,1,100,,6732,8,,,1,100,,6742,8,,,1,100,,6747,8,,,1
20501,'14',1927,,6756,8,,,1,100,,6762,8,,,1,100,,6755,8,,,1,100,,6760,8,,,1
20501,'18',1927,,6764,8,,,1,100,,6770,8,,,1,100,,6763,8,,,1,100,,6768,8,,,1
20501,'20',1927,,6772,8,,,1,100,,6778,8,,,1,100,,6771,8,,,1,100,,6776,8,,,1
20501,'4',727,,6803,8,,,1,100,,6804,8,,,1,100,,6789,8,,,1,100,,6796,8,,,1,100,,6805,8,,,1,100,,6802,8,,,1,100,,6791,8,,,1,100,,6800,8,,,1,100,,6780,8,,,1,100,,6786,8,,,1,100,,6785,8,,,1,100,,6783,8,,,1,100,,6793,8,,,1,100,,6799,8,,,1
20501,'8',1927,,6808,8,,,1,100,,6814,8,,,1,100,,6807,8,,,1,100,,6812,8,,,1
