11200,'14',653,,5200,8,,,1,100,,5196,8,,,1,100,,179,8,,,1,100,,5194,8,,,1,100,,1448,8,,,1,100,,5198,8,,,1,100,,2335,8,,,1,100,,5201,8,,,1,102,,5197,8,,,1,98,,5199,8,,,1,100,,5195,8,,,1
11200,'18',653,,5211,8,,,1,100,,5204,8,,,1,100,,5209,8,,,1,100,,5202,8,,,1,100,,5207,8,,,1,100,,5208,8,,,1,100,,5205,8,,,1,100,,5212,8,,,1,102,,5206,8,,,1,98,,5210,8,,,1,100,,5203,8,,,1
11200,'20',653,,5215,8,,,1,100,,5218,8,,,1,100,,5221,8,,,1,100,,5214,8,,,1,100,,1411,8,,,1,100,,5217,8,,,1,100,,2259,8,,,1,100,,5220,8,,,1,102,,5216,8,,,1,98,,5219,8,,,1,100,,5213,8,,,1
11200,'8',653,,5225,8,,,1,100,,5229,8,,,1,100,,5232,8,,,1,100,,5224,8,,,1,100,,5227,8,,,1,100,,5228,8,,,1,100,,5223,8,,,1,100,,5231,8,,,1,102,,5226,8,,,1,98,,5230,8,,,1,100,,5222,8,,,1
20300,'11',737,,6213,15,,,1,70,,6203,15,,,1,30,,2599,15,,,1,70,,6204,15,,,1,30,,6214,15,,,1,70,,6208,15,,,1,30,,6218,15,,,1,70,,1827,15,,,1,30,,6216,15,,,1,70,,6211,15,,,1,30,,6205,15,,,1,70,,6200,15,,,1,30,,6209,15,,,1,70,,6199,15,,,1,30,,6215,15,,,1,70,,6212,15,,,1,30,,6198,15,,,1,70,,6197,15,,,1,30,,6195,15,,,1,70,,6210,15,,,1,30,,6202,15,,,1,70,,6201,15,,,1,30,,6206,15,,,1,70,,6207,15,,,1,30,,6217,15,,,1,70,,6196,15,,,1,30,,6194,15,,,1
20300,'14',1907,,6223,15,,,1,30,,6225,15,,,1,70,,6219,15,,,1,30,,6220,15,,,1,70,,2607,15,,,1,30,,6226,15,,,1,70,,6222,15,,,1,30,,6224,15,,,1,70,,6221,15,,,1
20300,'18',1907,,6231,15,,,1,30,,6234,15,,,1,70,,6227,15,,,1,30,,6228,15,,,1,70,,6232,15,,,1,30,,6235,15,,,1,70,,6230,15,,,1,30,,6233,15,,,1,70,,6229,15,,,1
20300,'20',1907,,6240,15,,,1,30,,6242,15,,,1,70,,6236,15,,,1,30,,6237,15,,,1,70,,2556,15,,,1,30,,6243,15,,,1,70,,6239,15,,,1,30,,6241,15,,,1,70,,6238,15,,,1
20300,'4',737,,6264,15,,,1,70,,6254,15,,,1,30,,6267,15,,,1,70,,6255,15,,,1,30,,6265,15,,,1,70,,6259,15,,,1,30,,6270,15,,,1,70,,6249,15,,,1,30,,6268,15,,,1,70,,6262,15,,,1,30,,6256,15,,,1,70,,6251,15,,,1,30,,6260,15,,,1,70,,6250,15,,,1,30,,6266,15,,,1,70,,6263,15,,,1,30,,6248,15,,,1,70,,6247,15,,,1,30,,6245,15,,,1,70,,6261,15,,,1,30,,6253,15,,,1,70,,6252,15,,,1,30,,6257,15,,,1,70,,6258,15,,,1,30,,6269,15,,,1,70,,6246,15,,,1,30,,6244,15,,,1
20300,'8',1907,,6275,15,,,1,30,,6278,15,,,1,70,,6271,15,,,1,30,,6272,15,,,1,70,,6276,15,,,1,30,,6279,15,,,1,70,,6274,15,,,1,30,,6277,15,,,1,70,,6273,15,,,1
