10600,'14',650,,3956,17,,,1,100,,3951,17,,,1,70,,850,17,,,1,30,,3952,17,,,1,70,,3955,17,,,1,30,,3945,17,,,1,100,,3954,17,,,1,100,,3953,17,,,1,100,,3944,17,,,1,100,,3949,17,,,1,100,,3948,17,,,1,70,,3943,17,,,1,30,,3946,17,,,1,70,,3942,17,,,1,32,,1074,17,,,1,68,,3950,17,,,1,32,,3947,17,,,1
10600,'18',650,,3973,17,,,1,100,,3967,17,,,1,70,,3963,17,,,1,30,,3968,17,,,1,70,,3971,17,,,1,30,,3960,17,,,1,100,,3970,17,,,1,100,,3969,17,,,1,100,,3959,17,,,1,100,,3965,17,,,1,100,,3964,17,,,1,70,,3958,17,,,1,30,,3961,17,,,1,70,,3957,17,,,1,32,,3972,17,,,1,68,,3966,17,,,1,32,,3962,17,,,1
10600,'20',650,,3988,17,,,1,100,,3983,17,,,1,70,,820,17,,,1,30,,3984,17,,,1,70,,3987,17,,,1,30,,3977,17,,,1,100,,3986,17,,,1,100,,3985,17,,,1,100,,3976,17,,,1,100,,3981,17,,,1,100,,3980,17,,,1,70,,3975,17,,,1,30,,3978,17,,,1,70,,3974,17,,,1,32,,1049,17,,,1,68,,3982,17,,,1,32,,3979,17,,,1
10600,'8',650,,4005,17,,,1,100,,3999,17,,,1,70,,3995,17,,,1,30,,4000,17,,,1,70,,4003,17,,,1,30,,3992,17,,,1,100,,4002,17,,,1,100,,4001,17,,,1,100,,3991,17,,,1,100,,3997,17,,,1,100,,3996,17,,,1,70,,3990,17,,,1,30,,3993,17,,,1,70,,3989,17,,,1,32,,4004,17,,,1,68,,3998,17,,,1,32,,3994,17,,,1
11200,'14',701,,5200,24,,,1,100,,5196,24,,,1,100,,179,24,,,1,100,,5194,24,,,1,100,,1448,24,,,1,100,,5198,24,,,1,100,,2335,24,,,1,100,,5201,24,,,1,102,,5197,24,,,1,98,,5199,24,,,1,100,,5195,24,,,1
11200,'18',701,,5211,24,,,1,100,,5204,24,,,1,100,,5209,24,,,1,100,,5202,24,,,1,100,,5207,24,,,1,100,,5208,24,,,1,100,,5205,24,,,1,100,,5212,24,,,1,102,,5206,24,,,1,98,,5210,24,,,1,100,,5203,24,,,1
11200,'20',701,,5215,24,,,1,100,,5218,24,,,1,100,,5221,24,,,1,100,,5214,24,,,1,100,,1411,24,,,1,100,,5217,24,,,1,100,,2259,24,,,1,100,,5220,24,,,1,102,,5216,24,,,1,98,,5219,24,,,1,100,,5213,24,,,1
11200,'8',701,,5225,24,,,1,100,,5229,24,,,1,100,,5232,24,,,1,100,,5224,24,,,1,100,,5227,24,,,1,100,,5228,24,,,1,100,,5223,24,,,1,100,,5231,24,,,1,102,,5226,24,,,1,98,,5230,24,,,1,100,,5222,24,,,1
20600,'11',748,,6836,22,,,1,70,,6823,22,,,1,30,,6840,22,,,1,70,,6839,22,,,1,30,,6820,22,,,1,70,,6821,22,,,1,30,,6835,22,,,1,71,,6816,22,,,1,29,,6830,22,,,1,70,,6818,22,,,1,30,,6815,22,,,1,70,,6826,22,,,1,30,,6831,22,,,1,71,,6838,22,,,1,29,,6827,22,,,1,70,,6833,22,,,1,30,,6817,22,,,1,70,,6819,22,,,1,30,,6832,22,,,1,70,,6828,22,,,1,30,,6824,22,,,1,70,,6837,22,,,1,31,,6822,22,,,1,70,,6834,22,,,1,30,,6829,22,,,1,70,,6825,22,,,1
20600,'14',1819,,6841,22,,,1,29,,6848,22,,,1,71,,6846,22,,,1,31,,6842,22,,,1,70,,6849,22,,,1,30,,6844,22,,,1,69,,6847,22,,,1,30,,477,22,,,1,70,,6845,22,,,1,30,,6843,22,,,1
20600,'18',1819,,6850,22,,,1,29,,6858,22,,,1,71,,6856,22,,,1,31,,6851,22,,,1,70,,6859,22,,,1,30,,6853,22,,,1,69,,6857,22,,,1,30,,6855,22,,,1,70,,6854,22,,,1,30,,6852,22,,,1
20600,'20',1819,,6860,22,,,1,29,,6867,22,,,1,71,,6865,22,,,1,31,,6861,22,,,1,70,,6868,22,,,1,30,,6863,22,,,1,69,,6866,22,,,1,30,,439,22,,,1,70,,6864,22,,,1,30,,6862,22,,,1
20600,'4',748,,6890,22,,,1,70,,6877,22,,,1,30,,6894,22,,,1,70,,6893,22,,,1,30,,6874,22,,,1,70,,6875,22,,,1,30,,6889,22,,,1,71,,6870,22,,,1,29,,6884,22,,,1,70,,6872,22,,,1,30,,6869,22,,,1,70,,6880,22,,,1,30,,6885,22,,,1,71,,6892,22,,,1,29,,6881,22,,,1,70,,6887,22,,,1,30,,6871,22,,,1,70,,6873,22,,,1,30,,6886,22,,,1,70,,6882,22,,,1,30,,6878,22,,,1,70,,6891,22,,,1,31,,6876,22,,,1,70,,6888,22,,,1,30,,6883,22,,,1,70,,6879,22,,,1
20600,'8',1819,,6895,22,,,1,29,,6903,22,,,1,71,,6901,22,,,1,31,,6896,22,,,1,70,,6904,22,,,1,30,,6898,22,,,1,69,,6902,22,,,1,30,,6900,22,,,1,70,,6899,22,,,1,30,,6897,22,,,1
