11301,'14',601,,5462,2,,,1,100,,5486,2,,,1,100,,5494,2,,,1,100,,5480,2,,,1,100,,5471,2,,,1,100,,5488,2,,,1,100,,5465,2,,,1,100,,5468,2,,,1,100,,5493,2,,,1,100,,5472,2,,,1,100,,5481,2,,,1,100,,5470,2,,,1,100,,5473,2,,,1,100,,5469,2,,,1
11301,'18',601,,5499,2,,,1,100,,5527,2,,,1,100,,5535,2,,,1,100,,5519,2,,,1,100,,5509,2,,,1,100,,5529,2,,,1,100,,5503,2,,,1,100,,5506,2,,,1,100,,5534,2,,,1,100,,5511,2,,,1,100,,5520,2,,,1,100,,5508,2,,,1,100,,5512,2,,,1,100,,5507,2,,,1
11301,'20',601,,5539,2,,,1,100,,5559,2,,,1,100,,5573,2,,,1,100,,5551,2,,,1,100,,5544,2,,,1,100,,5561,2,,,1,100,,5541,2,,,1,100,,5558,2,,,1,100,,5572,2,,,1,100,,5557,2,,,1,100,,5536,2,,,1,100,,5554,2,,,1,100,,5563,2,,,1,100,,5543,2,,,1
11301,'8',601,,5577,2,,,1,100,,5600,2,,,1,100,,5614,2,,,1,100,,5591,2,,,1,100,,5583,2,,,1,100,,5602,2,,,1,100,,5580,2,,,1,100,,5599,2,,,1,100,,5613,2,,,1,100,,5598,2,,,1,100,,5574,2,,,1,100,,5595,2,,,1,100,,5604,2,,,1,100,,5582,2,,,1
21301,'11',701,,7731,2,,,1,100,,7735,2,,,1,100,,7715,2,,,1,100,,7716,2,,,1,100,,7723,2,,,1,100,,7721,2,,,1,100,,7703,2,,,1,100,,7702,2,,,1,100,,7719,2,,,1,100,,7724,2,,,1,100,,7722,2,,,1,100,,7727,2,,,1,100,,7729,2,,,1
21301,'14',2001,,7746,2,,,1,100,,1745,2,,,1,100,,7748,2,,,1
21301,'18',2001,,7756,2,,,1,100,,7758,2,,,1,100,,7759,2,,,1
21301,'20',2001,,7767,2,,,1,100,,1697,2,,,1,100,,7769,2,,,1
21301,'4',701,,7802,2,,,1,100,,7806,2,,,1,100,,7785,2,,,1,100,,7786,2,,,1,100,,7794,2,,,1,100,,7791,2,,,1,100,,7773,2,,,1,100,,7772,2,,,1,100,,7789,2,,,1,100,,7795,2,,,1,100,,7792,2,,,1,100,,7798,2,,,1,100,,7800,2,,,1
21301,'8',2001,,7817,2,,,1,100,,7819,2,,,1,100,,7820,2,,,1
