10800,'12',706,,9468,12,,,1,30,,9461,12,,,1,70,,1519,12,,,1,30,,9459,12,,,1,70,,9454,12,,,1,30,,9445,12,,,1,100,,9467,12,,,1,100,,9450,12,,,1,100,,9457,12,,,1,100,,9465,12,,,1,100,,9463,12,,,1,70,,9452,12,,,1,30,,9446,12,,,1,70,,9443,12,,,1,30,,9447,12,,,1,70,,9451,12,,,1,30,,9453,12,,,1
10800,'5',706,,9491,12,,,1,30,,9497,12,,,1,70,,9479,12,,,1,30,,9495,12,,,1,70,,9470,12,,,1,30,,9477,12,,,1,100,,9502,12,,,1,100,,9484,12,,,1,100,,9492,12,,,1,100,,9501,12,,,1,100,,9499,12,,,1,70,,9486,12,,,1,30,,9478,12,,,1,70,,9475,12,,,1,30,,9480,12,,,1,70,,9485,12,,,1,30,,9487,12,,,1
10800,'9',706,,9524,12,,,1,30,,9528,12,,,1,70,,390,12,,,1,30,,9527,12,,,1,70,,9504,12,,,1,30,,9511,12,,,1,100,,9533,12,,,1,100,,9517,12,,,1,100,,9525,12,,,1,100,,9532,12,,,1,100,,9530,12,,,1,70,,9519,12,,,1,30,,9512,12,,,1,70,,9509,12,,,1,30,,9513,12,,,1,70,,9518,12,,,1,30,,9520,12,,,1
11401,'12',645,,10375,21,,,1,100,,10374,21,,,1,100,,10369,21,,,1,100,,10370,21,,,1,100,,10373,21,,,1,100,,10365,21,,,1,100,,10367,21,,,1,100,,10372,21,,,1,100,,10366,21,,,1,100,,10368,21,,,1,100,,10371,21,,,1,100,,6417,21,,,1
11401,'5',645,,10387,21,,,1,100,,10386,21,,,1,100,,10381,21,,,1,100,,10382,21,,,1,100,,10385,21,,,1,100,,10377,21,,,1,100,,10379,21,,,1,100,,10384,21,,,1,100,,10378,21,,,1,100,,10380,21,,,1,100,,10383,21,,,1,100,,10376,21,,,1
11401,'9',645,,10398,21,,,1,100,,10397,21,,,1,100,,10392,21,,,1,100,,10393,21,,,1,100,,10396,21,,,1,100,,10388,21,,,1,100,,10390,21,,,1,100,,10395,21,,,1,100,,10389,21,,,1,100,,10391,21,,,1,100,,10394,21,,,1,100,,6400,21,,,1
21401,'12',1847,,11727,27,,,1,100,,11730,27,,,1,100,,11728,27,,,1,100,,11731,27,,,1,100,,11729,27,,,1
21401,'5',1847,,11736,27,,,1,100,,11734,27,,,1,100,,11733,27,,,1,100,,11732,27,,,1,100,,11735,27,,,1
21401,'7',747,,11739,27,,,1,100,,11741,27,,,1,100,,11744,27,,,1,100,,11742,27,,,1,100,,11749,27,,,1,100,,11746,27,,,1,100,,11748,27,,,1,100,,11738,27,,,1,100,,11740,27,,,1,100,,11743,27,,,1,100,,11745,27,,,1,100,,11747,27,,,1,100,,11737,27,,,1
21401,'9',1847,,11751,27,,,1,100,,5663,27,,,1,100,,11752,27,,,1,100,,11753,27,,,1,100,,11750,27,,,1
