10701,'14',557,,4195,7,0,5 6,1,100,,4151,7,0,5 6,1,70,,4179,7,0,5 6,1,30,,4160,7,0,5 6,1,70,,4198,7,0,5 6,1,30,,4201,7,0,5 6,1,100,,4176,7,0,5 6,1,100,,4170,7,0,5 6,1,100,,4171,7,0,5 6,1,100,,4199,7,0,5 6,1,100,,4158,7,0,5 6,1,70,,4200,7,0,5 6,1,30,,4175,7,0,5 6,1,70,,1246,7,0,5 6,1,30,,4157,7,0,5 6,1,70,,4182,7,0,5 6,1,30,,4172,7,0,5 6,1,70,,4146,7,0,5 6,1,30,,4192,7,0,5 6,1,100,,4186,7,0,5 6,1
10701,'18',557,,4255,7,0,5 6,1,100,,4208,7,0,5 6,1,70,,4238,7,0,5 6,1,30,,4217,7,0,5 6,1,70,,4258,7,0,5 6,1,30,,4261,7,0,5 6,1,100,,4234,7,0,5 6,1,100,,4227,7,0,5 6,1,100,,4228,7,0,5 6,1,100,,4259,7,0,5 6,1,100,,4215,7,0,5 6,1,70,,4260,7,0,5 6,1,30,,4233,7,0,5 6,1,70,,4239,7,0,5 6,1,30,,4214,7,0,5 6,1,70,,4242,7,0,5 6,1,30,,4230,7,0,5 6,1,70,,4203,7,0,5 6,1,30,,4252,7,0,5 6,1,100,,4246,7,0,5 6,1
10701,'20',557,,4312,7,0,5 6,1,100,,4268,7,0,5 6,1,70,,4296,7,0,5 6,1,30,,4277,7,0,5 6,1,70,,4315,7,0,5 6,1,30,,4318,7,0,5 6,1,100,,4293,7,0,5 6,1,100,,4287,7,0,5 6,1,100,,4288,7,0,5 6,1,100,,4316,7,0,5 6,1,100,,4275,7,0,5 6,1,70,,4317,7,0,5 6,1,30,,4292,7,0,5 6,1,70,,1233,7,0,5 6,1,30,,4274,7,0,5 6,1,70,,4300,7,0,5 6,1,30,,4289,7,0,5 6,1,70,,4263,7,0,5 6,1,30,,4309,7,0,5 6,1,100,,4303,7,0,5 6,1
10701,'8',557,,4372,7,0,5 6,1,100,,4325,7,0,5 6,1,70,,4355,7,0,5 6,1,30,,4334,7,0,5 6,1,70,,4375,7,0,5 6,1,30,,4378,7,0,5 6,1,100,,4351,7,0,5 6,1,100,,4344,7,0,5 6,1,100,,4345,7,0,5 6,1,100,,4376,7,0,5 6,1,100,,4332,7,0,5 6,1,70,,4377,7,0,5 6,1,30,,4350,7,0,5 6,1,70,,4356,7,0,5 6,1,30,,4331,7,0,5 6,1,70,,4359,7,0,5 6,1,30,,4347,7,0,5 6,1,70,,4320,7,0,5 6,1,30,,4369,7,0,5 6,1,100,,4363,7,0,5 6,1
21401,'11',738,,7872,7,,,1,100,,7880,7,,,1,100,,7876,7,,,1,100,,7871,7,,,1,100,,7873,7,,,1,100,,7879,7,,,1,100,,7878,7,,,1,100,,7869,7,,,1,100,,7875,7,,,1,100,,7868,7,,,1,100,,7877,7,,,1,100,,7874,7,,,1,100,,7870,7,,,1
21401,'14',1838,,7885,7,,,1,100,,7883,7,,,1,100,,7881,7,,,1,100,,7884,7,,,1,100,,7882,7,,,1
21401,'18',1838,,7890,7,,,1,100,,7888,7,,,1,100,,7886,7,,,1,100,,7889,7,,,1,100,,7887,7,,,1
21401,'20',1838,,7893,7,,,1,100,,81,7,,,1,100,,7891,7,,,1,100,,7892,7,,,1,100,,7894,7,,,1
21401,'4',738,,7899,7,,,1,100,,7907,7,,,1,100,,7903,7,,,1,100,,7898,7,,,1,100,,7900,7,,,1,100,,7906,7,,,1,100,,7905,7,,,1,100,,7896,7,,,1,100,,7902,7,,,1,100,,7895,7,,,1,100,,7904,7,,,1,100,,7901,7,,,1,100,,7897,7,,,1
21401,'8',1838,,7911,7,,,1,100,,7909,7,,,1,100,,7908,7,,,1,100,,7910,7,,,1,100,,7912,7,,,1
