11201,'14',725,,5238,19,,,1,100,,5237,19,,,1,100,,5242,19,,,1,100,,5233,19,,,1,100,,2656,19,,,1,100,,5243,19,,,1,100,,5234,19,,,1,100,,5235,19,,,1,100,,5248,19,,,1,100,,5239,19,,,1,100,,5244,19,,,1
11201,'18',725,,5259,19,,,1,100,,5258,19,,,1,100,,5263,19,,,1,100,,5251,19,,,1,100,,5252,19,,,1,100,,5264,19,,,1,100,,5253,19,,,1,100,,5254,19,,,1,100,,5270,19,,,1,100,,5260,19,,,1,100,,5265,19,,,1
11201,'20',725,,5290,19,,,1,100,,5274,19,,,1,100,,5292,19,,,1,100,,5273,19,,,1,100,,5275,19,,,1,100,,5283,19,,,1,100,,5276,19,,,1,100,,5277,19,,,1,100,,5287,19,,,1,100,,5279,19,,,1,100,,5284,19,,,1
11201,'8',725,,5312,19,,,1,100,,5294,19,,,1,100,,5314,19,,,1,100,,5293,19,,,1,100,,5295,19,,,1,100,,5304,19,,,1,100,,5296,19,,,1,100,,5297,19,,,1,100,,5309,19,,,1,100,,5300,19,,,1,100,,5305,19,,,1
20600,'11',740,,6836,13,,,1,70,,6823,13,,,1,30,,6840,13,,,1,70,,6839,13,,,1,30,,6820,13,,,1,70,,6821,13,,,1,30,,6835,13,,,1,71,,6816,13,,,1,29,,6830,13,,,1,70,,6818,13,,,1,30,,6815,13,,,1,70,,6826,13,,,1,30,,6831,13,,,1,71,,6838,13,,,1,29,,6827,13,,,1,70,,6833,13,,,1,30,,6817,13,,,1,70,,6819,13,,,1,30,,6832,13,,,1,70,,6828,13,,,1,30,,6824,13,,,1,70,,6837,13,,,1,31,,6822,13,,,1,69,,6834,13,,,1,30,,6829,13,,,1,70,,6825,13,,,1
20600,'14',1811,,6841,13,,,1,29,,6848,13,,,1,70,,6846,13,,,1,31,,6842,13,,,1,70,,6849,13,,,1,30,,6844,13,,,1,69,,6847,13,,,1,30,,477,13,,,1,70,,6845,13,,,1,30,,6843,13,,,1
20600,'18',1811,,6850,13,,,1,29,,6858,13,,,1,70,,6856,13,,,1,31,,6851,13,,,1,70,,6859,13,,,1,30,,6853,13,,,1,69,,6857,13,,,1,30,,6855,13,,,1,70,,6854,13,,,1,30,,6852,13,,,1
20600,'20',1811,,6860,13,,,1,29,,6867,13,,,1,70,,6865,13,,,1,31,,6861,13,,,1,70,,6868,13,,,1,30,,6863,13,,,1,69,,6866,13,,,1,30,,439,13,,,1,70,,6864,13,,,1,30,,6862,13,,,1
20600,'4',740,,6890,13,,,1,70,,6877,13,,,1,30,,6894,13,,,1,70,,6893,13,,,1,30,,6874,13,,,1,70,,6875,13,,,1,30,,6889,13,,,1,71,,6870,13,,,1,29,,6884,13,,,1,70,,6872,13,,,1,30,,6869,13,,,1,70,,6880,13,,,1,30,,6885,13,,,1,71,,6892,13,,,1,29,,6881,13,,,1,70,,6887,13,,,1,30,,6871,13,,,1,70,,6873,13,,,1,30,,6886,13,,,1,70,,6882,13,,,1,30,,6878,13,,,1,70,,6891,13,,,1,31,,6876,13,,,1,69,,6888,13,,,1,30,,6883,13,,,1,70,,6879,13,,,1
20600,'8',1811,,6895,13,,,1,29,,6903,13,,,1,70,,6901,13,,,1,31,,6896,13,,,1,70,,6904,13,,,1,30,,6898,13,,,1,69,,6902,13,,,1,30,,6900,13,,,1,70,,6899,13,,,1,30,,6897,13,,,1
