10301,'14',621,,3306,23,,,1,100,,25,23,,,1,30,,3307,23,,,1,70,,3297,23,,,1,30,,3301,23,,,1,70,,3303,23,,,1,30,,3295,23,,,1,70,,3292,23,,,1,100,,3290,23,,,1,100,,3294,23,,,1,100,,3302,23,,,1,100,,3291,23,,,1,100,,3293,23,,,1,30,,3299,23,,,1,70,,3300,23,,,1,30,,541,23,,,1,70,,3304,23,,,1,30,,3305,23,,,1,70,,3296,23,,,1,30,,3298,23,,,1
10301,'18',621,,3326,23,,,1,100,,3313,23,,,1,30,,3327,23,,,1,70,,3317,23,,,1,30,,3321,23,,,1,70,,3323,23,,,1,30,,3315,23,,,1,70,,3310,23,,,1,100,,3308,23,,,1,100,,3314,23,,,1,100,,3322,23,,,1,100,,3309,23,,,1,100,,3311,23,,,1,30,,3319,23,,,1,70,,3320,23,,,1,30,,3312,23,,,1,70,,3324,23,,,1,30,,3325,23,,,1,70,,3316,23,,,1,30,,3318,23,,,1
10301,'20',621,,3343,23,,,1,100,,7,23,,,1,30,,3333,23,,,1,70,,3334,23,,,1,30,,3344,23,,,1,70,,3339,23,,,1,30,,3340,23,,,1,70,,3330,23,,,1,100,,3328,23,,,1,100,,3332,23,,,1,100,,3338,23,,,1,100,,3329,23,,,1,100,,3331,23,,,1,30,,3336,23,,,1,70,,3337,23,,,1,30,,503,23,,,1,70,,3341,23,,,1,30,,3342,23,,,1,70,,1140,23,,,1,30,,3335,23,,,1
10301,'8',621,,3363,23,,,1,100,,3350,23,,,1,30,,3352,23,,,1,70,,3354,23,,,1,30,,3364,23,,,1,70,,3359,23,,,1,30,,3360,23,,,1,70,,3347,23,,,1,100,,3345,23,,,1,100,,3351,23,,,1,100,,3358,23,,,1,100,,3346,23,,,1,100,,3348,23,,,1,30,,3356,23,,,1,70,,3357,23,,,1,30,,3349,23,,,1,70,,3361,23,,,1,30,,3362,23,,,1,70,,3353,23,,,1,30,,3355,23,,,1
11000,'14',632,,4832,4,,,1,70,,4818,4,,,1,30,,4814,4,,,1,70,,4815,4,,,1,30,,4829,4,,,1,70,,4826,4,,,1,30,,4824,4,,,1,70,,4834,4,,,1,30,,4819,4,,,1,70,,4820,4,,,1,30,,779,4,,,1,70,,4831,4,,,1,30,,385,4,,,1,70,,4830,4,,,1,30,,4817,4,,,1,70,,4816,4,,,1,30,,4825,4,,,1,70,,4833,4,,,1,30,,4827,4,,,1,70,,4823,4,,,1,30,,4821,4,,,1,70,,4822,4,,,1,30,,161,4,,,1,70,,4828,4,,,1,30,,253,4,,,1
11000,'18',632,,4857,4,,,1,70,,4840,4,,,1,30,,4835,4,,,1,70,,4836,4,,,1,30,,4854,4,,,1,70,,4851,4,,,1,30,,4848,4,,,1,70,,4859,4,,,1,30,,4842,4,,,1,70,,4843,4,,,1,30,,4849,4,,,1,70,,4856,4,,,1,30,,4837,4,,,1,70,,4855,4,,,1,30,,4839,4,,,1,70,,4838,4,,,1,30,,4850,4,,,1,70,,4858,4,,,1,30,,4852,4,,,1,70,,4847,4,,,1,30,,4844,4,,,1,70,,4845,4,,,1,30,,4846,4,,,1,70,,4853,4,,,1,30,,4841,4,,,1
11000,'20',632,,4878,4,,,1,70,,4864,4,,,1,30,,4860,4,,,1,70,,4861,4,,,1,30,,4875,4,,,1,70,,4872,4,,,1,30,,4870,4,,,1,70,,4880,4,,,1,30,,4865,4,,,1,70,,4866,4,,,1,30,,719,4,,,1,70,,4877,4,,,1,30,,335,4,,,1,70,,4876,4,,,1,30,,4863,4,,,1,70,,4862,4,,,1,30,,4871,4,,,1,70,,4879,4,,,1,30,,4873,4,,,1,70,,4869,4,,,1,30,,4867,4,,,1,70,,4868,4,,,1,30,,104,4,,,1,70,,4874,4,,,1,30,,234,4,,,1
11000,'8',632,,4903,4,,,1,70,,4886,4,,,1,30,,4881,4,,,1,70,,4882,4,,,1,30,,4900,4,,,1,70,,4897,4,,,1,30,,4894,4,,,1,70,,4905,4,,,1,30,,4888,4,,,1,70,,4889,4,,,1,30,,4895,4,,,1,70,,4902,4,,,1,30,,4883,4,,,1,70,,4901,4,,,1,30,,4885,4,,,1,70,,4884,4,,,1,30,,4896,4,,,1,70,,4904,4,,,1,30,,4898,4,,,1,70,,4893,4,,,1,30,,4890,4,,,1,70,,4891,4,,,1,30,,4892,4,,,1,70,,4899,4,,,1,30,,4887,4,,,1
20301,'11',716,,6302,18,0,9 3 10,1,30,,6297,18,0,9 3 10,1,70,,6289,18,0,9 3 10,1,30,,6283,18,0,9 3 10,1,70,,6292,18,0,9 3 10,1,30,,6287,18,0,9 3 10,1,70,,6284,18,0,9 3 10,1,30,,6291,18,0,9 3 10,1,70,,6286,18,0,9 3 10,1,30,,6303,18,0,9 3 10,1,70,,6282,18,0,9 3 10,1,30,,2455,18,0,9 3 10,1,70,,6281,18,0,9 3 10,1,30,,6294,18,0,9 3 10,1,70,,6298,18,0,9 3 10,1,30,,6300,18,0,9 3 10,1,70,,6288,18,0,9 3 10,1,30,,6285,18,0,9 3 10,1,70,,6295,18,0,9 3 10,1,30,,6304,18,0,9 3 10,1,70,,2277,18,0,9 3 10,1,30,,6299,18,0,9 3 10,1,70,,2286,18,0,9 3 10,1,30,,6301,18,0,9 3 10,1,70,,6293,18,0,9 3 10,1,30,,6290,18,0,9 3 10,1,70,,6296,18,0,9 3 10,1,30,,6280,18,0,9 3 10,1
20301,'14',1916,,925,18,0,9 3 10,1,30,,6308,18,0,9 3 10,1,70,,6311,18,0,9 3 10,1,30,,6313,18,0,9 3 10,1,70,,6306,18,0,9 3 10,1,30,,6305,18,0,9 3 10,1,70,,6310,18,0,9 3 10,1,30,,6309,18,0,9 3 10,1,70,,6312,18,0,9 3 10,1,30,,6307,18,0,9 3 10,1
20301,'18',1916,,6319,18,0,9 3 10,1,30,,6317,18,0,9 3 10,1,70,,6322,18,0,9 3 10,1,30,,6324,18,0,9 3 10,1,70,,6316,18,0,9 3 10,1,30,,6315,18,0,9 3 10,1,70,,6321,18,0,9 3 10,1,30,,6320,18,0,9 3 10,1,70,,6323,18,0,9 3 10,1,30,,6318,18,0,9 3 10,1
20301,'20',1916,,913,18,0,9 3 10,1,30,,6328,18,0,9 3 10,1,70,,6331,18,0,9 3 10,1,30,,6333,18,0,9 3 10,1,70,,6326,18,0,9 3 10,1,30,,6325,18,0,9 3 10,1,70,,6330,18,0,9 3 10,1,30,,6329,18,0,9 3 10,1,70,,6332,18,0,9 3 10,1,30,,6327,18,0,9 3 10,1
20301,'4',716,,6359,18,0,9 3 10,1,30,,6354,18,0,9 3 10,1,70,,6346,18,0,9 3 10,1,30,,6337,18,0,9 3 10,1,70,,6349,18,0,9 3 10,1,30,,6342,18,0,9 3 10,1,70,,6338,18,0,9 3 10,1,30,,6348,18,0,9 3 10,1,70,,6341,18,0,9 3 10,1,30,,6360,18,0,9 3 10,1,70,,6336,18,0,9 3 10,1,30,,6344,18,0,9 3 10,1,70,,6335,18,0,9 3 10,1,30,,6351,18,0,9 3 10,1,70,,6355,18,0,9 3 10,1,30,,6357,18,0,9 3 10,1,70,,6343,18,0,9 3 10,1,30,,6340,18,0,9 3 10,1,70,,6352,18,0,9 3 10,1,30,,6361,18,0,9 3 10,1,70,,6339,18,0,9 3 10,1,30,,6356,18,0,9 3 10,1,70,,6345,18,0,9 3 10,1,30,,6358,18,0,9 3 10,1,70,,6350,18,0,9 3 10,1,30,,6347,18,0,9 3 10,1,70,,6353,18,0,9 3 10,1,30,,6334,18,0,9 3 10,1
20301,'8',1916,,6367,18,0,9 3 10,1,30,,6365,18,0,9 3 10,1,70,,6370,18,0,9 3 10,1,30,,6372,18,0,9 3 10,1,70,,6364,18,0,9 3 10,1,30,,6363,18,0,9 3 10,1,70,,6369,18,0,9 3 10,1,30,,6368,18,0,9 3 10,1,70,,6371,18,0,9 3 10,1,30,,6366,18,0,9 3 10,1
