10901,'14',611,,4641,4,,,1,100,,4674,4,,,1,100,,4661,4,,,1,100,,4649,4,,,1,100,,994,4,,,1,100,,4647,4,,,1,100,,4638,4,,,1,100,,4668,4,,,1,100,,4644,4,,,1,100,,4651,4,,,1,100,,383,4,,,1,100,,4656,4,,,1
10901,'18',611,,4687,4,,,1,100,,4722,4,,,1,100,,4709,4,,,1,100,,4697,4,,,1,100,,4695,4,,,1,100,,4693,4,,,1,100,,4682,4,,,1,100,,4716,4,,,1,100,,4690,4,,,1,100,,4699,4,,,1,100,,4685,4,,,1,100,,4704,4,,,1
10901,'20',611,,4732,4,,,1,100,,4765,4,,,1,100,,4752,4,,,1,100,,4740,4,,,1,100,,946,4,,,1,100,,4738,4,,,1,100,,4729,4,,,1,100,,4759,4,,,1,100,,4735,4,,,1,100,,4742,4,,,1,100,,333,4,,,1,100,,4747,4,,,1
10901,'8',611,,4778,4,,,1,100,,4813,4,,,1,100,,4800,4,,,1,100,,4788,4,,,1,100,,4786,4,,,1,100,,4784,4,,,1,100,,4773,4,,,1,100,,4807,4,,,1,100,,4781,4,,,1,100,,4790,4,,,1,100,,4776,4,,,1,100,,4795,4,,,1
11300,'14',641,,5339,4,,,1,100,,5321,4,,,1,100,,5342,4,,,1,100,,5318,4,,,1,100,,5325,4,,,1,100,,2436,4,,,1,100,,5328,4,,,1,100,,5326,4,,,1,100,,5330,4,,,1,100,,5333,4,,,1,100,,5332,4,,,1,100,,5329,4,,,1,100,,5348,4,,,1
11300,'18',641,,5378,4,,,1,100,,5356,4,,,1,100,,5381,4,,,1,100,,5353,4,,,1,100,,5360,4,,,1,100,,5376,4,,,1,100,,5363,4,,,1,100,,5361,4,,,1,100,,5366,4,,,1,100,,5371,4,,,1,100,,5369,4,,,1,100,,5364,4,,,1,100,,5387,4,,,1
11300,'20',641,,5410,4,,,1,100,,5393,4,,,1,100,,5412,4,,,1,100,,5390,4,,,1,100,,5396,4,,,1,100,,2398,4,,,1,100,,5413,4,,,1,100,,5398,4,,,1,100,,5408,4,,,1,100,,1912,4,,,1,100,,962,4,,,1,100,,1393,4,,,1,100,,5406,4,,,1
11300,'8',641,,5449,4,,,1,100,,5424,4,,,1,100,,5451,4,,,1,100,,5421,4,,,1,100,,5427,4,,,1,100,,5441,4,,,1,100,,5452,4,,,1,100,,5430,4,,,1,100,,5446,4,,,1,100,,5435,4,,,1,100,,5448,4,,,1,100,,5439,4,,,1,100,,5443,4,,,1
20901,'11',711,,7151,4,,,1,100,,7162,4,,,1,100,,7130,4,,,1,100,,7166,4,,,1,100,,7152,4,,,1,100,,7161,4,,,1,100,,7172,4,,,1,100,,7131,4,,,1,100,,7142,4,,,1,100,,1866,4,,,1,100,,7159,4,,,1,100,,7139,4,,,1,100,,7126,4,,,1,100,,7149,4,,,1
20901,'14',1811,,465,4,,,1,100,,7181,4,,,1,100,,7180,4,,,1,100,,7189,4,,,1,100,,7191,4,,,1
20901,'18',1811,,7200,4,,,1,100,,7199,4,,,1,100,,7198,4,,,1,100,,7209,4,,,1,100,,7211,4,,,1
20901,'20',1811,,427,4,,,1,100,,7220,4,,,1,100,,7215,4,,,1,100,,7223,4,,,1,100,,7218,4,,,1
20901,'4',711,,7261,4,,,1,100,,7272,4,,,1,100,,7238,4,,,1,100,,7276,4,,,1,100,,7262,4,,,1,100,,7271,4,,,1,100,,7282,4,,,1,100,,7239,4,,,1,100,,7251,4,,,1,100,,7233,4,,,1,100,,7269,4,,,1,100,,7248,4,,,1,100,,7232,4,,,1,100,,7258,4,,,1
20901,'8',1811,,7293,4,,,1,100,,7292,4,,,1,100,,7287,4,,,1,100,,7296,4,,,1,100,,7290,4,,,1
