10500,'14',557,,3682,2,,,1,100,,3668,2,,,1,70,,3649,2,,,1,30,,3679,2,,,1,70,,3650,2,,,1,30,,3678,2,,,1,70,,3665,2,,,1,30,,3648,2,,,1,100,,3664,2,,,1,100,,1449,2,,,1,100,,3662,2,,,1,100,,3661,2,,,1,100,,3657,2,,,1,70,,3653,2,,,1,30,,3667,2,,,1,70,,3671,2,,,1,30,,1017,2,,,1,70,,3660,2,,,1,30,,3680,2,,,1
10500,'18',557,,3720,2,,,1,100,,3704,2,,,1,70,,3684,2,,,1,30,,3717,2,,,1,70,,3685,2,,,1,30,,3716,2,,,1,70,,3700,2,,,1,30,,3683,2,,,1,100,,3699,2,,,1,100,,3707,2,,,1,100,,3697,2,,,1,100,,3696,2,,,1,100,,3692,2,,,1,70,,3688,2,,,1,30,,3703,2,,,1,70,,3709,2,,,1,30,,3705,2,,,1,70,,3695,2,,,1,30,,3718,2,,,1
10500,'20',557,,3755,2,,,1,100,,3740,2,,,1,70,,3722,2,,,1,30,,3752,2,,,1,70,,3723,2,,,1,30,,3751,2,,,1,70,,3737,2,,,1,30,,3721,2,,,1,100,,3736,2,,,1,100,,3742,2,,,1,100,,3734,2,,,1,100,,3733,2,,,1,100,,3729,2,,,1,70,,806,2,,,1,30,,3739,2,,,1,70,,3744,2,,,1,30,,969,2,,,1,70,,3732,2,,,1,30,,3753,2,,,1
10500,'8',557,,3793,2,,,1,100,,3777,2,,,1,70,,3757,2,,,1,30,,3790,2,,,1,70,,3758,2,,,1,30,,3789,2,,,1,70,,3773,2,,,1,30,,3756,2,,,1,100,,3772,2,,,1,100,,3780,2,,,1,100,,3770,2,,,1,100,,3769,2,,,1,100,,3765,2,,,1,70,,3761,2,,,1,30,,3776,2,,,1,70,,3782,2,,,1,30,,3778,2,,,1,70,,3768,2,,,1,30,,3791,2,,,1
20500,'11',657,,6648,2,,,1,100,,6658,2,,,1,100,,6654,2,,,1,100,,6662,2,,,1,100,,6667,2,,,1,100,,6647,2,,,1,100,,6668,2,,,1,100,,6663,2,,,1,100,,6669,2,,,1,100,,6646,2,,,1,100,,2735,2,,,1,100,,6665,2,,,1,100,,2642,2,,,1,100,,6650,2,,,1
20500,'14',1857,,6671,2,,,1,100,,6672,2,,,1,100,,1735,2,,,1,100,,6677,2,,,1
20500,'18',1857,,6678,2,,,1,100,,6679,2,,,1,100,,6682,2,,,1,100,,6685,2,,,1
20500,'20',1857,,6686,2,,,1,100,,6687,2,,,1,100,,1687,2,,,1,100,,6692,2,,,1
20500,'4',657,,6696,2,,,1,100,,6707,2,,,1,100,,6703,2,,,1,100,,6711,2,,,1,100,,6717,2,,,1,100,,6695,2,,,1,100,,6718,2,,,1,100,,6712,2,,,1,100,,6719,2,,,1,100,,6693,2,,,1,100,,6713,2,,,1,100,,6715,2,,,1,100,,6694,2,,,1,100,,6699,2,,,1
20500,'8',1857,,6721,2,,,1,100,,6722,2,,,1,100,,6725,2,,,1,100,,6728,2,,,1
