10400,'12',635,,5394,9,0,11 12,1,70,,8704,9,0,11 12,1,30,,8705,9,0,11 12,1,70,,8710,9,0,11 12,1,30,,8715,9,0,11 12,1,70,,8712,9,0,11 12,1,30,,8709,9,0,11 12,1,70,,8701,9,0,11 12,1,30,,8700,9,0,11 12,1,70,,8707,9,0,11 12,1,30,,8699,9,0,11 12,1,70,,8698,9,0,11 12,1,30,,8714,9,0,11 12,1,70,,8703,9,0,11 12,1,30,,8720,9,0,11 12,1,70,,8716,9,0,11 12,1,30,,8706,9,0,11 12,1,70,,8718,9,0,11 12,1,30,,8713,9,0,11 12,1,70,,8702,9,0,11 12,1,30,,8719,9,0,11 12,1,70,,8717,9,0,11 12,1,30,,8711,9,0,11 12,1,70,,8708,9,0,11 12,1,30,,8721,9,0,11 12,1
10400,'5',635,,8728,9,0,11 12,1,70,,8729,9,0,11 12,1,30,,8730,9,0,11 12,1,70,,8735,9,0,11 12,1,30,,8740,9,0,11 12,1,70,,8737,9,0,11 12,1,30,,8734,9,0,11 12,1,70,,8725,9,0,11 12,1,30,,8724,9,0,11 12,1,70,,8732,9,0,11 12,1,30,,8723,9,0,11 12,1,70,,8722,9,0,11 12,1,30,,8739,9,0,11 12,1,70,,8727,9,0,11 12,1,30,,8745,9,0,11 12,1,70,,8741,9,0,11 12,1,30,,8731,9,0,11 12,1,70,,8743,9,0,11 12,1,30,,8738,9,0,11 12,1,70,,8726,9,0,11 12,1,30,,8744,9,0,11 12,1,70,,8742,9,0,11 12,1,30,,8736,9,0,11 12,1,70,,8733,9,0,11 12,1,30,,8746,9,0,11 12,1
10400,'9',635,,5322,9,0,11 12,1,70,,8753,9,0,11 12,1,30,,8754,9,0,11 12,1,70,,8759,9,0,11 12,1,30,,8764,9,0,11 12,1,70,,8761,9,0,11 12,1,30,,8758,9,0,11 12,1,70,,8750,9,0,11 12,1,30,,8749,9,0,11 12,1,70,,8756,9,0,11 12,1,30,,8748,9,0,11 12,1,70,,8747,9,0,11 12,1,30,,8763,9,0,11 12,1,70,,8752,9,0,11 12,1,30,,8769,9,0,11 12,1,70,,8765,9,0,11 12,1,30,,8755,9,0,11 12,1,70,,8767,9,0,11 12,1,30,,8762,9,0,11 12,1,70,,8751,9,0,11 12,1,30,,8768,9,0,11 12,1,70,,8766,9,0,11 12,1,30,,8760,9,0,11 12,1,70,,8757,9,0,11 12,1,30,,8770,9,0,11 12,1
20301,'12',2404,,10812,10,,,1
20301,'5',2404,,10822,10,,,1
20301,'9',2404,,10856,10,,,1
20400,'12',1907,,10868,10,,,1,30,,10867,10,,,1,70,,10870,10,,,1,30,,10871,10,,,1,70,,10863,10,,,1,30,,10864,10,,,1,70,,10865,10,,,1,30,,10869,10,,,1,70,,10866,10,,,1,30,,10872,10,,,1
20400,'5',1907,,10878,10,,,1,30,,10877,10,,,1,70,,10880,10,,,1,30,,10881,10,,,1,70,,10873,10,,,1,30,,10874,10,,,1,70,,10875,10,,,1,30,,10879,10,,,1,70,,10876,10,,,1,30,,10882,10,,,1
20400,'7',737,,10904,10,,,1,70,,6840,10,,,1,30,,10905,10,,,1,70,,10885,10,,,1,30,,7137,10,,,1,70,,10892,10,,,1,30,,10900,10,,,1,70,,10901,10,,,1,30,,10908,10,,,1,70,,10899,10,,,1,30,,10886,10,,,1,70,,10893,10,,,1,30,,10883,10,,,1,70,,10894,10,,,1,30,,10906,10,,,1,70,,10907,10,,,1,30,,10897,10,,,1,70,,10890,10,,,1,30,,10887,10,,,1,70,,10903,10,,,1,30,,10884,10,,,1,70,,10895,10,,,1,30,,10888,10,,,1,70,,10889,10,,,1,30,,10891,10,,,1,70,,10896,10,,,1,30,,10898,10,,,1,70,,10902,10,,,1
20400,'9',1907,,10914,10,,,1,30,,10913,10,,,1,70,,10916,10,,,1,30,,10917,10,,,1,70,,10909,10,,,1,30,,10910,10,,,1,70,,10911,10,,,1,30,,10915,10,,,1,70,,10912,10,,,1,30,,10918,10,,,1
