11100,'14',601,,5007,2,,,1,30,,5010,2,,,1,70,,5017,2,,,1,30,,5016,2,,,1,70,,765,2,,,1,30,,5018,2,,,1,70,,5024,2,,,1,30,,1287,2,,,1,70,,5020,2,,,1,30,,5014,2,,,1,70,,5019,2,,,1,30,,5005,2,,,1,70,,5004,2,,,1,30,,5003,2,,,1,70,,5013,2,,,1,30,,5023,2,,,1,70,,5021,2,,,1,30,,5008,2,,,1,70,,5009,2,,,1,30,,5015,2,,,1,70,,5006,2,,,1,30,,5002,2,,,1,70,,5022,2,,,1,30,,5012,2,,,1,70,,5011,2,,,1,30,,1286,2,,,1
11100,'18',601,,5030,2,,,1,30,,5033,2,,,1,70,,5041,2,,,1,30,,5040,2,,,1,70,,5039,2,,,1,30,,5044,2,,,1,70,,5050,2,,,1,30,,5043,2,,,1,70,,5046,2,,,1,30,,5037,2,,,1,70,,5045,2,,,1,30,,5028,2,,,1,70,,5027,2,,,1,30,,5026,2,,,1,70,,5036,2,,,1,30,,5049,2,,,1,70,,5047,2,,,1,30,,5031,2,,,1,70,,5032,2,,,1,30,,5038,2,,,1,70,,5029,2,,,1,30,,5025,2,,,1,70,,5048,2,,,1,30,,5035,2,,,1,70,,5034,2,,,1,30,,5042,2,,,1
11100,'20',601,,5059,2,,,1,30,,5062,2,,,1,70,,5067,2,,,1,30,,5065,2,,,1,70,,705,2,,,1,30,,5068,2,,,1,70,,5074,2,,,1,30,,1269,2,,,1,70,,5070,2,,,1,30,,5063,2,,,1,70,,5069,2,,,1,30,,5054,2,,,1,70,,5056,2,,,1,30,,5051,2,,,1,70,,5064,2,,,1,30,,5073,2,,,1,70,,5058,2,,,1,30,,5060,2,,,1,70,,5066,2,,,1,30,,5052,2,,,1,70,,5057,2,,,1,30,,5055,2,,,1,70,,5061,2,,,1,30,,5072,2,,,1,70,,5053,2,,,1,30,,5071,2,,,1
11100,'8',601,,5083,2,,,1,30,,5086,2,,,1,70,,5092,2,,,1,30,,5090,2,,,1,70,,5089,2,,,1,30,,5094,2,,,1,70,,5100,2,,,1,30,,5093,2,,,1,70,,5096,2,,,1,30,,5087,2,,,1,70,,5095,2,,,1,30,,5078,2,,,1,70,,5080,2,,,1,30,,5075,2,,,1,70,,5088,2,,,1,30,,5099,2,,,1,70,,5082,2,,,1,30,,5084,2,,,1,70,,5091,2,,,1,30,,5076,2,,,1,70,,5081,2,,,1,30,,5079,2,,,1,70,,5085,2,,,1,30,,5098,2,,,1,70,,5077,2,,,1,30,,5097,2,,,1
21100,'11',731,,7493,2,,,1,70,,7506,2,,,1,30,,7489,2,,,1,70,,7508,2,,,1,30,,7492,2,,,1,70,,7491,2,,,1,30,,7501,2,,,1,70,,7496,2,,,1,30,,7512,2,,,1,70,,2503,2,,,1,30,,7490,2,,,1,70,,7504,2,,,1,30,,7495,2,,,1,70,,7503,2,,,1,30,,7499,2,,,1,70,,7505,2,,,1,30,,7502,2,,,1,70,,7497,2,,,1,30,,7507,2,,,1,70,,7509,2,,,1,30,,7511,2,,,1,70,,2362,2,,,1,30,,7500,2,,,1,70,,7494,2,,,1,30,,7510,2,,,1,70,,7498,2,,,1,30,,7488,2,,,1
21100,'14',1901,,7515,2,,,1,30,,7521,2,,,1,70,,7514,2,,,1,30,,7513,2,,,1,70,,7517,2,,,1,30,,7520,2,,,1,70,,7518,2,,,1,30,,7516,2,,,1,70,,7519,2,,,1
21100,'18',1901,,7524,2,,,1,30,,7530,2,,,1,70,,7523,2,,,1,30,,7522,2,,,1,70,,7526,2,,,1,30,,7529,2,,,1,70,,7527,2,,,1,30,,7525,2,,,1,70,,7528,2,,,1
21100,'20',1901,,7538,2,,,1,30,,7539,2,,,1,70,,7532,2,,,1,30,,7531,2,,,1,70,,7534,2,,,1,30,,7537,2,,,1,70,,7535,2,,,1,30,,7533,2,,,1,70,,7536,2,,,1
21100,'4',731,,7546,2,,,1,70,,7560,2,,,1,30,,7541,2,,,1,70,,7562,2,,,1,30,,7545,2,,,1,70,,7544,2,,,1,30,,7555,2,,,1,70,,7549,2,,,1,30,,7566,2,,,1,70,,7553,2,,,1,30,,7542,2,,,1,70,,7558,2,,,1,30,,7548,2,,,1,70,,7557,2,,,1,30,,7552,2,,,1,70,,7559,2,,,1,30,,7556,2,,,1,70,,7550,2,,,1,30,,7561,2,,,1,70,,7563,2,,,1,30,,7565,2,,,1,70,,7543,2,,,1,30,,7554,2,,,1,70,,7547,2,,,1,30,,7564,2,,,1,70,,7551,2,,,1,30,,7540,2,,,1
21100,'8',1901,,7574,2,,,1,30,,7575,2,,,1,70,,7568,2,,,1,30,,7567,2,,,1,70,,7570,2,,,1,30,,7573,2,,,1,70,,7571,2,,,1,30,,7569,2,,,1,70,,7572,2,,,1
