11301,'14',650,,5474,9,,,1,100,,2215,9,,,1,100,,5477,9,,,1,100,,5490,9,,,1,100,,5482,9,,,1,100,,5459,9,,,1,100,,5461,9,,,1,100,,5464,9,,,1,100,,5479,9,,,1,100,,5483,9,,,1,100,,5463,9,,,1,100,,5484,9,,,1,100,,5466,9,,,1
11301,'18',650,,5513,9,,,1,100,,5502,9,,,1,100,,5516,9,,,1,100,,5531,9,,,1,100,,5522,9,,,1,100,,5496,9,,,1,100,,5498,9,,,1,100,,5501,9,,,1,100,,5518,9,,,1,100,,5523,9,,,1,100,,5500,9,,,1,100,,5525,9,,,1,100,,5504,9,,,1
11301,'20',650,,5545,9,,,1,100,,2139,9,,,1,100,,5548,9,,,1,100,,5566,9,,,1,100,,5552,9,,,1,100,,5537,9,,,1,100,,5568,9,,,1,100,,5540,9,,,1,100,,5556,9,,,1,100,,5564,9,,,1,100,,5571,9,,,1,100,,5567,9,,,1,100,,5542,9,,,1
11301,'8',650,,5585,9,,,1,100,,5579,9,,,1,100,,5588,9,,,1,100,,5607,9,,,1,100,,5592,9,,,1,100,,5575,9,,,1,100,,5609,9,,,1,100,,5578,9,,,1,100,,5597,9,,,1,100,,5605,9,,,1,100,,5612,9,,,1,100,,5608,9,,,1,100,,5581,9,,,1
21301,'11',750,,7709,9,,,1,100,,7712,9,,,1,100,,7732,9,,,1,100,,7726,9,,,1,100,,7710,9,,,1,100,,7734,9,,,1,100,,7738,9,,,1,100,,7720,9,,,1,100,,7725,9,,,1,100,,7730,9,,,1,100,,7705,9,,,1,100,,7711,9,,,1,100,,7706,9,,,1
21301,'14',1950,,7743,9,,,1,100,,7747,9,,,1,100,,7750,9,,,1,100,,7749,9,,,1
21301,'18',1950,,7753,9,,,1,100,,7757,9,,,1,100,,7761,9,,,1,100,,7760,9,,,1
21301,'20',1950,,7764,9,,,1,100,,7768,9,,,1,100,,7771,9,,,1,100,,7770,9,,,1
21301,'4',750,,7779,9,,,1,100,,7782,9,,,1,100,,7803,9,,,1,100,,7797,9,,,1,100,,7780,9,,,1,100,,7805,9,,,1,100,,7809,9,,,1,100,,7790,9,,,1,100,,7796,9,,,1,100,,7801,9,,,1,100,,7775,9,,,1,100,,7781,9,,,1,100,,7776,9,,,1
21301,'8',1950,,7814,9,,,1,100,,7818,9,,,1,100,,7822,9,,,1,100,,7821,9,,,1
