10501,'14',627,,3819,5,0,14 15 16,1,100,,3820,5,0,14 15 16,1,30,,3828,5,0,14 15 16,1,70,,3816,5,0,14 15 16,1,30,,3798,5,0,14 15 16,1,70,,3806,5,0,14 15 16,1,30,,3826,5,0,14 15 16,1,70,,3812,5,0,14 15 16,1,100,,3796,5,0,14 15 16,1,100,,3811,5,0,14 15 16,1,100,,3814,5,0,14 15 16,1,100,,3794,5,0,14 15 16,1,100,,3813,5,0,14 15 16,1,30,,3823,5,0,14 15 16,1,70,,3822,5,0,14 15 16,1,30,,3821,5,0,14 15 16,1,70,,3818,5,0,14 15 16,1,30,,3829,5,0,14 15 16,1,70,,3825,5,0,14 15 16,1
10501,'18',627,,3857,5,0,14 15 16,1,100,,3858,5,0,14 15 16,1,30,,3866,5,0,14 15 16,1,70,,3854,5,0,14 15 16,1,30,,3834,5,0,14 15 16,1,70,,3843,5,0,14 15 16,1,30,,3864,5,0,14 15 16,1,70,,3849,5,0,14 15 16,1,100,,3832,5,0,14 15 16,1,100,,3848,5,0,14 15 16,1,100,,3852,5,0,14 15 16,1,100,,3830,5,0,14 15 16,1,100,,3850,5,0,14 15 16,1,30,,3861,5,0,14 15 16,1,70,,3860,5,0,14 15 16,1,30,,3859,5,0,14 15 16,1,70,,3856,5,0,14 15 16,1,30,,3867,5,0,14 15 16,1,70,,3863,5,0,14 15 16,1
10501,'20',627,,3893,5,0,14 15 16,1,100,,3894,5,0,14 15 16,1,30,,3902,5,0,14 15 16,1,70,,3890,5,0,14 15 16,1,30,,3872,5,0,14 15 16,1,70,,3880,5,0,14 15 16,1,30,,3900,5,0,14 15 16,1,70,,3886,5,0,14 15 16,1,100,,3870,5,0,14 15 16,1,100,,3885,5,0,14 15 16,1,100,,3888,5,0,14 15 16,1,100,,3868,5,0,14 15 16,1,100,,3887,5,0,14 15 16,1,30,,3897,5,0,14 15 16,1,70,,3896,5,0,14 15 16,1,30,,3895,5,0,14 15 16,1,70,,3892,5,0,14 15 16,1,30,,3903,5,0,14 15 16,1,70,,3899,5,0,14 15 16,1
10501,'8',627,,3931,5,0,14 15 16,1,100,,3932,5,0,14 15 16,1,30,,3940,5,0,14 15 16,1,70,,3928,5,0,14 15 16,1,30,,3908,5,0,14 15 16,1,70,,3917,5,0,14 15 16,1,30,,3938,5,0,14 15 16,1,70,,3923,5,0,14 15 16,1,100,,3906,5,0,14 15 16,1,100,,3922,5,0,14 15 16,1,100,,3926,5,0,14 15 16,1,100,,3904,5,0,14 15 16,1,100,,3924,5,0,14 15 16,1,30,,3935,5,0,14 15 16,1,70,,3934,5,0,14 15 16,1,30,,3933,5,0,14 15 16,1,70,,3930,5,0,14 15 16,1,30,,3941,5,0,14 15 16,1,70,,3937,5,0,14 15 16,1
20501,'11',726,,6751,5,,,1,100,,6752,5,,,1,100,,6738,5,,,1,100,,2515,5,,,1,100,,6753,5,,,1,100,,6750,5,,,1,100,,6740,5,,,1,100,,6748,5,,,1,100,,6730,5,,,1,100,,6735,5,,,1,100,,6734,5,,,1,100,,6732,5,,,1,100,,6742,5,,,1,100,,6747,5,,,1
20501,'14',1926,,6756,5,,,1,100,,6762,5,,,1,100,,6755,5,,,1,100,,6760,5,,,1
20501,'18',1926,,6764,5,,,1,100,,6770,5,,,1,100,,6763,5,,,1,100,,6768,5,,,1
20501,'20',1926,,6772,5,,,1,100,,6778,5,,,1,100,,6771,5,,,1,100,,6776,5,,,1
20501,'4',726,,6803,5,,,1,100,,6804,5,,,1,100,,6789,5,,,1,100,,6796,5,,,1,100,,6805,5,,,1,100,,6802,5,,,1,100,,6791,5,,,1,100,,6800,5,,,1,100,,6780,5,,,1,100,,6786,5,,,1,100,,6785,5,,,1,100,,6783,5,,,1,100,,6793,5,,,1,100,,6799,5,,,1
20501,'8',1926,,6808,5,,,1,100,,6814,5,,,1,100,,6807,5,,,1,100,,6812,5,,,1
