10201,'12',644,,8467,18,4,,1,1,,8466,1,,,1,69,,8440,18,4,,1,1,,8443,1,,,1,29,,8433,18,4,,1,1,,8452,1,,,1,69,,8454,18,4,,1,1,,8473,1,,,1,29,,8435,18,4,,1,1,,8444,1,,,1,69,,7351,18,4,,1,1,,8469,1,,,1,29,,8462,18,4,,1,1,,8426,1,,,1,99,,8448,18,4,,1,1,,8441,1,,,1,99,,8442,18,4,,1,1,,8434,1,,,1,99,,8447,18,4,,1,1,,8423,1,,,1,99,,8475,18,4,,1,1,,8474,1,,,1,99,,8446,18,4,,1,1,,8431,1,,,1,69,,8436,18,4,,1,1,,8471,1,,,1,29,,8424,18,4,,1,1,,8461,1,,,1,69,,8451,18,4,,1,1,,8458,1,,,1,29,,6123,18,4,,1,1,,8472,1,,,1,69,,8468,18,4,,1,1,,8465,1,,,1,29,,8463,18,4,,1,1,,8457,1,,,1
10201,'5',644,,8524,18,4,,1,1,,8523,1,,,1,69,,8496,18,4,,1,1,,8499,1,,,1,29,,8489,18,4,,1,1,,8508,1,,,1,69,,8511,18,4,,1,1,,8530,1,,,1,29,,8491,18,4,,1,1,,8500,1,,,1,69,,8480,18,4,,1,1,,8526,1,,,1,29,,8519,18,4,,1,1,,8482,1,,,1,99,,8504,18,4,,1,1,,8497,1,,,1,99,,8498,18,4,,1,1,,8490,1,,,1,99,,8503,18,4,,1,1,,8478,1,,,1,99,,8532,18,4,,1,1,,8531,1,,,1,99,,8502,18,4,,1,1,,8487,1,,,1,69,,8492,18,4,,1,1,,8528,1,,,1,29,,8479,18,4,,1,1,,8518,1,,,1,69,,8507,18,4,,1,1,,8515,1,,,1,29,,8510,18,4,,1,1,,8529,1,,,1,69,,8525,18,4,,1,1,,8522,1,,,1,29,,8520,18,4,,1,1,,8514,1,,,1
10201,'9',644,,8579,18,4,,1,1,,8578,1,,,1,69,,8552,18,4,,1,1,,8555,1,,,1,29,,8545,18,4,,1,1,,8564,1,,,1,69,,8566,18,4,,1,1,,8585,1,,,1,29,,8547,18,4,,1,1,,8556,1,,,1,69,,7334,18,4,,1,1,,8581,1,,,1,29,,8574,18,4,,1,1,,8538,1,,,1,99,,8560,18,4,,1,1,,8553,1,,,1,99,,8554,18,4,,1,1,,8546,1,,,1,99,,8559,18,4,,1,1,,8535,1,,,1,99,,8587,18,4,,1,1,,8586,1,,,1,99,,8558,18,4,,1,1,,8543,1,,,1,69,,8548,18,4,,1,1,,8583,1,,,1,29,,8536,18,4,,1,1,,8573,1,,,1,69,,8563,18,4,,1,1,,8570,1,,,1,29,,6034,18,4,,1,1,,8584,1,,,1,69,,8580,18,4,,1,1,,8577,1,,,1,29,,8575,18,4,,1,1,,8569,1,,,1
10800,'12',700,,9468,1,,,1,30,,9461,1,,,1,70,,1519,1,,,1,30,,9459,1,,,1,70,,9454,1,,,1,30,,9445,1,,,1,100,,9467,1,,,1,100,,9450,1,,,1,100,,9457,1,,,1,100,,9465,1,,,1,100,,9463,1,,,1,70,,9452,1,,,1,30,,9446,1,,,1,70,,9443,1,,,1,30,,9447,1,,,1,70,,9451,1,,,1,30,,9453,1,,,1
10800,'5',700,,9491,1,,,1,30,,9497,1,,,1,70,,9479,1,,,1,30,,9495,1,,,1,70,,9470,1,,,1,30,,9477,1,,,1,100,,9502,1,,,1,100,,9484,1,,,1,100,,9492,1,,,1,100,,9501,1,,,1,100,,9499,1,,,1,70,,9486,1,,,1,30,,9478,1,,,1,70,,9475,1,,,1,30,,9480,1,,,1,70,,9485,1,,,1,30,,9487,1,,,1
10800,'9',700,,9524,1,,,1,30,,9528,1,,,1,70,,390,1,,,1,30,,9527,1,,,1,70,,9504,1,,,1,30,,9511,1,,,1,100,,9533,1,,,1,100,,9517,1,,,1,100,,9525,1,,,1,100,,9532,1,,,1,100,,9530,1,,,1,70,,9519,1,,,1,30,,9512,1,,,1,70,,9509,1,,,1,30,,9513,1,,,1,70,,9518,1,,,1,30,,9520,1,,,1
10801,'12',652,,9542,35,4,,1,70,,9541,35,4,,1,30,,9551,35,4,,1,70,,9538,35,4,,1,30,,9543,35,4,,1,70,,9539,35,4,,1,100,,9536,35,4,,1,100,,9550,35,4,,1,100,,9547,35,4,,1,100,,9549,35,4,,1,100,,9544,35,4,,1,30,,9546,35,4,,1,70,,9548,35,4,,1,30,,6419,35,4,,1,70,,2911,35,4,,1,30,,9535,35,4,,1,70,,9540,35,4,,1
10801,'5',652,,9561,35,4,,1,70,,9557,35,4,,1,30,,9569,35,4,,1,70,,9554,35,4,,1,30,,9570,35,4,,1,70,,9555,35,4,,1,100,,9553,35,4,,1,100,,9568,35,4,,1,100,,9565,35,4,,1,100,,9567,35,4,,1,100,,9560,35,4,,1,30,,9563,35,4,,1,70,,9566,35,4,,1,30,,9558,35,4,,1,70,,9559,35,4,,1,30,,9552,35,4,,1,70,,9556,35,4,,1
10801,'9',652,,3662,35,4,,1,70,,9576,35,4,,1,30,,9585,35,4,,1,70,,9573,35,4,,1,30,,9586,35,4,,1,70,,9574,35,4,,1,100,,9572,35,4,,1,100,,9584,35,4,,1,100,,9581,35,4,,1,100,,9583,35,4,,1,100,,9577,35,4,,1,30,,9579,35,4,,1,70,,9582,35,4,,1,30,,6402,35,4,,1,70,,2877,35,4,,1,30,,9571,35,4,,1,70,,9575,35,4,,1
10900,'12',700,,9595,1,,,1,100,,4282,1,,,1,100,,9588,1,,,1,100,,9591,1,,,1,100,,9590,1,,,1,100,,9587,1,,,1,100,,9593,1,,,1,100,,4964,1,,,1,100,,4729,1,,,1,100,,9594,1,,,1,100,,9592,1,,,1,100,,9589,1,,,1
10900,'5',700,,9607,1,,,1,100,,9602,1,,,1,100,,9597,1,,,1,100,,9601,1,,,1,100,,9600,1,,,1,100,,9596,1,,,1,100,,9605,1,,,1,100,,9604,1,,,1,100,,9598,1,,,1,100,,9606,1,,,1,100,,9603,1,,,1,100,,9599,1,,,1
10900,'9',700,,9616,1,,,1,100,,4165,1,,,1,100,,9609,1,,,1,100,,9612,1,,,1,100,,9611,1,,,1,100,,9608,1,,,1,100,,9614,1,,,1,100,,4916,1,,,1,100,,4638,1,,,1,100,,9615,1,,,1,100,,9613,1,,,1,100,,9610,1,,,1
10901,'12',622,,3144,10,4,,1,100,,9641,10,4,,1,100,,9635,10,4,,1,100,,9632,10,4,,1,100,,9651,10,4,,1,100,,9642,10,4,,1,100,,9633,10,4,,1,100,,9645,10,4,,1,100,,9658,10,4,,1,100,,9617,10,4,,1,100,,3414,10,4,,1,100,,9655,10,4,,1
10901,'5',622,,9703,10,4,,1,100,,9685,10,4,,1,100,,9679,10,4,,1,100,,9676,10,4,,1,100,,9695,10,4,,1,100,,9686,10,4,,1,100,,9677,10,4,,1,100,,9689,10,4,,1,100,,9706,10,4,,1,100,,9660,10,4,,1,100,,9659,10,4,,1,100,,9700,10,4,,1
10901,'9',622,,3035,10,4,,1,100,,9732,10,4,,1,100,,9726,10,4,,1,100,,9723,10,4,,1,100,,9742,10,4,,1,100,,9733,10,4,,1,100,,9724,10,4,,1,100,,9736,10,4,,1,100,,9749,10,4,,1,100,,9707,10,4,,1,100,,3365,10,4,,1,100,,9746,10,4,,1
11000,'12',639,,9762,13,4,,1,70,,9761,13,4,,1,30,,3741,13,4,,1,70,,9752,13,4,,1,30,,9767,13,4,,1,70,,9766,13,4,,1,30,,9764,13,4,,1,70,,3331,13,4,,1,30,,9758,13,4,,1,70,,9769,13,4,,1,30,,9770,13,4,,1,70,,9750,13,4,,1,30,,4615,13,4,,1,70,,9768,13,4,,1,30,,9757,13,4,,1,70,,9755,13,4,,1,30,,9759,13,4,,1,70,,9765,13,4,,1,30,,9754,13,4,,1,70,,9771,13,4,,1,30,,9751,13,4,,1,70,,9753,13,4,,1,30,,9763,13,4,,1,70,,9756,13,4,,1,30,,9760,13,4,,1
11000,'5',639,,9785,13,4,,1,70,,9784,13,4,,1,30,,9793,13,4,,1,70,,9774,13,4,,1,30,,9791,13,4,,1,70,,9790,13,4,,1,30,,9787,13,4,,1,70,,9777,13,4,,1,30,,9781,13,4,,1,70,,9794,13,4,,1,30,,9795,13,4,,1,70,,9772,13,4,,1,30,,9789,13,4,,1,70,,9792,13,4,,1,30,,9780,13,4,,1,70,,9778,13,4,,1,30,,9782,13,4,,1,70,,9788,13,4,,1,30,,9776,13,4,,1,70,,9796,13,4,,1,30,,9773,13,4,,1,70,,9775,13,4,,1,30,,9786,13,4,,1,70,,9779,13,4,,1,30,,9783,13,4,,1
11000,'9',639,,9809,13,4,,1,70,,9808,13,4,,1,30,,3669,13,4,,1,70,,9799,13,4,,1,30,,9813,13,4,,1,70,,9812,13,4,,1,30,,9811,13,4,,1,70,,3293,13,4,,1,30,,9805,13,4,,1,70,,9815,13,4,,1,30,,9816,13,4,,1,70,,9797,13,4,,1,30,,4591,13,4,,1,70,,9814,13,4,,1,30,,9804,13,4,,1,70,,9802,13,4,,1,30,,9806,13,4,,1,70,,4397,13,4,,1,30,,9801,13,4,,1,70,,9817,13,4,,1,30,,9798,13,4,,1,70,,9800,13,4,,1,30,,9810,13,4,,1,70,,9803,13,4,,1,30,,9807,13,4,,1
11001,'12',615,,9838,1,,,1,30,,9833,1,,,1,70,,9830,1,,,1,30,,9832,1,,,1,70,,9837,1,,,1,30,,9825,1,,,1,70,,9831,1,,,1,30,,9819,1,,,1,70,,9821,1,,,1,30,,9834,1,,,1,70,,9818,1,,,1,30,,9836,1,,,1,70,,9828,1,,,1,30,,6241,1,,,1,70,,9827,1,,,1,30,,1230,1,,,1,70,,9824,1,,,1,30,,9823,1,,,1,70,,9822,1,,,1,30,,3890,1,,,1,70,,9820,1,,,1,30,,9835,1,,,1,70,,9829,1,,,1,30,,3727,1,,,1,70,,9826,1,,,1
11001,'5',615,,9863,1,,,1,30,,9857,1,,,1,70,,9853,1,,,1,30,,9856,1,,,1,70,,9862,1,,,1,30,,9847,1,,,1,70,,9855,1,,,1,30,,9840,1,,,1,70,,9842,1,,,1,30,,9858,1,,,1,70,,9839,1,,,1,30,,9861,1,,,1,70,,9851,1,,,1,30,,9860,1,,,1,70,,9849,1,,,1,30,,9850,1,,,1,70,,9845,1,,,1,30,,9844,1,,,1,70,,9843,1,,,1,30,,9854,1,,,1,70,,9841,1,,,1,30,,9859,1,,,1,70,,9852,1,,,1,30,,9846,1,,,1,70,,9848,1,,,1
11001,'9',615,,9884,1,,,1,30,,9879,1,,,1,70,,9876,1,,,1,30,,9878,1,,,1,70,,9883,1,,,1,30,,9871,1,,,1,70,,9877,1,,,1,30,,9865,1,,,1,70,,9867,1,,,1,30,,9880,1,,,1,70,,9864,1,,,1,30,,9882,1,,,1,70,,9874,1,,,1,30,,6224,1,,,1,70,,9873,1,,,1,30,,3377,1,,,1,70,,9870,1,,,1,30,,9869,1,,,1,70,,9868,1,,,1,30,,3816,1,,,1,70,,9866,1,,,1,30,,9881,1,,,1,70,,9875,1,,,1,30,,3655,1,,,1,70,,9872,1,,,1
11100,'12',600,,3336,1,,,1,30,,9903,1,,,1,70,,713,1,,,1,30,,9900,1,,,1,70,,7531,1,,,1,30,,9887,1,,,1,70,,9902,1,,,1,30,,2908,1,,,1,70,,3886,1,,,1,30,,9896,1,,,1,70,,9885,1,,,1,30,,9893,1,,,1,70,,3870,1,,,1,30,,9899,1,,,1,70,,9892,1,,,1,30,,9897,1,,,1,70,,9890,1,,,1,30,,7354,1,,,1,70,,9886,1,,,1,30,,9888,1,,,1,70,,9889,1,,,1,30,,9898,1,,,1,70,,9894,1,,,1,30,,9895,1,,,1,70,,9891,1,,,1,30,,9901,1,,,1
11100,'5',600,,9923,1,,,1,30,,9929,1,,,1,70,,9915,1,,,1,30,,9925,1,,,1,70,,9906,1,,,1,30,,9905,1,,,1,70,,9928,1,,,1,30,,9912,1,,,1,70,,9914,1,,,1,30,,9918,1,,,1,70,,9904,1,,,1,30,,9908,1,,,1,70,,9913,1,,,1,30,,9924,1,,,1,70,,9920,1,,,1,30,,9910,1,,,1,70,,9917,1,,,1,30,,9916,1,,,1,70,,9907,1,,,1,30,,9927,1,,,1,70,,9921,1,,,1,30,,9911,1,,,1,70,,9909,1,,,1,30,,9926,1,,,1,70,,9919,1,,,1,30,,9922,1,,,1
11100,'9',600,,3299,1,,,1,30,,9947,1,,,1,70,,773,1,,,1,30,,9942,1,,,1,70,,7513,1,,,1,30,,9932,1,,,1,70,,9946,1,,,1,30,,2874,1,,,1,70,,3812,1,,,1,30,,9939,1,,,1,70,,9930,1,,,1,30,,9943,1,,,1,70,,9934,1,,,1,30,,9941,1,,,1,70,,5111,1,,,1,30,,9944,1,,,1,70,,6038,1,,,1,30,,7337,1,,,1,70,,9933,1,,,1,30,,9938,1,,,1,70,,9931,1,,,1,30,,9936,1,,,1,70,,9935,1,,,1,30,,9945,1,,,1,70,,9937,1,,,1,30,,9940,1,,,1
11101,'12',628,,9967,15,4,,1,30,,9958,15,4,,1,70,,9963,15,4,,1,30,,9964,15,4,,1,70,,9959,15,4,,1,30,,9954,15,4,,1,70,,9968,15,4,,1,30,,9961,15,4,,1,70,,9960,15,4,,1,30,,9956,15,4,,1,70,,9950,15,4,,1,30,,9957,15,4,,1,70,,9955,15,4,,1,30,,9969,15,4,,1,70,,9966,15,4,,1,30,,9948,15,4,,1,71,,9952,15,4,,1,30,,9965,15,4,,1,70,,3419,15,4,,1,30,,6994,15,4,,1,70,,9951,15,4,,1,30,,9949,15,4,,1,70,,9953,15,4,,1,30,,4114,15,4,,1,70,,9962,15,4,,1
11101,'5',628,,9993,15,4,,1,30,,9982,15,4,,1,70,,9989,15,4,,1,30,,9991,15,4,,1,70,,9983,15,4,,1,30,,9978,15,4,,1,70,,9994,15,4,,1,30,,9987,15,4,,1,70,,9984,15,4,,1,30,,9971,15,4,,1,70,,9974,15,4,,1,30,,9986,15,4,,1,70,,9979,15,4,,1,30,,9975,15,4,,1,70,,9977,15,4,,1,30,,9990,15,4,,1,71,,9976,15,4,,1,30,,9980,15,4,,1,70,,9985,15,4,,1,30,,9981,15,4,,1,70,,9988,15,4,,1,30,,9992,15,4,,1,70,,9970,15,4,,1,30,,9972,15,4,,1,70,,9973,15,4,,1
11101,'9',628,,10015,15,4,,1,30,,10004,15,4,,1,70,,10011,15,4,,1,30,,10013,15,4,,1,70,,10005,15,4,,1,30,,5329,15,4,,1,70,,10016,15,4,,1,30,,10008,15,4,,1,70,,10006,15,4,,1,30,,3009,15,4,,1,70,,9996,15,4,,1,30,,10000,15,4,,1,70,,10001,15,4,,1,30,,9997,15,4,,1,70,,10009,15,4,,1,30,,10007,15,4,,1,71,,9998,15,4,,1,30,,7182,15,4,,1,70,,10002,15,4,,1,30,,9999,15,4,,1,70,,10010,15,4,,1,30,,10014,15,4,,1,70,,10003,15,4,,1,30,,10012,15,4,,1,70,,9995,15,4,,1
11400,'12',630,,10334,1,,,1,100,,10340,1,,,1,100,,10339,1,,,1,100,,10333,1,,,1,100,,10336,1,,,1,100,,10337,1,,,1,100,,10341,1,,,1,100,,10342,1,,,1,100,,10335,1,,,1,100,,10338,1,,,1,100,,2398,1,,,1,100,,4454,1,,,1
11400,'5',630,,10344,1,,,1,100,,10352,1,,,1,100,,10351,1,,,1,100,,10343,1,,,1,100,,10347,1,,,1,100,,10348,1,,,1,100,,10353,1,,,1,100,,10354,1,,,1,100,,10346,1,,,1,100,,10350,1,,,1,100,,10349,1,,,1,100,,10345,1,,,1
11400,'9',630,,10356,1,,,1,100,,10362,1,,,1,100,,10361,1,,,1,100,,10355,1,,,1,100,,10358,1,,,1,100,,10359,1,,,1,100,,10363,1,,,1,100,,10364,1,,,1,100,,10357,1,,,1,100,,10360,1,,,1,100,,2436,1,,,1,100,,4386,1,,,1
11401,'12',656,,10375,34,4,,1,100,,10374,34,4,,1,100,,10369,34,4,,1,100,,10370,34,4,,1,100,,10373,34,4,,1,100,,10365,34,4,,1,100,,10367,34,4,,1,100,,10372,34,4,,1,100,,10366,34,4,,1,100,,10368,34,4,,1,100,,10371,34,4,,1,100,,6417,34,4,,1
11401,'5',656,,10387,34,4,,1,100,,10386,34,4,,1,100,,10381,34,4,,1,100,,10382,34,4,,1,100,,10385,34,4,,1,100,,10377,34,4,,1,100,,10379,34,4,,1,100,,10384,34,4,,1,100,,10378,34,4,,1,100,,10380,34,4,,1,100,,10383,34,4,,1,100,,10376,34,4,,1
11401,'9',656,,10398,34,4,,1,100,,10397,34,4,,1,100,,10392,34,4,,1,100,,10393,34,4,,1,100,,10396,34,4,,1,100,,10388,34,4,,1,100,,10390,34,4,,1,100,,10395,34,4,,1,100,,10389,34,4,,1,100,,10391,34,4,,1,100,,10394,34,4,,1,100,,6400,34,4,,1
11501,'12',708,,10426,11,4,,1,7,,10429,1,,,1,23,,10402,11,4,,1,7,,10405,1,,,1,63,,10415,11,4,,1,7,,10410,1,,,1,23,,10409,11,4,,1,7,,10421,1,,,1,63,,10431,11,4,,1,7,,10401,1,,,1,23,,10406,11,4,,1,7,,10407,1,,,1,63,,10400,11,4,,1,7,,2975,1,,,1,93,,3433,11,4,,1,7,,10403,1,,,1,93,,10432,11,4,,1,7,,10404,1,,,1,93,,10414,11,4,,1,7,,10419,1,,,1,93,,10428,11,4,,1,7,,10427,1,,,1,93,,10412,11,4,,1,7,,10430,1,,,1,23,,10411,11,4,,1,7,,10416,1,,,1,63,,10423,11,4,,1,7,,10422,1,,,1,23,,10420,11,4,,1,7,,10408,1,,,1,63,,10413,11,4,,1,7,,10425,1,,,1,23,,10417,11,4,,1,7,,10418,1,,,1,63,,10424,11,4,,1,7,,10399,1,,,1
11501,'5',708,,10461,11,4,,1,7,,10464,1,,,1,23,,10436,11,4,,1,7,,10439,1,,,1,63,,10450,11,4,,1,7,,10444,1,,,1,23,,10443,11,4,,1,7,,10456,1,,,1,63,,10466,11,4,,1,7,,10435,1,,,1,23,,10440,11,4,,1,7,,10441,1,,,1,63,,10434,11,4,,1,7,,10449,1,,,1,93,,10468,11,4,,1,7,,10437,1,,,1,93,,10467,11,4,,1,7,,10438,1,,,1,93,,10448,11,4,,1,7,,10454,1,,,1,93,,10463,11,4,,1,7,,10462,1,,,1,93,,10446,11,4,,1,7,,10465,1,,,1,23,,10445,11,4,,1,7,,10451,1,,,1,63,,10458,11,4,,1,7,,10457,1,,,1,23,,10455,11,4,,1,7,,10442,1,,,1,63,,10447,11,4,,1,7,,10460,1,,,1,23,,10452,11,4,,1,7,,10453,1,,,1,63,,10459,11,4,,1,7,,10433,1,,,1
11501,'9',708,,10496,11,4,,1,7,,10499,1,,,1,23,,10472,11,4,,1,7,,10475,1,,,1,63,,10485,11,4,,1,7,,10480,1,,,1,23,,10479,11,4,,1,7,,10491,1,,,1,63,,10500,11,4,,1,7,,10471,1,,,1,23,,10476,11,4,,1,7,,10477,1,,,1,63,,10470,11,4,,1,7,,2941,1,,,1,93,,3385,11,4,,1,7,,10473,1,,,1,93,,10501,11,4,,1,7,,10474,1,,,1,93,,10484,11,4,,1,7,,10489,1,,,1,93,,10498,11,4,,1,7,,10497,1,,,1,93,,10482,11,4,,1,7,,179,1,,,1,23,,10481,11,4,,1,7,,10486,1,,,1,63,,10493,11,4,,1,7,,10492,1,,,1,23,,10490,11,4,,1,7,,10478,1,,,1,63,,10483,11,4,,1,7,,10495,1,,,1,23,,10487,11,4,,1,7,,10488,1,,,1,63,,10494,11,4,,1,7,,10469,1,,,1
20900,'12',1900,,11271,1,,,1,100,,11270,1,,,1,100,,11272,1,,,1,100,,11269,1,,,1
20900,'5',1900,,11276,1,,,1,100,,11275,1,,,1,100,,11274,1,,,1,100,,11273,1,,,1
20900,'7',800,,11282,1,,,1,100,,11283,1,,,1,100,,11284,1,,,1,100,,11280,1,,,1,100,,11285,1,,,1,100,,11286,1,,,1,100,,6939,1,,,1,100,,11278,1,,,1,100,,11279,1,,,1,100,,7498,1,,,1,100,,11281,1,,,1,100,,11287,1,,,1,100,,11277,1,,,1
20900,'9',1900,,11289,1,,,1,100,,11288,1,,,1,100,,11290,1,,,1,100,,11291,1,,,1
20901,'12',1822,,11308,10,4,,1,100,,11309,10,4,,1,100,,11295,10,4,,1,100,,11302,10,4,,1,100,,11294,10,4,,1
20901,'5',1822,,11328,10,4,,1,100,,11329,10,4,,1,100,,11326,10,4,,1,100,,11315,10,4,,1,100,,11312,10,4,,1
20901,'7',722,,11354,10,4,,1,100,,11361,10,4,,1,100,,11352,10,4,,1,100,,11344,10,4,,1,100,,11375,10,4,,1,100,,11349,10,4,,1,100,,11358,10,4,,1,100,,11373,10,4,,1,100,,11384,10,4,,1,100,,11335,10,4,,1,100,,11342,10,4,,1,100,,11350,10,4,,1,100,,11385,10,4,,1,100,,11365,10,4,,1
20901,'9',1822,,11398,10,4,,1,100,,11399,10,4,,1,100,,11390,10,4,,1,100,,11400,10,4,,1,100,,11397,10,4,,1
21000,'12',1907,,11408,11,4,,1,30,,11402,11,4,,1,70,,11410,11,4,,1,30,,11406,11,4,,1,70,,11405,11,4,,1,30,,11403,11,4,,1,70,,11404,11,4,,1,30,,11407,11,4,,1,70,,11409,11,4,,1
21000,'5',1907,,11417,11,4,,1,30,,11411,11,4,,1,70,,11419,11,4,,1,30,,11415,11,4,,1,70,,11414,11,4,,1,30,,11412,11,4,,1,70,,11413,11,4,,1,30,,11416,11,4,,1,70,,11418,11,4,,1
21000,'7',737,,11420,11,4,,1,70,,11435,11,4,,1,30,,11430,11,4,,1,70,,11440,11,4,,1,30,,7874,11,4,,1,70,,11438,11,4,,1,30,,11439,11,4,,1,70,,11441,11,4,,1,30,,11428,11,4,,1,70,,11425,11,4,,1,30,,11434,11,4,,1,70,,11431,11,4,,1,30,,11436,11,4,,1,70,,11443,11,4,,1,30,,11433,11,4,,1,70,,11429,11,4,,1,30,,6935,11,4,,1,70,,11423,11,4,,1,30,,11432,11,4,,1,70,,11426,11,4,,1,30,,11421,11,4,,1,70,,11422,11,4,,1,30,,11427,11,4,,1,70,,11442,11,4,,1,30,,11424,11,4,,1,70,,11444,11,4,,1,30,,11437,11,4,,1
21000,'9',1907,,11451,11,4,,1,30,,11445,11,4,,1,70,,11453,11,4,,1,30,,11449,11,4,,1,70,,11448,11,4,,1,30,,11446,11,4,,1,70,,11447,11,4,,1,30,,11450,11,4,,1,70,,11452,11,4,,1
21001,'12',1845,,11463,1,,,1,70,,11454,1,,,1,30,,11459,1,,,1,70,,11457,1,,,1,30,,11461,1,,,1,70,,11460,1,,,1,30,,11462,1,,,1,70,,11455,1,,,1,30,,11458,1,,,1,70,,11456,1,,,1
21001,'5',1845,,11473,1,,,1,70,,11464,1,,,1,30,,11469,1,,,1,70,,11467,1,,,1,30,,11471,1,,,1,70,,11470,1,,,1,30,,11472,1,,,1,70,,11465,1,,,1,30,,11468,1,,,1,70,,11466,1,,,1
21001,'7',715,,11477,1,,,1,30,,11499,1,,,1,70,,11495,1,,,1,30,,11497,1,,,1,70,,11489,1,,,1,30,,11487,1,,,1,70,,6733,1,,,1,30,,11484,1,,,1,70,,11480,1,,,1,30,,11494,1,,,1,70,,11486,1,,,1,30,,11482,1,,,1,70,,11474,1,,,1,30,,11479,1,,,1,70,,11496,1,,,1,30,,11483,1,,,1,70,,11498,1,,,1,30,,11492,1,,,1,70,,11490,1,,,1,30,,11485,1,,,1,70,,6487,1,,,1,30,,11491,1,,,1,70,,11488,1,,,1,30,,11481,1,,,1,70,,11476,1,,,1,30,,11493,1,,,1,70,,11478,1,,,1,30,,11475,1,,,1
21001,'9',1845,,11509,1,,,1,70,,11500,1,,,1,30,,11505,1,,,1,70,,11503,1,,,1,30,,11507,1,,,1,70,,11506,1,,,1,30,,11508,1,,,1,70,,11501,1,,,1,30,,11504,1,,,1,70,,11502,1,,,1
21100,'12',1900,,11515,1,,,1,30,,11510,1,,,1,70,,11517,1,,,1,30,,11514,1,,,1,70,,5395,1,,,1,30,,11516,1,,,1,70,,11512,1,,,1,30,,11513,1,,,1,70,,11511,1,,,1
21100,'5',1900,,11524,1,,,1,30,,11518,1,,,1,70,,11526,1,,,1,30,,11523,1,,,1,70,,11519,1,,,1,30,,11525,1,,,1,70,,11521,1,,,1,30,,11522,1,,,1,70,,11520,1,,,1
21100,'7',730,,11531,1,,,1,70,,11532,1,,,1,30,,11541,1,,,1,70,,11542,1,,,1,30,,11538,1,,,1,70,,11529,1,,,1,30,,11527,1,,,1,70,,11544,1,,,1,30,,11548,1,,,1,70,,11528,1,,,1,30,,6293,1,,,1,70,,11540,1,,,1,30,,7936,1,,,1,70,,11539,1,,,1,30,,11549,1,,,1,70,,11535,1,,,1,30,,11545,1,,,1,70,,11534,1,,,1,30,,6828,1,,,1,70,,11533,1,,,1,30,,11547,1,,,1,70,,11546,1,,,1,30,,11530,1,,,1,70,,11543,1,,,1,30,,11537,1,,,1,70,,6825,1,,,1,30,,11536,1,,,1
21100,'9',1900,,11555,1,,,1,30,,11550,1,,,1,70,,11557,1,,,1,30,,11554,1,,,1,70,,5323,1,,,1,30,,11556,1,,,1,70,,11552,1,,,1,30,,11553,1,,,1,70,,11551,1,,,1
21101,'12',1858,,11563,15,4,,1,70,,2910,15,4,,1,30,,11561,15,4,,1,70,,2670,15,4,,1,30,,11559,15,4,,1,70,,11560,15,4,,1,30,,11562,15,4,,1,70,,11558,15,4,,1,30,,109,15,4,,1
21101,'5',1858,,11568,15,4,,1,70,,11567,15,4,,1,30,,11569,15,4,,1,70,,11570,15,4,,1,30,,11565,15,4,,1,70,,11566,15,4,,1,30,,11572,15,4,,1,70,,11564,15,4,,1,30,,11571,15,4,,1
21101,'7',728,,11580,15,4,,1,30,,11590,15,4,,1,70,,11588,15,4,,1,30,,11598,15,4,,1,70,,11591,15,4,,1,30,,11586,15,4,,1,70,,11581,15,4,,1,30,,11593,15,4,,1,70,,11597,15,4,,1,30,,11594,15,4,,1,70,,11592,15,4,,1,30,,11576,15,4,,1,70,,11596,15,4,,1,30,,11575,15,4,,1,70,,11587,15,4,,1,30,,11584,15,4,,1,70,,11582,15,4,,1,30,,11599,15,4,,1,70,,11577,15,4,,1,30,,11579,15,4,,1,70,,11574,15,4,,1,30,,11595,15,4,,1,70,,11585,15,4,,1,30,,11573,15,4,,1,70,,11578,15,4,,1,30,,11583,15,4,,1,70,,11589,15,4,,1
21101,'9',1858,,11603,15,4,,1,70,,2876,15,4,,1,30,,11604,15,4,,1,70,,2752,15,4,,1,30,,11601,15,4,,1,70,,11602,15,4,,1,30,,11605,15,4,,1,70,,11600,15,4,,1,30,,166,15,4,,1
21400,'12',1830,,11705,1,,,1,100,,11704,1,,,1,100,,11703,1,,,1,100,,11701,1,,,1,100,,11702,1,,,1
21400,'5',1830,,11709,1,,,1,100,,11708,1,,,1,100,,11706,1,,,1,100,,11710,1,,,1,100,,11707,1,,,1
21400,'7',730,,11714,1,,,1,100,,11717,1,,,1,100,,11715,1,,,1,100,,11722,1,,,1,100,,11721,1,,,1,100,,11713,1,,,1,100,,11719,1,,,1,100,,11711,1,,,1,100,,11720,1,,,1,100,,11716,1,,,1,100,,11712,1,,,1,100,,6829,1,,,1,100,,11718,1,,,1
21400,'9',1830,,11726,1,,,1,100,,11724,1,,,1,100,,11725,1,,,1,100,,11723,1,,,1,100,,7972,1,,,1
21401,'12',1855,,11727,40,4,,1,100,,11730,40,4,,1,100,,11728,40,4,,1,100,,11731,40,4,,1,100,,11729,40,4,,1
21401,'5',1855,,11736,40,4,,1,100,,11734,40,4,,1,100,,11733,40,4,,1,100,,11732,40,4,,1,100,,11735,40,4,,1
21401,'7',755,,11739,40,4,,1,100,,11741,40,4,,1,100,,11744,40,4,,1,100,,11742,40,4,,1,100,,11749,40,4,,1,100,,11746,40,4,,1,100,,11748,40,4,,1,100,,11738,40,4,,1,100,,11740,40,4,,1,100,,11743,40,4,,1,100,,11745,40,4,,1,100,,11747,40,4,,1,100,,11737,40,4,,1
21401,'9',1855,,11751,40,4,,1,100,,5663,40,4,,1,100,,11752,40,4,,1,100,,11753,40,4,,1,100,,11750,40,4,,1
