10800,'14',704,,4411,9,,,1,30,,4402,9,,,1,70,,4397,9,,,1,30,,4389,9,,,1,70,,4405,9,,,1,30,,4400,9,,,1,100,,4409,9,,,1,100,,4388,9,,,1,100,,4407,9,,,1,100,,547,9,,,1,100,,4379,9,,,1,70,,4401,9,,,1,30,,4403,9,,,1,70,,4383,9,,,1,30,,4390,9,,,1,70,,4384,9,,,1,30,,4408,9,,,1
10800,'18',704,,4445,9,,,1,30,,4436,9,,,1,70,,4431,9,,,1,30,,4422,9,,,1,70,,4439,9,,,1,30,,4434,9,,,1,100,,4443,9,,,1,100,,4421,9,,,1,100,,4441,9,,,1,100,,4424,9,,,1,100,,4412,9,,,1,70,,4435,9,,,1,30,,4437,9,,,1,70,,4416,9,,,1,30,,4423,9,,,1,70,,4417,9,,,1,30,,4442,9,,,1
10800,'20',704,,4446,9,,,1,30,,4472,9,,,1,70,,4466,9,,,1,30,,4458,9,,,1,70,,4457,9,,,1,30,,4470,9,,,1,100,,4476,9,,,1,100,,4456,9,,,1,100,,4474,9,,,1,100,,509,9,,,1,100,,4447,9,,,1,70,,4471,9,,,1,30,,4473,9,,,1,70,,4451,9,,,1,30,,4459,9,,,1,70,,4452,9,,,1,30,,4475,9,,,1
10800,'8',704,,4478,9,,,1,30,,4506,9,,,1,70,,4500,9,,,1,30,,4490,9,,,1,70,,4489,9,,,1,30,,4504,9,,,1,100,,4510,9,,,1,100,,4488,9,,,1,100,,4508,9,,,1,100,,4492,9,,,1,100,,4479,9,,,1,70,,4505,9,,,1,30,,4507,9,,,1,70,,4483,9,,,1,30,,4491,9,,,1,70,,4484,9,,,1,30,,4509,9,,,1
11401,'14',644,,5669,18,,,1,100,,5671,18,,,1,100,,5668,18,,,1,100,,5665,18,,,1,100,,5670,18,,,1,100,,1845,18,,,1,100,,5666,18,,,1,100,,5664,18,,,1,100,,5663,18,,,1,100,,5667,18,,,1,100,,5672,18,,,1,100,,5662,18,,,1
11401,'18',644,,5681,18,,,1,100,,5683,18,,,1,100,,5680,18,,,1,100,,5677,18,,,1,100,,5682,18,,,1,100,,5673,18,,,1,100,,5678,18,,,1,100,,5676,18,,,1,100,,5675,18,,,1,100,,5679,18,,,1,100,,5684,18,,,1,100,,5674,18,,,1
11401,'20',644,,5692,18,,,1,100,,5694,18,,,1,100,,5691,18,,,1,100,,5688,18,,,1,100,,5693,18,,,1,100,,1806,18,,,1,100,,5689,18,,,1,100,,5687,18,,,1,100,,5686,18,,,1,100,,5690,18,,,1,100,,5695,18,,,1,100,,5685,18,,,1
11401,'8',644,,5704,18,,,1,100,,5706,18,,,1,100,,5703,18,,,1,100,,5700,18,,,1,100,,5705,18,,,1,100,,5696,18,,,1,100,,5701,18,,,1,100,,5699,18,,,1,100,,5698,18,,,1,100,,5702,18,,,1,100,,5707,18,,,1,100,,5697,18,,,1
21401,'11',746,,7872,24,,,1,100,,7880,24,,,1,100,,7876,24,,,1,100,,7871,24,,,1,100,,7873,24,,,1,100,,7879,24,,,1,100,,7878,24,,,1,100,,7869,24,,,1,100,,7875,24,,,1,100,,7868,24,,,1,100,,7877,24,,,1,100,,7874,24,,,1,100,,7870,24,,,1
21401,'14',1846,,7885,24,,,1,100,,7883,24,,,1,100,,7881,24,,,1,100,,7884,24,,,1,100,,7882,24,,,1
21401,'18',1846,,7890,24,,,1,100,,7888,24,,,1,100,,7886,24,,,1,100,,7889,24,,,1,100,,7887,24,,,1
21401,'20',1846,,7893,24,,,1,100,,81,24,,,1,100,,7891,24,,,1,100,,7892,24,,,1,100,,7894,24,,,1
21401,'4',746,,7899,24,,,1,100,,7907,24,,,1,100,,7903,24,,,1,100,,7898,24,,,1,100,,7900,24,,,1,100,,7906,24,,,1,100,,7905,24,,,1,100,,7896,24,,,1,100,,7902,24,,,1,100,,7895,24,,,1,100,,7904,24,,,1,100,,7901,24,,,1,100,,7897,24,,,1
21401,'8',1846,,7911,24,,,1,100,,7909,24,,,1,100,,7908,24,,,1,100,,7910,24,,,1,100,,7912,24,,,1
