10600,'14',652,,3956,19,,,1,100,,3951,19,,,1,70,,850,19,,,1,30,,3952,19,,,1,70,,3955,19,,,1,30,,3945,19,,,1,100,,3954,19,,,1,100,,3953,19,,,1,100,,3944,19,,,1,100,,3949,19,,,1,100,,3948,19,,,1,70,,3943,19,,,1,30,,3946,19,,,1,70,,3942,19,,,1,33,,1074,19,,,1,67,,3950,19,,,1,32,,3947,19,,,1
10600,'18',652,,3973,19,,,1,100,,3967,19,,,1,70,,3963,19,,,1,30,,3968,19,,,1,70,,3971,19,,,1,30,,3960,19,,,1,100,,3970,19,,,1,100,,3969,19,,,1,100,,3959,19,,,1,100,,3965,19,,,1,100,,3964,19,,,1,70,,3958,19,,,1,30,,3961,19,,,1,70,,3957,19,,,1,33,,3972,19,,,1,67,,3966,19,,,1,32,,3962,19,,,1
10600,'20',652,,3988,19,,,1,100,,3983,19,,,1,70,,820,19,,,1,30,,3984,19,,,1,70,,3987,19,,,1,30,,3977,19,,,1,100,,3986,19,,,1,100,,3985,19,,,1,100,,3976,19,,,1,100,,3981,19,,,1,100,,3980,19,,,1,70,,3975,19,,,1,30,,3978,19,,,1,70,,3974,19,,,1,33,,1049,19,,,1,67,,3982,19,,,1,32,,3979,19,,,1
10600,'8',652,,4005,19,,,1,100,,3999,19,,,1,70,,3995,19,,,1,30,,4000,19,,,1,70,,4003,19,,,1,30,,3992,19,,,1,100,,4002,19,,,1,100,,4001,19,,,1,100,,3991,19,,,1,100,,3997,19,,,1,100,,3996,19,,,1,70,,3990,19,,,1,30,,3993,19,,,1,70,,3989,19,,,1,33,,4004,19,,,1,67,,3998,19,,,1,32,,3994,19,,,1
11200,'14',704,,5200,26,,,1,100,,5196,26,,,1,100,,179,26,,,1,100,,5194,26,,,1,100,,1448,26,,,1,100,,5198,26,,,1,100,,2335,26,,,1,100,,5201,26,,,1,102,,5197,26,,,1,98,,5199,26,,,1,100,,5195,26,,,1
11200,'18',704,,5211,26,,,1,100,,5204,26,,,1,100,,5209,26,,,1,100,,5202,26,,,1,100,,5207,26,,,1,100,,5208,26,,,1,100,,5205,26,,,1,100,,5212,26,,,1,102,,5206,26,,,1,98,,5210,26,,,1,100,,5203,26,,,1
11200,'20',704,,5215,26,,,1,100,,5218,26,,,1,100,,5221,26,,,1,100,,5214,26,,,1,100,,1411,26,,,1,100,,5217,26,,,1,100,,2259,26,,,1,100,,5220,26,,,1,102,,5216,26,,,1,98,,5219,26,,,1,100,,5213,26,,,1
11200,'8',704,,5225,26,,,1,100,,5229,26,,,1,100,,5232,26,,,1,100,,5224,26,,,1,100,,5227,26,,,1,100,,5228,26,,,1,100,,5223,26,,,1,100,,5231,26,,,1,102,,5226,26,,,1,98,,5230,26,,,1,100,,5222,26,,,1
20600,'11',750,,6836,24,,,1,70,,6823,24,,,1,30,,6840,24,,,1,70,,6839,24,,,1,30,,6820,24,,,1,70,,6821,24,,,1,30,,6835,24,,,1,71,,6816,24,,,1,29,,6830,24,,,1,70,,6818,24,,,1,30,,6815,24,,,1,70,,6826,24,,,1,30,,6831,24,,,1,71,,6838,24,,,1,29,,6827,24,,,1,70,,6833,24,,,1,30,,6817,24,,,1,70,,6819,24,,,1,30,,6832,24,,,1,70,,6828,24,,,1,30,,6824,24,,,1,70,,6837,24,,,1,31,,6822,24,,,1,70,,6834,24,,,1,30,,6829,24,,,1,70,,6825,24,,,1
20600,'14',1821,,6841,24,,,1,29,,6848,24,,,1,71,,6846,24,,,1,31,,6842,24,,,1,70,,6849,24,,,1,30,,6844,24,,,1,69,,6847,24,,,1,30,,477,24,,,1,70,,6845,24,,,1,30,,6843,24,,,1
20600,'18',1821,,6850,24,,,1,29,,6858,24,,,1,71,,6856,24,,,1,31,,6851,24,,,1,70,,6859,24,,,1,30,,6853,24,,,1,69,,6857,24,,,1,30,,6855,24,,,1,70,,6854,24,,,1,30,,6852,24,,,1
20600,'20',1821,,6860,24,,,1,29,,6867,24,,,1,71,,6865,24,,,1,31,,6861,24,,,1,70,,6868,24,,,1,30,,6863,24,,,1,69,,6866,24,,,1,30,,439,24,,,1,70,,6864,24,,,1,30,,6862,24,,,1
20600,'4',750,,6890,24,,,1,70,,6877,24,,,1,30,,6894,24,,,1,70,,6893,24,,,1,30,,6874,24,,,1,70,,6875,24,,,1,30,,6889,24,,,1,71,,6870,24,,,1,29,,6884,24,,,1,70,,6872,24,,,1,30,,6869,24,,,1,70,,6880,24,,,1,30,,6885,24,,,1,71,,6892,24,,,1,29,,6881,24,,,1,70,,6887,24,,,1,30,,6871,24,,,1,70,,6873,24,,,1,30,,6886,24,,,1,70,,6882,24,,,1,30,,6878,24,,,1,70,,6891,24,,,1,31,,6876,24,,,1,70,,6888,24,,,1,30,,6883,24,,,1,70,,6879,24,,,1
20600,'8',1821,,6895,24,,,1,29,,6903,24,,,1,71,,6901,24,,,1,31,,6896,24,,,1,70,,6904,24,,,1,30,,6898,24,,,1,69,,6902,24,,,1,30,,6900,24,,,1,70,,6899,24,,,1,30,,6897,24,,,1
