10500,'10',547,,15026,2,,,1,100,,15011,2,,,1,70,,15025,2,,,1,30,,15014,2,,,1,70,,15001,2,,,1,30,,15003,2,,,1,70,,15002,2,,,1,30,,15018,2,,,1,100,,13071,2,,,1,100,,15008,2,,,1,100,,11399,2,,,1,100,,12927,2,,,1,100,,15005,2,,,1,70,,15028,2,,,1,30,,15024,2,,,1,70,,15013,2,,,1,30,,15004,2,,,1,70,,15015,2,,,1,30,,15020,2,,,1
10500,'15',547,,15059,2,,,1,100,,15043,2,,,1,70,,15058,2,,,1,30,,15046,2,,,1,70,,15033,2,,,1,30,,15035,2,,,1,70,,15034,2,,,1,30,,15051,2,,,1,100,,15047,2,,,1,100,,15040,2,,,1,100,,11309,2,,,1,100,,12948,2,,,1,100,,15037,2,,,1,70,,15061,2,,,1,30,,15057,2,,,1,70,,15045,2,,,1,30,,15036,2,,,1,70,,15048,2,,,1,30,,15053,2,,,1
11301,'10',559,,15875,2,0,14 15 16,1,100,,15883,2,0,14 15 16,1,100,,13960,2,0,14 15 16,1,100,,15876,2,0,14 15 16,1,100,,15881,2,0,14 15 16,1,100,,15887,2,0,14 15 16,1,100,,15867,2,0,14 15 16,1,100,,15897,2,0,14 15 16,1,100,,14548,2,0,14 15 16,1,100,,15872,2,0,14 15 16,1,100,,15868,2,0,14 15 16,1,100,,15873,2,0,14 15 16,1,100,,15870,2,0,14 15 16,1,100,,15898,2,0,14 15 16,1
11301,'15',559,,15914,2,0,14 15 16,1,100,,15918,2,0,14 15 16,1,100,,15937,2,0,14 15 16,1,100,,15915,2,0,14 15 16,1,100,,15917,2,0,14 15 16,1,100,,15924,2,0,14 15 16,1,100,,15907,2,0,14 15 16,1,100,,15912,2,0,14 15 16,1,100,,14570,2,0,14 15 16,1,100,,15930,2,0,14 15 16,1,100,,15926,2,0,14 15 16,1,100,,15905,2,0,14 15 16,1,100,,15936,2,0,14 15 16,1,100,,15935,2,0,14 15 16,1
20500,'10',1847,,12105,2,,,1,100,,16448,2,,,1,100,,13131,2,,,1,100,,16451,2,,,1
20500,'15',1847,,12158,2,,,1,100,,16453,2,,,1,100,,13151,2,,,1,100,,16456,2,,,1
20500,'7',647,,16462,2,,,1,100,,13792,2,,,1,100,,16476,2,,,1,100,,16480,2,,,1,100,,16464,2,,,1,100,,16470,2,,,1,100,,16458,2,,,1,100,,16477,2,,,1,100,,16467,2,,,1,100,,16478,2,,,1,100,,16461,2,,,1,100,,16481,2,,,1,100,,16465,2,,,1,100,,14013,2,,,1
21301,'10',1959,,16949,2,,,1,100,,16941,2,,,1,100,,16944,2,,,1,100,,16946,2,,,1
21301,'15',1959,,16960,2,,,1,100,,16951,2,,,1,100,,16955,2,,,1,100,,16957,2,,,1
21301,'7',659,,16980,2,,,1,100,,16986,2,,,1,100,,16994,2,,,1,100,,16991,2,,,1,100,,16968,2,,,1,100,,16975,2,,,1,100,,16993,2,,,1,100,,16977,2,,,1,100,,16973,2,,,1,100,,16962,2,,,1,100,,16967,2,,,1,100,,16997,2,,,1,100,,16982,2,,,1,100,,16965,2,,,1
