11301,'14',653,,5474,17,,,1,100,,2215,17,,,1,100,,5477,17,,,1,100,,5490,17,,,1,100,,5482,17,,,1,100,,5459,17,,,1,100,,5461,17,,,1,100,,5464,17,,,1,100,,5479,17,,,1,100,,5483,17,,,1,100,,5463,17,,,1,100,,5484,17,,,1,100,,5466,17,,,1
11301,'18',653,,5513,17,,,1,100,,5502,17,,,1,100,,5516,17,,,1,100,,5531,17,,,1,100,,5522,17,,,1,100,,5496,17,,,1,100,,5498,17,,,1,100,,5501,17,,,1,100,,5518,17,,,1,100,,5523,17,,,1,100,,5500,17,,,1,100,,5525,17,,,1,100,,5504,17,,,1
11301,'20',653,,5545,17,,,1,100,,2139,17,,,1,100,,5548,17,,,1,100,,5566,17,,,1,100,,5552,17,,,1,100,,5537,17,,,1,100,,5568,17,,,1,100,,5540,17,,,1,100,,5556,17,,,1,100,,5564,17,,,1,100,,5571,17,,,1,100,,5567,17,,,1,100,,5542,17,,,1
11301,'8',653,,5585,17,,,1,100,,5579,17,,,1,100,,5588,17,,,1,100,,5607,17,,,1,100,,5592,17,,,1,100,,5575,17,,,1,100,,5609,17,,,1,100,,5578,17,,,1,100,,5597,17,,,1,100,,5605,17,,,1,100,,5612,17,,,1,100,,5608,17,,,1,100,,5581,17,,,1
21301,'11',753,,7709,17,,,1,100,,7712,17,,,1,100,,7732,17,,,1,100,,7726,17,,,1,100,,7710,17,,,1,100,,7734,17,,,1,100,,7738,17,,,1,100,,7720,17,,,1,100,,7725,17,,,1,100,,7730,17,,,1,100,,7705,17,,,1,100,,7711,17,,,1,100,,7706,17,,,1
21301,'14',1953,,7743,17,,,1,100,,7747,17,,,1,100,,7750,17,,,1,100,,7749,17,,,1
21301,'18',1953,,7753,17,,,1,100,,7757,17,,,1,100,,7761,17,,,1,100,,7760,17,,,1
21301,'20',1953,,7764,17,,,1,100,,7768,17,,,1,100,,7771,17,,,1,100,,7770,17,,,1
21301,'4',753,,7779,17,,,1,100,,7782,17,,,1,100,,7803,17,,,1,100,,7797,17,,,1,100,,7780,17,,,1,100,,7805,17,,,1,100,,7809,17,,,1,100,,7790,17,,,1,100,,7796,17,,,1,100,,7801,17,,,1,100,,7775,17,,,1,100,,7781,17,,,1,100,,7776,17,,,1
21301,'8',1953,,7814,17,,,1,100,,7818,17,,,1,100,,7822,17,,,1,100,,7821,17,,,1
