10201,'14',631,,3009,3,0,7 1 8,1,70,,3015,3,0,7 1 8,1,30,,1623,3,0,7 1 8,1,70,,3007,3,0,7 1 8,1,30,,3052,3,0,7 1 8,1,70,,3048,3,0,7 1 8,1,30,,3028,3,0,7 1 8,1,100,,3049,3,0,7 1 8,1,100,,3027,3,0,7 1 8,1,100,,3024,3,0,7 1 8,1,100,,3042,3,0,7 1 8,1,100,,1632,3,0,7 1 8,1,70,,3030,3,0,7 1 8,1,30,,3017,3,0,7 1 8,1,70,,3034,3,0,7 1 8,1,30,,3039,3,0,7 1 8,1,70,,3020,3,0,7 1 8,1,30,,3033,3,0,7 1 8,1
10201,'18',631,,3061,3,0,7 1 8,1,70,,3068,3,0,7 1 8,1,30,,3056,3,0,7 1 8,1,70,,3059,3,0,7 1 8,1,30,,3109,3,0,7 1 8,1,70,,3105,3,0,7 1 8,1,30,,3085,3,0,7 1 8,1,100,,3106,3,0,7 1 8,1,100,,3084,3,0,7 1 8,1,100,,3081,3,0,7 1 8,1,100,,3099,3,0,7 1 8,1,100,,3071,3,0,7 1 8,1,70,,3087,3,0,7 1 8,1,30,,3070,3,0,7 1 8,1,70,,3091,3,0,7 1 8,1,30,,3096,3,0,7 1 8,1,70,,3077,3,0,7 1 8,1,30,,3090,3,0,7 1 8,1
10201,'20',631,,3117,3,0,7 1 8,1,70,,3123,3,0,7 1 8,1,30,,1577,3,0,7 1 8,1,70,,3115,3,0,7 1 8,1,30,,3161,3,0,7 1 8,1,70,,3157,3,0,7 1 8,1,30,,3137,3,0,7 1 8,1,100,,3158,3,0,7 1 8,1,100,,3136,3,0,7 1 8,1,100,,3133,3,0,7 1 8,1,100,,3151,3,0,7 1 8,1,100,,1586,3,0,7 1 8,1,70,,3139,3,0,7 1 8,1,30,,3125,3,0,7 1 8,1,70,,3143,3,0,7 1 8,1,30,,3148,3,0,7 1 8,1,70,,3129,3,0,7 1 8,1,30,,3142,3,0,7 1 8,1
10201,'8',631,,3170,3,0,7 1 8,1,70,,3177,3,0,7 1 8,1,30,,3165,3,0,7 1 8,1,70,,3168,3,0,7 1 8,1,30,,3218,3,0,7 1 8,1,70,,3214,3,0,7 1 8,1,30,,3194,3,0,7 1 8,1,100,,3215,3,0,7 1 8,1,100,,3193,3,0,7 1 8,1,100,,3190,3,0,7 1 8,1,100,,3208,3,0,7 1 8,1,100,,3180,3,0,7 1 8,1,70,,3196,3,0,7 1 8,1,30,,3179,3,0,7 1 8,1,70,,3200,3,0,7 1 8,1,30,,3205,3,0,7 1 8,1,70,,3186,3,0,7 1 8,1,30,,3199,3,0,7 1 8,1
10401,'14',616,,3472,3,,,1,30,,886,3,,,1,70,,3499,3,,,1,30,,1115,3,,,1,70,,3466,3,,,1,30,,3490,3,,,1,70,,3484,3,,,1,30,,3485,3,,,1,70,,481,3,,,1,30,,3473,3,,,1,70,,3477,3,,,1,30,,1282,3,,,1,70,,3486,3,,,1,30,,3464,3,,,1,70,,3479,3,,,1,30,,3483,3,,,1,70,,3492,3,,,1,30,,3497,3,,,1,70,,3478,3,,,1,30,,3489,3,,,1,70,,3471,3,,,1,30,,3491,3,,,1,70,,3496,3,,,1,30,,3462,3,,,1,70,,3469,3,,,1
10401,'18',616,,3518,3,,,1,30,,3509,3,,,1,70,,3549,3,,,1,30,,3538,3,,,1,70,,3510,3,,,1,30,,3540,3,,,1,70,,3532,3,,,1,30,,3533,3,,,1,70,,3535,3,,,1,30,,3519,3,,,1,70,,3523,3,,,1,30,,3528,3,,,1,70,,3534,3,,,1,30,,3507,3,,,1,70,,3525,3,,,1,30,,3531,3,,,1,70,,3542,3,,,1,30,,3547,3,,,1,70,,3524,3,,,1,30,,3539,3,,,1,70,,3517,3,,,1,30,,3541,3,,,1,70,,3546,3,,,1,30,,3505,3,,,1,70,,3515,3,,,1
10401,'20',616,,3565,3,,,1,30,,867,3,,,1,70,,3592,3,,,1,30,,1090,3,,,1,70,,3559,3,,,1,30,,3583,3,,,1,70,,3577,3,,,1,30,,3578,3,,,1,70,,443,3,,,1,30,,3566,3,,,1,70,,3570,3,,,1,30,,1261,3,,,1,70,,3579,3,,,1,30,,3557,3,,,1,70,,3572,3,,,1,30,,3576,3,,,1,70,,3585,3,,,1,30,,3590,3,,,1,70,,3571,3,,,1,30,,3582,3,,,1,70,,3564,3,,,1,30,,3584,3,,,1,70,,3589,3,,,1,30,,3555,3,,,1,70,,3562,3,,,1
10401,'8',616,,3611,3,,,1,30,,3602,3,,,1,70,,3642,3,,,1,30,,3631,3,,,1,70,,3603,3,,,1,30,,3633,3,,,1,70,,3625,3,,,1,30,,3626,3,,,1,70,,3628,3,,,1,30,,3612,3,,,1,70,,3616,3,,,1,30,,3621,3,,,1,70,,3627,3,,,1,30,,3600,3,,,1,70,,3618,3,,,1,30,,3624,3,,,1,70,,3635,3,,,1,30,,3640,3,,,1,70,,3617,3,,,1,30,,3632,3,,,1,70,,3610,3,,,1,30,,3634,3,,,1,70,,3639,3,,,1,30,,3598,3,,,1,70,,3608,3,,,1
20401,'11',716,,6480,3,,,1,30,,6470,3,,,1,70,,6512,3,,,1,30,,6514,3,,,1,70,,6496,3,,,1,30,,6508,3,,,1,70,,6464,3,,,1,30,,6492,3,,,1,70,,6472,3,,,1,30,,6468,3,,,1,70,,6477,3,,,1,30,,6497,3,,,1,70,,6515,3,,,1,30,,6489,3,,,1,70,,6502,3,,,1,30,,6479,3,,,1,70,,6516,3,,,1,30,,6506,3,,,1,70,,6485,3,,,1,30,,6501,3,,,1,70,,6503,3,,,1,30,,6493,3,,,1,70,,6500,3,,,1,30,,6478,3,,,1,70,,6487,3,,,1,30,,6471,3,,,1,70,,6469,3,,,1,30,,6463,3,,,1
20401,'14',1846,,6523,3,,,1,70,,6526,3,,,1,30,,6531,3,,,1,70,,6518,3,,,1,30,,767,3,,,1,70,,6528,3,,,1,30,,455,3,,,1,70,,6520,3,,,1,30,,6522,3,,,1,70,,6530,3,,,1
20401,'18',1846,,6543,3,,,1,70,,6546,3,,,1,30,,6551,3,,,1,70,,6537,3,,,1,30,,6540,3,,,1,70,,6548,3,,,1,30,,6534,3,,,1,70,,6539,3,,,1,30,,6542,3,,,1,70,,6550,3,,,1
20401,'20',1846,,6559,3,,,1,70,,6562,3,,,1,30,,6567,3,,,1,70,,6555,3,,,1,30,,707,3,,,1,70,,6564,3,,,1,30,,417,3,,,1,70,,813,3,,,1,30,,6558,3,,,1,70,,6566,3,,,1
20401,'4',716,,6588,3,,,1,30,,6578,3,,,1,70,,6621,3,,,1,30,,6623,3,,,1,70,,6604,3,,,1,30,,6617,3,,,1,70,,6572,3,,,1,30,,6600,3,,,1,70,,6580,3,,,1,30,,6576,3,,,1,70,,6585,3,,,1,30,,6605,3,,,1,70,,6624,3,,,1,30,,6597,3,,,1,70,,6611,3,,,1,30,,6587,3,,,1,70,,6625,3,,,1,30,,6615,3,,,1,70,,6593,3,,,1,30,,6610,3,,,1,70,,6612,3,,,1,30,,6601,3,,,1,70,,6609,3,,,1,30,,6586,3,,,1,70,,6595,3,,,1,30,,6579,3,,,1,70,,6577,3,,,1,30,,6571,3,,,1
20401,'8',1846,,6635,3,,,1,70,,6638,3,,,1,30,,6643,3,,,1,70,,6629,3,,,1,30,,6632,3,,,1,70,,6640,3,,,1,30,,6626,3,,,1,70,,6631,3,,,1,30,,6634,3,,,1,70,,6642,3,,,1
