10800,'10',701,,15349,3,,,1,30,,15353,3,,,1,70,,13545,3,,,1,30,,15367,3,,,1,70,,15360,3,,,1,30,,15355,3,,,1,100,,15363,3,,,1,100,,15366,3,,,1,100,,15372,3,,,1,100,,15356,3,,,1,100,,15350,3,,,1,70,,15364,3,,,1,30,,15359,3,,,1,70,,15373,3,,,1,30,,15347,3,,,1,70,,15362,3,,,1,30,,15351,3,,,1
10800,'15',701,,15379,3,,,1,30,,15385,3,,,1,70,,15380,3,,,1,30,,15398,3,,,1,70,,15408,3,,,1,30,,15387,3,,,1,100,,15394,3,,,1,100,,15397,3,,,1,100,,15403,3,,,1,100,,15388,3,,,1,100,,15382,3,,,1,70,,15395,3,,,1,30,,15391,3,,,1,70,,15404,3,,,1,30,,15378,3,,,1,70,,15393,3,,,1,30,,15383,3,,,1
10900,'10',703,,15444,3,,,1,100,,15453,3,,,1,100,,15451,3,,,1,100,,15450,3,,,1,100,,15454,3,,,1,100,,15447,3,,,1,100,,15448,3,,,1,100,,15445,3,,,1,100,,15446,3,,,1,100,,15452,3,,,1,100,,15455,3,,,1,100,,15449,3,,,1
10900,'15',703,,15456,3,,,1,100,,15465,3,,,1,100,,15463,3,,,1,100,,15462,3,,,1,100,,15466,3,,,1,100,,15459,3,,,1,100,,15460,3,,,1,100,,15457,3,,,1,100,,15458,3,,,1,100,,15464,3,,,1,100,,13105,3,,,1,100,,15461,3,,,1
11400,'10',631,,15944,3,,,1,100,,15949,3,,,1,100,,15945,3,,,1,100,,15943,3,,,1,100,,15947,3,,,1,100,,15946,3,,,1,100,,13544,3,,,1,100,,15950,3,,,1,100,,15951,3,,,1,100,,15948,3,,,1,100,,12383,3,,,1,100,,15952,3,,,1
11400,'15',631,,15954,3,,,1,100,,15959,3,,,1,100,,15955,3,,,1,100,,15953,3,,,1,100,,15957,3,,,1,100,,15956,3,,,1,100,,13590,3,,,1,100,,15960,3,,,1,100,,15961,3,,,1,100,,15958,3,,,1,100,,12420,3,,,1,100,,15962,3,,,1
20900,'10',1901,,16645,3,,,1,100,,16648,3,,,1,100,,16646,3,,,1,100,,16647,3,,,1
20900,'15',1901,,16650,3,,,1,100,,16651,3,,,1,100,,16649,3,,,1,100,,16652,3,,,1
20900,'7',801,,13891,3,,,1,100,,16658,3,,,1,100,,16662,3,,,1,100,,16657,3,,,1,100,,16653,3,,,1,100,,16654,3,,,1,100,,16660,3,,,1,100,,16655,3,,,1,100,,16659,3,,,1,100,,16663,3,,,1,100,,13710,3,,,1,100,,16661,3,,,1,100,,16656,3,,,1
21400,'10',1831,,17003,2,,,1,100,,17001,2,,,1,100,,17002,2,,,1,100,,17004,2,,,1,100,,17000,2,,,1
21400,'15',1831,,17007,2,,,1,100,,17009,2,,,1,100,,17008,2,,,1,100,,17005,2,,,1,100,,17006,2,,,1
21400,'7',731,,17019,2,,,1,100,,17011,2,,,1,100,,17015,2,,,1,100,,17017,2,,,1,100,,17014,2,,,1,100,,17018,2,,,1,100,,17021,2,,,1,100,,17016,2,,,1,100,,17013,2,,,1,100,,17010,2,,,1,100,,17020,2,,,1,100,,17012,2,,,1,100,,17022,2,,,1
