10301,'14',619,,3306,20,,,1,100,,25,20,,,1,30,,3307,20,,,1,70,,3297,20,,,1,30,,3301,20,,,1,70,,3303,20,,,1,30,,3295,20,,,1,70,,3292,20,,,1,100,,3290,20,,,1,100,,3294,20,,,1,100,,3302,20,,,1,100,,3291,20,,,1,100,,3293,20,,,1,30,,3299,20,,,1,70,,3300,20,,,1,30,,541,20,,,1,70,,3304,20,,,1,30,,3305,20,,,1,70,,3296,20,,,1,30,,3298,20,,,1
10301,'18',619,,3326,20,,,1,100,,3313,20,,,1,30,,3327,20,,,1,70,,3317,20,,,1,30,,3321,20,,,1,70,,3323,20,,,1,30,,3315,20,,,1,70,,3310,20,,,1,100,,3308,20,,,1,100,,3314,20,,,1,100,,3322,20,,,1,100,,3309,20,,,1,100,,3311,20,,,1,30,,3319,20,,,1,70,,3320,20,,,1,30,,3312,20,,,1,70,,3324,20,,,1,30,,3325,20,,,1,70,,3316,20,,,1,30,,3318,20,,,1
10301,'20',619,,3343,20,,,1,100,,7,20,,,1,30,,3333,20,,,1,70,,3334,20,,,1,30,,3344,20,,,1,70,,3339,20,,,1,30,,3340,20,,,1,70,,3330,20,,,1,100,,3328,20,,,1,100,,3332,20,,,1,100,,3338,20,,,1,100,,3329,20,,,1,100,,3331,20,,,1,30,,3336,20,,,1,70,,3337,20,,,1,30,,503,20,,,1,70,,3341,20,,,1,30,,3342,20,,,1,70,,1140,20,,,1,30,,3335,20,,,1
10301,'8',619,,3363,20,,,1,100,,3350,20,,,1,30,,3352,20,,,1,70,,3354,20,,,1,30,,3364,20,,,1,70,,3359,20,,,1,30,,3360,20,,,1,70,,3347,20,,,1,100,,3345,20,,,1,100,,3351,20,,,1,100,,3358,20,,,1,100,,3346,20,,,1,100,,3348,20,,,1,30,,3356,20,,,1,70,,3357,20,,,1,30,,3349,20,,,1,70,,3361,20,,,1,30,,3362,20,,,1,70,,3353,20,,,1,30,,3355,20,,,1
20301,'11',715,,6302,15,0,9 3 10,1,30,,6297,15,0,9 3 10,1,70,,6289,15,0,9 3 10,1,30,,6283,15,0,9 3 10,1,70,,6292,15,0,9 3 10,1,30,,6287,15,0,9 3 10,1,70,,6284,15,0,9 3 10,1,30,,6291,15,0,9 3 10,1,70,,6286,15,0,9 3 10,1,30,,6303,15,0,9 3 10,1,70,,6282,15,0,9 3 10,1,30,,2455,15,0,9 3 10,1,70,,6281,15,0,9 3 10,1,30,,6294,15,0,9 3 10,1,70,,6298,15,0,9 3 10,1,30,,6300,15,0,9 3 10,1,70,,6288,15,0,9 3 10,1,30,,6285,15,0,9 3 10,1,70,,6295,15,0,9 3 10,1,30,,6304,15,0,9 3 10,1,70,,2277,15,0,9 3 10,1,30,,6299,15,0,9 3 10,1,70,,2286,15,0,9 3 10,1,30,,6301,15,0,9 3 10,1,70,,6293,15,0,9 3 10,1,30,,6290,15,0,9 3 10,1,70,,6296,15,0,9 3 10,1,30,,6280,15,0,9 3 10,1
20301,'14',1915,,925,15,0,9 3 10,1,30,,6308,15,0,9 3 10,1,70,,6311,15,0,9 3 10,1,30,,6313,15,0,9 3 10,1,70,,6306,15,0,9 3 10,1,30,,6305,15,0,9 3 10,1,70,,6310,15,0,9 3 10,1,30,,6309,15,0,9 3 10,1,70,,6312,15,0,9 3 10,1,30,,6307,15,0,9 3 10,1
20301,'18',1915,,6319,15,0,9 3 10,1,30,,6317,15,0,9 3 10,1,70,,6322,15,0,9 3 10,1,30,,6324,15,0,9 3 10,1,70,,6316,15,0,9 3 10,1,30,,6315,15,0,9 3 10,1,70,,6321,15,0,9 3 10,1,30,,6320,15,0,9 3 10,1,70,,6323,15,0,9 3 10,1,30,,6318,15,0,9 3 10,1
20301,'20',1915,,913,15,0,9 3 10,1,30,,6328,15,0,9 3 10,1,70,,6331,15,0,9 3 10,1,30,,6333,15,0,9 3 10,1,70,,6326,15,0,9 3 10,1,30,,6325,15,0,9 3 10,1,70,,6330,15,0,9 3 10,1,30,,6329,15,0,9 3 10,1,70,,6332,15,0,9 3 10,1,30,,6327,15,0,9 3 10,1
20301,'4',715,,6359,15,0,9 3 10,1,30,,6354,15,0,9 3 10,1,70,,6346,15,0,9 3 10,1,30,,6337,15,0,9 3 10,1,70,,6349,15,0,9 3 10,1,30,,6342,15,0,9 3 10,1,70,,6338,15,0,9 3 10,1,30,,6348,15,0,9 3 10,1,70,,6341,15,0,9 3 10,1,30,,6360,15,0,9 3 10,1,70,,6336,15,0,9 3 10,1,30,,6344,15,0,9 3 10,1,70,,6335,15,0,9 3 10,1,30,,6351,15,0,9 3 10,1,70,,6355,15,0,9 3 10,1,30,,6357,15,0,9 3 10,1,70,,6343,15,0,9 3 10,1,30,,6340,15,0,9 3 10,1,70,,6352,15,0,9 3 10,1,30,,6361,15,0,9 3 10,1,70,,6339,15,0,9 3 10,1,30,,6356,15,0,9 3 10,1,70,,6345,15,0,9 3 10,1,30,,6358,15,0,9 3 10,1,70,,6350,15,0,9 3 10,1,30,,6347,15,0,9 3 10,1,70,,6353,15,0,9 3 10,1,30,,6334,15,0,9 3 10,1
20301,'8',1915,,6367,15,0,9 3 10,1,30,,6365,15,0,9 3 10,1,70,,6370,15,0,9 3 10,1,30,,6372,15,0,9 3 10,1,70,,6364,15,0,9 3 10,1,30,,6363,15,0,9 3 10,1,70,,6369,15,0,9 3 10,1,30,,6368,15,0,9 3 10,1,70,,6371,15,0,9 3 10,1,30,,6366,15,0,9 3 10,1
