10100,'10',709,,12005,17,,,1,30,,11998,17,,,1,70,,12007,17,,,1,30,,12003,17,,,1,70,,12010,17,,,1,30,,12006,17,,,1,70,,11996,17,,,1,100,,12000,17,,,1,100,,12004,17,,,1,100,,12001,17,,,1,100,,11993,17,,,1,100,,12008,17,,,1,30,,11999,17,,,1,70,,11995,17,,,1,30,,11997,17,,,1,70,,11994,17,,,1,30,,12009,17,,,1,70,,12002,17,,,1
10100,'13',709,,12023,17,,,1,30,,12016,17,,,1,70,,12025,17,,,1,30,,12021,17,,,1,70,,12028,17,,,1,30,,12024,17,,,1,70,,12014,17,,,1,100,,12018,17,,,1,100,,12022,17,,,1,100,,12019,17,,,1,100,,12011,17,,,1,100,,12026,17,,,1,30,,12017,17,,,1,70,,12013,17,,,1,30,,12015,17,,,1,70,,12012,17,,,1,30,,12027,17,,,1,70,,12020,17,,,1
11100,'10',607,,13018,12,,,1,30,,13013,12,,,1,70,,13025,12,,,1,30,,13032,12,,,1,70,,13027,12,,,1,30,,13024,12,,,1,70,,13010,12,,,1,30,,13029,12,,,1,70,,13017,12,,,1,30,,13019,12,,,1,70,,13016,12,,,1,30,,13026,12,,,1,70,,13028,12,,,1,30,,13015,12,,,1,70,,13023,12,,,1,30,,13020,12,,,1,70,,13031,12,,,1,30,,13034,12,,,1,70,,13033,12,,,1,30,,13022,12,,,1,70,,13030,12,,,1,30,,8868,12,,,1,70,,13011,12,,,1,30,,13014,12,,,1,70,,13012,12,,,1,30,,13021,12,,,1
11100,'13',607,,13046,12,,,1,30,,13039,12,,,1,70,,13050,12,,,1,30,,13056,12,,,1,70,,13053,12,,,1,30,,10132,12,,,1,70,,13035,12,,,1,30,,13054,12,,,1,70,,13044,12,,,1,30,,13047,12,,,1,70,,13041,12,,,1,30,,13043,12,,,1,70,,13048,12,,,1,30,,13040,12,,,1,70,,13037,12,,,1,30,,13052,12,,,1,70,,13042,12,,,1,30,,13058,12,,,1,70,,13045,12,,,1,30,,13051,12,,,1,70,,13059,12,,,1,30,,13057,12,,,1,70,,13049,12,,,1,30,,13055,12,,,1,70,,13036,12,,,1,30,,13038,12,,,1
20300,'10',1907,,13599,13,,,1,30,,9722,13,,,1,70,,13604,13,,,1,30,,13600,13,,,1,70,,13597,13,,,1,30,,13603,13,,,1,70,,13601,13,,,1,30,,13602,13,,,1,70,,13598,13,,,1
20300,'13',1907,,13607,13,,,1,30,,9631,13,,,1,70,,13611,13,,,1,30,,13608,13,,,1,70,,13605,13,,,1,30,,13612,13,,,1,70,,13609,13,,,1,30,,13610,13,,,1,70,,13606,13,,,1
20300,'7',737,,13629,13,,,1,70,,13625,13,,,1,30,,13619,13,,,1,70,,13617,13,,,1,30,,13631,13,,,1,70,,13623,13,,,1,30,,13639,13,,,1,70,,13624,13,,,1,30,,13613,13,,,1,70,,13632,13,,,1,30,,13630,13,,,1,70,,13636,13,,,1,30,,13628,13,,,1,70,,13618,13,,,1,30,,13635,13,,,1,70,,13621,13,,,1,30,,13627,13,,,1,70,,13633,13,,,1,30,,13622,13,,,1,70,,13620,13,,,1,30,,13637,13,,,1,70,,13638,13,,,1,30,,13614,13,,,1,70,,13626,13,,,1,30,,13634,13,,,1,70,,13615,13,,,1,30,,13616,13,,,1
21100,'10',1907,,14233,12,,,1,30,,14238,12,,,1,70,,14236,12,,,1,30,,14239,12,,,1,70,,14237,12,,,1,30,,14234,12,,,1,70,,14232,12,,,1,30,,8640,12,,,1,70,,14235,12,,,1
21100,'13',1907,,14245,12,,,1,30,,14246,12,,,1,70,,14243,12,,,1,30,,14247,12,,,1,70,,14244,12,,,1,30,,14241,12,,,1,70,,14240,12,,,1,30,,8603,12,,,1,70,,14242,12,,,1
21100,'7',737,,14264,12,,,1,70,,14268,12,,,1,30,,14253,12,,,1,70,,14249,12,,,1,30,,11442,12,,,1,70,,14254,12,,,1,30,,14248,12,,,1,70,,14259,12,,,1,30,,14267,12,,,1,70,,14251,12,,,1,30,,14258,12,,,1,70,,14269,12,,,1,30,,14257,12,,,1,70,,14250,12,,,1,30,,14265,12,,,1,70,,14262,12,,,1,30,,14272,12,,,1,70,,14252,12,,,1,30,,14261,12,,,1,70,,14256,12,,,1,30,,14263,12,,,1,70,,14273,12,,,1,30,,14255,12,,,1,70,,14266,12,,,1,30,,14270,12,,,1,70,,14260,12,,,1,30,,14271,12,,,1
