10100,'14',707,,1428,,,1,30,,5391,,,1,70,,4302,,,1,30,,5395,,,1,70,,5392,,,1,30,,5403,,,1,70,,5401,,,1,100,,5396,,,1,100,,5404,,,1,100,,5400,,,1,100,,5399,,,1,100,,5390,,,1,30,,5398,,,1,70,,5402,,,1,30,,5405,,,1,70,,5393,,,1,30,,5394,,,1,70,,5397,,,1
10100,'18',707,,5413,,,1,30,,5407,,,1,70,,5418,,,1,30,,5411,,,1,70,,5408,,,1,30,,5421,,,1,70,,5419,,,1,100,,5412,,,1,100,,5422,,,1,100,,5417,,,1,100,,5416,,,1,100,,5406,,,1,30,,5415,,,1,70,,5420,,,1,30,,5423,,,1,70,,5409,,,1,30,,5410,,,1,70,,5414,,,1
10100,'20',707,,1385,,,1,30,,5425,,,1,70,,4262,,,1,30,,5429,,,1,70,,5426,,,1,30,,5437,,,1,70,,5435,,,1,100,,5430,,,1,100,,5438,,,1,100,,5434,,,1,100,,5433,,,1,100,,5424,,,1,30,,5432,,,1,70,,5436,,,1,30,,5439,,,1,70,,5427,,,1,30,,5428,,,1,70,,5431,,,1
10100,'8',707,,5447,,,1,30,,5441,,,1,70,,5452,,,1,30,,5445,,,1,70,,5442,,,1,30,,5455,,,1,70,,5453,,,1,100,,5446,,,1,100,,5456,,,1,100,,5451,,,1,100,,5450,,,1,100,,5440,,,1,30,,5449,,,1,70,,5454,,,1,30,,5457,,,1,70,,5443,,,1,30,,5444,,,1,70,,5448,,,1
20300,'11',735,,8736,,,1,70,,8726,,,1,30,,5142,,,1,70,,8727,,,1,30,,8737,,,1,70,,8731,,,1,30,,8741,,,1,70,,4446,,,1,30,,8739,,,1,70,,8734,,,1,30,,8728,,,1,70,,8723,,,1,30,,8732,,,1,70,,8722,,,1,30,,8738,,,1,70,,8735,,,1,30,,8721,,,1,70,,8720,,,1,30,,8718,,,1,70,,8733,,,1,30,,8725,,,1,70,,8724,,,1,30,,8729,,,1,70,,8730,,,1,30,,8740,,,1,70,,8719,,,1,30,,8717,,,1
20300,'14',1905,,8746,,,1,30,,8748,,,1,70,,8742,,,1,30,,8743,,,1,70,,5149,,,1,30,,8749,,,1,70,,8745,,,1,30,,8747,,,1,70,,8744,,,1
20300,'18',1905,,8754,,,1,30,,8757,,,1,70,,8750,,,1,30,,8751,,,1,70,,8755,,,1,30,,8758,,,1,70,,8753,,,1,30,,8756,,,1,70,,8752,,,1
20300,'20',1905,,8763,,,1,30,,8765,,,1,70,,8759,,,1,30,,8760,,,1,70,,5101,,,1,30,,8766,,,1,70,,8762,,,1,30,,8764,,,1,70,,8761,,,1
20300,'4',735,,8787,,,1,70,,8777,,,1,30,,8790,,,1,70,,8778,,,1,30,,8788,,,1,70,,8782,,,1,30,,8793,,,1,70,,8772,,,1,30,,8791,,,1,70,,8785,,,1,30,,8779,,,1,70,,8774,,,1,30,,8783,,,1,70,,8773,,,1,30,,8789,,,1,70,,8786,,,1,30,,8771,,,1,70,,8770,,,1,30,,8768,,,1,70,,8784,,,1,30,,8776,,,1,70,,8775,,,1,30,,8780,,,1,70,,8781,,,1,30,,8792,,,1,70,,8769,,,1,30,,8767,,,1
20300,'8',1905,,8798,,,1,30,,8801,,,1,70,,8794,,,1,30,,8795,,,1,70,,8799,,,1,30,,8802,,,1,70,,8797,,,1,30,,8800,,,1,70,,8796,,,1
