10100,6133,1,0
10100,6134,2,0
10100,6912,3,0
10100,6913,4,0
10100,6612,5,0
10100,6810,6,0
10100,6138,7,0
10100,6804,8,0
10100,6669,9,0
10100,6212,10,0
10100,6213,11,0
10100,6214,12,0
10100,6215,13,0
10100,6216,14,0
10100,6217,15,0
10100,6219,16,0
10100,6222,17,0
10100,6398,18,0
10100,6896,19,0
10100,6893,20,0
10100,6817,21,0
10100,6726,22,0
10100,6315,23,1
10101,6315,1,0
10101,6317,2,0
10101,6817,3,0
10101,6896,4,0
10101,6893,5,0
10101,6401,6,0
10101,6402,7,0
10101,6404,8,0
10101,6406,9,0
10101,6623,10,0
10101,6624,11,0
10101,6625,12,0
10101,6626,13,0
10101,6247,14,0
10101,6627,15,0
10101,6629,16,0
10101,6630,17,0
10101,6811,18,0
10101,6165,19,0
10101,6911,20,0
10101,6133,21,1
10201,6495,1,0
10201,6497,2,0
10201,6102,3,0
10201,6001,4,0
10201,6002,5,0
10201,6003,6,0
10201,6004,7,0
10201,6108,8,0
10201,6109,9,0
10201,6110,10,0
10201,6112,11,0
10201,6113,12,0
10201,6114,13,0
10201,6115,14,0
10201,6914,15,0
10201,6563,16,0
10201,6120,17,0
10201,6116,18,0
10201,6801,19,0
10201,6550,20,0
10201,6551,21,0
10201,3635,22,0
10201,6530,23,0
10201,6531,24,0
10201,6535,25,0
10201,6171,26,0
10201,6123,27,0
10201,6124,28,0
10201,6714,29,0
10201,6130,30,0
10201,6131,31,0
10201,6133,32,1
10300,6133,1,0
10300,6253,2,0
10300,6255,3,0
10300,6257,4,0
10300,6258,5,0
10300,6259,6,0
10300,6260,7,0
10300,6682,8,0
10300,6683,9,0
10300,6684,10,0
10300,6761,11,0
10300,6763,12,0
10300,6765,13,0
10300,6779,14,0
10300,6767,15,0
10300,6835,16,0
10300,6812,17,0
10300,6267,18,0
10300,6226,19,0
10300,6227,20,0
10300,6692,21,0
10300,6228,22,0
10300,6836,23,0
10300,6398,24,0
10300,6896,25,0
10300,6893,26,0
10300,6726,27,0
10300,6315,28,1
10301,6315,1,0
10301,6317,2,0
10301,6896,3,0
10301,6893,4,0
10301,6401,5,0
10301,6266,6,0
10301,6812,7,0
10301,6267,8,0
10301,6226,9,0
10301,6227,10,0
10301,6692,11,0
10301,6228,12,0
10301,6780,13,0
10301,6766,14,0
10301,6764,15,0
10301,6762,16,0
10301,6241,17,0
10301,6243,18,0
10301,6246,19,0
10301,6261,20,0
10301,6262,21,0
10301,6264,22,0
10301,6418,23,0
10301,6201,24,0
10301,6133,25,1
10400,6133,1,0
10400,6269,2,0
10400,8270,3,0
10400,6271,4,0
10400,6742,5,0
10400,6741,6,0
10400,6740,7,0
10400,6275,8,0
10400,6276,9,0
10400,6277,10,0
10400,6279,11,0
10400,6280,12,0
10400,6186,13,1
10401,6186,1,0
10401,6188,2,0
10401,6191,3,0
10401,6189,4,0
10401,6725,5,0
10401,6193,6,0
10401,6102,7,0
10401,6001,8,0
10401,6002,9,0
10401,6003,10,0
10401,6004,11,0
10401,6194,12,0
10401,6195,13,0
10401,6197,14,0
10401,6198,15,0
10401,6199,16,0
10401,6744,17,0
10401,6745,18,0
10401,6746,19,0
10401,6747,20,0
10401,6961,21,0
10401,6895,22,0
10401,6204,23,0
10401,6133,24,1
10500,6315,1,0
10500,6733,2,0
10500,6769,3,0
10500,6734,4,0
10500,6735,5,0
10500,6862,6,0
10500,6320,7,0
10500,6321,8,0
10500,6322,9,0
10500,6323,10,0
10500,6324,11,0
10500,6820,12,0
10500,6347,13,0
10500,6303,14,0
10500,6906,15,0
10500,6908,16,0
10500,6915,17,0
10500,6351,18,0
10500,6522,19,0
10500,6355,20,0
10500,6356,21,0
10500,6357,22,0
10500,6678,23,0
10500,6679,24,0
10500,6359,25,0
10500,6361,26,0
10500,6362,27,0
10500,6806,28,0
10500,6453,29,0
10500,6443,30,1
10501,6443,1,0
10501,6460,2,0
10501,6619,3,0
10501,6620,4,0
10501,6628,5,0
10501,6532,6,0
10501,6549,7,0
10501,6284,8,0
10501,6678,9,0
10501,6700,10,0
10501,6273,11,0
10501,6353,12,0
10501,6524,13,0
10501,6674,14,0
10501,6675,15,0
10501,6330,16,0
10501,6301,17,1
10501,6890,18,0
10501,6302,19,0
10501,6309,20,0
10501,6800,21,0
10501,6310,22,0
10501,6311,23,0
10501,6659,24,0
10501,6851,25,0
10501,6717,26,0
10501,6710,27,0
10501,6752,28,0
10501,6754,29,0
10501,6749,30,0
10501,6734,31,0
10501,6735,32,0
10501,6312,33,0
10501,6313,34,0
10501,6726,35,0
10501,6315,36,1
10600,6133,1,0
10600,6134,2,0
10600,6912,3,0
10600,6913,4,0
10600,6612,5,0
10600,6810,6,0
10600,6576,7,0
10600,6577,8,0
10600,6681,9,0
10600,6578,10,0
10600,6770,11,0
10600,6772,12,0
10600,6773,13,0
10600,6774,14,0
10600,6776,15,0
10600,6778,16,0
10600,6580,17,0
10600,6581,18,0
10600,6583,19,0
10600,6584,20,1
10601,6584,1,0
10601,6585,2,0
10601,6586,3,0
10601,6599,4,0
10601,6600,5,0
10601,6601,6,0
10601,6815,7,0
10601,6816,8,0
10601,6589,9,0
10601,6590,10,0
10601,6591,11,0
10601,6592,12,0
10601,6593,13,0
10601,6594,14,0
10601,6595,15,0
10601,6596,16,0
10601,6770,17,0
10601,6772,18,0
10601,6773,19,0
10601,6774,20,0
10601,6776,21,0
10601,6778,22,0
10601,6151,23,0
10601,6680,24,0
10601,6152,25,0
10601,6153,26,0
10601,6811,27,0
10601,6165,28,0
10601,6911,29,0
10601,6133,30,1
10700,6133,1,0
10700,6161,2,0
10700,6162,3,0
10700,6125,4,0
10700,6126,5,0
10700,6127,6,0
10700,6548,7,0
10700,6631,8,0
10700,6540,9,0
10700,6541,10,0
10700,6542,11,0
10700,6544,12,0
10700,6546,13,0
10700,6466,14,0
10700,6467,15,0
10700,6444,16,1
10701,6444,1,0
10701,6468,2,0
10701,6469,3,0
10701,6484,4,0
10701,6485,5,0
10701,6486,6,0
10701,6487,7,0
10701,6488,8,0
10701,6490,9,0
10701,6492,10,0
10701,6493,11,0
10701,6685,12,0
10701,6645,13,0
10701,6646,14,0
10701,6128,15,0
10701,6129,16,0
10701,6252,17,0
10701,6445,18,0
10701,6446,19,0
10701,6824,20,0
10701,6650,21,0
10701,6849,22,0
10701,6825,23,0
10701,6652,24,0
10701,6539,25,0
10701,6533,26,0
10701,6166,27,0
10701,6167,28,0
10701,3125,29,0
10701,6130,30,0
10701,6131,31,0
10701,6133,32,1
10800,3635,1,0
10800,6644,2,0
10800,6553,3,0
10800,6554,4,0
10800,6555,5,0
10800,6556,6,0
10800,6387,7,0
10800,6400,8,0
10800,6559,9,0
10800,6560,10,0
10800,6561,11,0
10800,6562,12,0
10800,6444,13,0
10800,6445,14,0
10800,6446,15,0
10800,6647,16,0
10800,6574,17,0
10800,6557,18,0
10800,6558,19,0
10800,6135,20,0
10800,6136,21,0
10800,6478,22,0
10800,6481,23,0
10800,6483,24,0
10800,6143,25,0
10800,6144,26,0
10800,6145,27,0
10800,6146,28,0
10800,6147,29,0
10800,6148,30,0
10800,6193,31,0
10800,6102,32,1
10801,6143,1,0
10801,6144,2,0
10801,6145,3,0
10801,6146,4,0
10801,6147,5,0
10801,6148,6,0
10801,6193,7,0
10801,6102,8,0
10801,6725,9,0
10801,6421,10,0
10801,6422,11,0
10801,6423,12,0
10801,6424,13,0
10801,6425,14,0
10801,6426,15,0
10801,6427,16,0
10801,6428,17,0
10801,6429,18,0
10801,6431,19,0
10801,6434,20,0
10801,6289,21,0
10801,6566,22,0
10801,6567,23,0
10801,6568,24,0
10801,6569,25,0
10801,6648,26,0
10801,6466,27,0
10801,6467,28,0
10801,6412,29,0
10801,6380,30,0
10801,6381,31,0
10801,6382,32,0
10801,6383,33,0
10801,6384,34,0
10801,6385,35,0
10801,6386,36,0
10801,6526,37,0
10801,6527,38,0
10801,6528,39,0
10801,6529,40,0
10801,6552,41,0
10801,3635,42,1
10900,3635,1,0
10900,6644,2,0
10900,6553,3,0
10900,6554,4,0
10900,6555,5,0
10900,6709,6,0
10900,6452,7,0
10900,6453,8,1
10901,6455,1,0
10901,6459,2,0
10901,6453,3,0
10901,6443,4,0
10901,6460,5,0
10901,6802,6,0
10901,6803,7,0
10901,6526,8,0
10901,6527,9,0
10901,6528,10,0
10901,6529,11,0
10901,6552,12,0
10901,3635,13,1
10901,6454,14,0
10901,6458,15,0
10901,6457,16,0
10901,6456,17,0
11000,6133,1,0
11000,6253,2,0
11000,6255,3,0
11000,6418,4,0
11000,6201,5,0
11000,6613,6,0
11000,6615,7,0
11000,6617,8,0
11000,6548,9,0
11000,6801,10,0
11000,6550,11,0
11000,6551,12,0
11000,3635,13,1
11001,3635,1,0
11001,6530,2,0
11001,6531,3,0
11001,6535,4,0
11001,6533,5,0
11001,6617,6,0
11001,6618,7,0
11001,6621,8,0
11001,6200,9,0
11001,6234,10,0
11001,6236,11,0
11001,6237,12,0
11001,6133,13,1
11100,3635,1,0
11100,6829,2,0
11100,6663,3,0
11100,6664,4,0
11100,6394,5,0
11100,6395,6,0
11100,6396,7,0
11100,6397,8,0
11100,6847,9,0
11100,6217,10,0
11100,6219,11,0
11100,6222,12,0
11100,6398,13,0
11100,6399,14,0
11100,6726,15,0
11100,6315,16,1
11101,6315,1,0
11101,6317,2,0
11101,6401,3,0
11101,6402,4,0
11101,6404,5,0
11101,6406,6,0
11101,6407,7,0
11101,6408,8,0
11101,6440,9,0
11101,6441,10,0
11101,6442,11,0
11101,6665,12,0
11101,6666,13,0
11101,6667,14,0
11101,6668,15,0
11101,3635,16,1
11200,6315,1,0
11200,6317,2,0
11200,6896,3,0
11200,6893,4,0
11200,6401,5,0
11200,6686,6,0
11200,6638,7,0
11200,6238,8,0
11200,6239,9,0
11200,6240,10,0
11200,6639,11,0
11200,6640,12,0
11200,6149,13,0
11200,6415,14,0
11200,6416,15,0
11200,6417,16,0
11200,6695,17,0
11200,6630,18,0
11200,6576,19,0
11200,6577,20,0
11200,6681,21,0
11200,6578,22,0
11200,3578,23,0
11200,6580,24,0
11200,6581,25,0
11200,6583,26,0
11200,6584,27,0
11200,6701,28,0
11200,6718,29,0
11200,6688,30,1
11201,6688,1,0
11201,6689,2,0
11201,6697,3,0
11201,6838,4,0
11201,6698,5,0
11201,6699,6,0
11201,6852,7,0
11201,6601,8,0
11201,6815,9,0
11201,6816,10,0
11201,6589,11,0
11201,6590,12,0
11201,6591,13,1
11201,6592,14,0
11201,6593,15,0
11201,6594,16,0
11201,6595,17,0
11201,6596,18,0
11201,6597,19,0
11201,6598,20,0
11201,6151,21,0
11201,6680,22,0
11201,6152,23,0
11201,6153,24,0
11201,6138,25,0
11201,6804,26,0
11201,6140,27,0
11201,6141,28,0
11201,6142,29,0
11201,6470,30,0
11201,6471,31,0
11201,6690,32,0
11201,6643,33,0
11201,6706,34,0
11201,6715,35,0
11201,6716,36,0
11201,6707,37,0
11201,6703,38,0
11201,6704,39,0
11201,6708,40,0
11201,6398,41,0
11201,6896,42,0
11201,6893,43,0
11201,6726,44,0
11201,6315,45,1
11300,6315,1,0
11300,6760,2,0
11300,6758,3,0
11300,6756,4,0
11300,6748,5,0
11300,6753,6,0
11300,6751,7,0
11300,6848,8,0
11300,6889,9,0
11300,6312,10,0
11300,6313,11,0
11300,6817,12,0
11300,6388,13,0
11300,6389,14,0
11300,6390,15,0
11300,6391,16,0
11300,6392,17,0
11300,6918,18,0
11300,6223,19,0
11300,6224,20,0
11300,6225,21,0
11300,6230,22,0
11300,6231,23,0
11300,6232,24,0
11300,6233,25,0
11300,6248,26,0
11300,6453,27,0
11300,6443,28,0
11300,6454,29,0
11300,6458,30,0
11300,6457,31,0
11300,6456,32,0
11300,6455,33,0
11300,6459,34,0
11301,6443,1,0
11301,6460,2,0
11301,6364,3,0
11301,6365,4,0
11301,6366,5,0
11301,6808,6,0
11301,6367,7,0
11301,6369,8,0
11301,6370,9,0
11301,6372,10,0
11301,6373,11,0
11301,6374,12,0
11301,6375,13,0
11301,6376,14,0
11301,6377,15,0
11301,6378,16,0
11301,6819,17,0
11301,6379,18,0
11301,6781,19,0
11301,6726,20,0
11301,6755,21,0
11301,6757,22,0
11301,6759,23,0
11301,6315,24,0
11301,6733,25,0
11301,6769,26,0
11400,3635,1,0
11400,6644,2,0
11400,6553,3,0
11400,6554,4,0
11400,6555,5,0
11400,6556,6,0
11400,6571,7,0
11400,6570,8,0
11400,6572,9,0
11400,6573,10,0
11400,6466,11,0
11400,6467,12,1
11401,6467,1,0
11401,6412,2,0
11401,6413,3,0
11401,6414,4,0
11401,6500,5,0
11401,6501,6,0
11401,6502,7,0
11401,6503,8,0
11401,6504,9,0
11401,6505,10,0
11401,6654,11,0
11401,6655,12,0
11401,6513,13,0
11401,6514,14,0
11401,6516,15,0
11401,6656,16,0
11401,6657,17,0
11401,6559,18,0
11401,6560,19,0
11401,6561,20,0
11401,6562,21,0
11401,6444,22,0
11401,6445,23,0
11401,6446,24,0
11401,6447,25,0
11401,6448,26,0
11401,6449,27,0
11401,6450,28,0
11401,6526,29,0
11401,6527,30,0
11401,6528,31,0
11401,6529,32,0
11401,6552,33,0
11401,3635,34,1
11501,6133,1,0
11501,6161,2,0
11501,6162,3,0
11501,6711,4,0
11501,6169,5,0
11501,6170,6,0
11501,6116,7,0
11501,6801,8,0
11501,6550,9,0
11501,6551,10,0
11501,3635,11,0
11501,6530,12,0
11501,6531,13,0
11501,6535,14,0
11501,6171,15,0
11501,6172,16,0
11501,6173,17,0
11501,6498,18,0
11501,6658,19,0
11501,6178,20,0
11501,6179,21,0
11501,6180,22,0
11501,6181,23,0
11501,6183,24,0
11501,6184,25,0
11501,6495,26,1
11600,8926,1,0
11600,6133,2,0
11600,8286,3,0
11600,8288,4,0
11600,8290,5,0
11600,8291,6,0
11600,8292,7,0
11600,8293,8,0
11600,8295,9,0
11600,8296,10,0
11600,8297,11,0
11600,8299,12,0
11600,8938,13,0
11600,8939,14,0
11600,8880,15,0
11600,8881,16,0
11600,8882,17,1
11601,8882,1,0
11601,8958,2,0
11601,8684,3,0
11601,8685,4,0
11601,8331,5,0
11601,8332,6,0
11601,8333,7,0
11601,8334,8,0
11601,8335,9,0
11601,8337,10,0
11601,8338,11,0
11601,8340,12,0
11601,8341,13,0
11601,8343,14,0
11601,8344,15,0
11601,6133,16,0
11601,6269,17,0
11601,6270,18,0
11601,8926,19,1
20300,6133,1,0
20300,6200,2,0
20300,6257,3,0
20300,6258,4,0
20300,6259,5,0
20300,6260,6,0
20300,6213,7,0
20300,6214,8,0
20300,6215,9,0
20300,6216,10,0
20300,6217,11,0
20300,6219,12,0
20300,6222,13,0
20300,6638,14,0
20300,6238,15,0
20300,6239,16,0
20300,6240,17,0
20300,6639,18,0
20300,6761,19,0
20300,6763,20,0
20300,6765,21,0
20300,6779,22,0
20300,6767,23,0
20300,6835,24,0
20300,6836,25,0
20300,6398,26,0
20300,6896,27,0
20300,6893,28,0
20300,6726,29,0
20300,6315,30,1
20301,6315,1,0
20301,6317,2,0
20301,6896,3,0
20301,6893,4,0
20301,6401,5,0
20301,6266,6,0
20301,6768,7,0
20301,6780,8,0
20301,6766,9,0
20301,6764,10,0
20301,6762,11,0
20301,6241,12,0
20301,6243,13,0
20301,6246,14,0
20301,6261,15,0
20301,6262,16,0
20301,6264,17,0
20301,6418,18,0
20301,6201,19,0
20301,6133,20,0
20301,6102,21,1
20400,6133,1,0
20400,6269,2,0
20400,8270,3,0
20400,6271,4,0
20400,6742,5,0
20400,6741,6,0
20400,6740,7,0
20400,6275,8,0
20400,6276,9,0
20400,6277,10,0
20400,6279,11,0
20400,6280,12,0
20400,6186,13,1
20401,6186,1,0
20401,6188,2,0
20401,6191,3,0
20401,6189,4,0
20401,6725,5,0
20401,6193,6,0
20401,6102,7,0
20401,6001,8,0
20401,6002,9,0
20401,6003,10,0
20401,6004,11,0
20401,6194,12,0
20401,6195,13,0
20401,6197,14,0
20401,6198,15,0
20401,6199,16,0
20401,6744,17,0
20401,6745,18,0
20401,6746,19,0
20401,6747,20,0
20401,6961,21,0
20401,6895,22,0
20401,6204,23,0
20401,6133,24,1
20500,6315,1,0
20500,6733,2,0
20500,6769,3,0
20500,6734,4,0
20500,6735,5,0
20500,6862,6,0
20500,6320,7,0
20500,6321,8,0
20500,6322,9,0
20500,6323,10,0
20500,6324,11,0
20500,6820,12,0
20500,6347,13,0
20500,6303,14,0
20500,6906,15,0
20500,6908,16,0
20500,6915,17,0
20500,6670,18,0
20500,6671,19,0
20500,6678,20,0
20500,6679,21,0
20500,6359,22,0
20500,6361,23,0
20500,6362,24,0
20500,6806,25,0
20500,6453,26,0
20500,6443,27,1
20501,6443,1,0
20501,6460,2,0
20501,6619,3,0
20501,6620,4,0
20501,6628,5,0
20501,6532,6,0
20501,6549,7,0
20501,6284,8,0
20501,6283,9,0
20501,6672,10,0
20501,6673,11,0
20501,6674,12,0
20501,6675,13,0
20501,6330,14,0
20501,6301,15,0
20501,6890,16,0
20501,6302,17,0
20501,6309,18,0
20501,6800,19,0
20501,6310,20,0
20501,6311,21,0
20501,6659,22,0
20501,6851,23,0
20501,6717,24,0
20501,6710,25,0
20501,6752,26,0
20501,6754,27,0
20501,6749,28,0
20501,6734,29,0
20501,6735,30,0
20501,6312,31,0
20501,6313,32,0
20501,6726,33,0
20501,6315,34,1
20600,6133,1,0
20600,6134,2,0
20600,6912,3,0
20600,6913,4,0
20600,6612,5,0
20600,6810,6,0
20600,6138,7,0
20600,6804,8,0
20600,6140,9,0
20600,6141,10,0
20600,6142,11,0
20600,6470,12,0
20600,6471,13,0
20600,6150,14,0
20600,6154,15,0
20600,6770,16,0
20600,6772,17,0
20600,6773,18,0
20600,6774,19,0
20600,6776,20,0
20600,6778,21,0
20600,6580,22,0
20600,6581,23,0
20600,6583,24,0
20600,6584,25,1
20601,6584,1,0
20601,6585,2,0
20601,6586,3,0
20601,6599,4,0
20601,6600,5,0
20601,6601,6,0
20601,6815,7,0
20601,6816,8,0
20601,6589,9,0
20601,6590,10,0
20601,6591,11,0
20601,6592,12,0
20601,6593,13,0
20601,6594,14,0
20601,6595,15,0
20601,6596,16,0
20601,6770,17,0
20601,6772,18,0
20601,6773,19,0
20601,6774,20,0
20601,6776,21,0
20601,6778,22,0
20601,6151,23,0
20601,6680,24,0
20601,6152,25,0
20601,6153,26,0
20601,6811,27,0
20601,6165,28,0
20601,6911,29,0
20601,6133,30,1
20900,3635,1,0
20900,6644,2,0
20900,6553,3,0
20900,6554,4,0
20900,6555,5,0
20900,6709,6,0
20900,6452,7,0
20900,6453,8,1
20901,6455,1,0
20901,6459,2,0
20901,6453,3,0
20901,6443,4,0
20901,6460,5,0
20901,6802,6,0
20901,6803,7,0
20901,6526,8,0
20901,6527,9,0
20901,6528,10,0
20901,6529,11,0
20901,6552,12,0
20901,3635,13,1
20901,6454,14,0
20901,6458,15,0
20901,6457,16,0
20901,6456,17,0
21000,6133,1,0
21000,6161,2,0
21000,6162,3,0
21000,6125,4,0
21000,6126,5,0
21000,6127,6,0
21000,6548,7,0
21000,6801,8,0
21000,6550,9,0
21000,6551,10,0
21000,3635,11,1
21001,3635,1,0
21001,6530,2,0
21001,6531,3,0
21001,6535,4,0
21001,6533,5,0
21001,6166,6,0
21001,6167,7,0
21001,6168,8,0
21001,6130,9,0
21001,6131,10,0
21001,6133,11,1
21100,3635,1,0
21100,6829,2,0
21100,6663,3,0
21100,6664,4,0
21100,6394,5,0
21100,6395,6,0
21100,6396,7,0
21100,6397,8,0
21100,6847,9,0
21100,6217,10,0
21100,6219,11,0
21100,6222,12,0
21100,6398,13,0
21100,6399,14,0
21100,6726,15,0
21100,6315,16,1
21101,6315,1,0
21101,6317,2,0
21101,6401,3,0
21101,6402,4,0
21101,6404,5,0
21101,6406,6,0
21101,6407,7,0
21101,6408,8,0
21101,6440,9,0
21101,6441,10,0
21101,6442,11,0
21101,6665,12,0
21101,6666,13,0
21101,6667,14,0
21101,6668,15,0
21101,3635,16,1
21300,6315,1,0
21300,6760,2,0
21300,6758,3,0
21300,6756,4,0
21300,6748,5,0
21300,6753,6,0
21300,6751,7,0
21300,6848,8,0
21300,6889,9,0
21300,6312,10,0
21300,6313,11,0
21300,6817,12,0
21300,6388,13,0
21300,6389,14,0
21300,6390,15,0
21300,6391,16,0
21300,6392,17,0
21300,6918,18,0
21300,6223,19,0
21300,6224,20,0
21300,6225,21,0
21300,6230,22,0
21300,6231,23,0
21300,6232,24,0
21300,6233,25,0
21300,6248,26,0
21300,6453,27,0
21300,6443,28,1
21301,6443,1,0
21301,6460,2,0
21301,6364,3,0
21301,6365,4,0
21301,6366,5,0
21301,6808,6,0
21301,6367,7,0
21301,6369,8,0
21301,6370,9,0
21301,6372,10,0
21301,6373,11,0
21301,6374,12,0
21301,6375,13,0
21301,6376,14,0
21301,6377,15,0
21301,6378,16,0
21301,6819,17,0
21301,6379,18,0
21301,6781,19,0
21301,6726,20,0
21301,6315,21,0
21301,6733,22,0
21301,6769,23,0
21301,6755,24,0
21301,6757,25,0
21301,6759,26,0
21400,3635,1,0
21400,6644,2,0
21400,6553,3,0
21400,6554,4,0
21400,6555,5,0
21400,6556,6,0
21400,6571,7,0
21400,6570,8,0
21400,6572,9,0
21400,6573,10,0
21400,6466,11,0
21400,6467,12,1
21401,6467,1,0
21401,6468,2,0
21401,6469,3,0
21401,6484,4,0
21401,6485,5,0
21401,6486,6,0
21401,6487,7,0
21401,6488,8,0
21401,6490,9,0
21401,6492,10,0
21401,6493,11,0
21401,6685,12,0
21401,6645,13,0
21401,6646,14,0
21401,6499,15,0
21401,6500,16,0
21401,6501,17,0
21401,6502,18,0
21401,6503,19,0
21401,6504,20,0
21401,6505,21,0
21401,6202,22,0
21401,6272,23,0
21401,6559,24,0
21401,6560,25,0
21401,6561,26,0
21401,6562,27,0
21401,6444,28,0
21401,6445,29,0
21401,6446,30,0
21401,6447,31,0
21401,6448,32,0
21401,6449,33,0
21401,6450,34,0
21401,6526,35,0
21401,6527,36,0
21401,6528,37,0
21401,6529,38,0
21401,6552,39,0
21401,3635,40,1
21600,8926,1,0
21600,6133,2,0
21600,8286,3,0
21600,8288,4,0
21600,8290,5,0
21600,8291,6,0
21600,8292,7,0
21600,8293,8,0
21600,8295,9,0
21600,8296,10,0
21600,8297,11,0
21600,8299,12,0
21600,8938,13,0
21600,8939,14,0
21600,8880,15,0
21600,8881,16,0
21600,8882,17,1
21601,8882,1,0
21601,8958,2,0
21601,8684,3,0
21601,8685,4,0
21601,8331,5,0
21601,8332,6,0
21601,8333,7,0
21601,8334,8,0
21601,8335,9,0
21601,8337,10,0
21601,8338,11,0
21601,8340,12,0
21601,8341,13,0
21601,8343,14,0
21601,8344,15,0
21601,6133,16,0
21601,6269,17,0
21601,6270,18,0
21601,8926,19,1
