10500,'10',550,,15026,5,,,1,100,,15011,5,,,1,70,,15025,5,,,1,30,,15014,5,,,1,70,,15001,5,,,1,30,,15003,5,,,1,70,,15002,5,,,1,30,,15018,5,,,1,100,,13071,5,,,1,100,,15008,5,,,1,100,,11399,5,,,1,100,,12927,5,,,1,100,,15005,5,,,1,70,,15028,5,,,1,30,,15024,5,,,1,70,,15013,5,,,1,30,,15004,5,,,1,70,,15015,5,,,1,30,,15020,5,,,1
10500,'15',550,,15059,5,,,1,100,,15043,5,,,1,70,,15058,5,,,1,30,,15046,5,,,1,70,,15033,5,,,1,30,,15035,5,,,1,70,,15034,5,,,1,30,,15051,5,,,1,100,,15047,5,,,1,100,,15040,5,,,1,100,,11309,5,,,1,100,,12948,5,,,1,100,,15037,5,,,1,70,,15061,5,,,1,30,,15057,5,,,1,70,,15045,5,,,1,30,,15036,5,,,1,70,,15048,5,,,1,30,,15053,5,,,1
10501,'10',635,,15090,16,,,1,100,,15088,16,,,1,70,,15094,16,,,1,30,,15083,16,,,1,70,,15081,16,,,1,30,,15075,16,,,1,70,,15097,16,,,1,30,,15065,16,,,1,100,,15070,16,,,1,100,,13733,16,,,1,100,,12302,16,,,1,100,,15095,16,,,1,100,,15085,16,,,1,70,,15082,16,,,1,30,,15099,16,,,1,70,,15068,16,,,1,30,,15077,16,,,1,70,,15078,16,,,1,30,,15096,16,,,1
10501,'15',635,,15126,16,,,1,100,,15124,16,,,1,70,,15130,16,,,1,30,,15119,16,,,1,70,,15117,16,,,1,30,,15111,16,,,1,70,,15133,16,,,1,30,,15101,16,,,1,100,,15106,16,,,1,100,,13750,16,,,1,100,,12345,16,,,1,100,,15131,16,,,1,100,,15121,16,,,1,70,,15118,16,,,1,30,,15135,16,,,1,70,,15104,16,,,1,30,,15113,16,,,1,70,,15114,16,,,1,30,,15132,16,,,1
20500,'10',1850,,12105,5,,,1,100,,16448,5,,,1,100,,13131,5,,,1,100,,16451,5,,,1
20500,'15',1850,,12158,5,,,1,100,,16453,5,,,1,100,,13151,5,,,1,100,,16456,5,,,1
20500,'7',650,,16462,5,,,1,100,,13792,5,,,1,100,,16476,5,,,1,100,,16480,5,,,1,100,,16464,5,,,1,100,,16470,5,,,1,100,,16458,5,,,1,100,,16477,5,,,1,100,,16467,5,,,1,100,,16478,5,,,1,100,,16461,5,,,1,100,,16481,5,,,1,100,,16465,5,,,1,100,,14013,5,,,1
20501,'10',1934,,16484,16,,,1,100,,16488,16,,,1,100,,12643,16,,,1,100,,16486,16,,,1
20501,'15',1934,,16491,16,,,1,100,,16495,16,,,1,100,,12699,16,,,1,100,,16493,16,,,1
20501,'7',734,,16496,16,,,1,100,,16514,16,,,1,100,,16498,16,,,1,100,,16500,16,,,1,100,,13843,16,,,1,100,,13875,16,,,1,100,,16513,16,,,1,100,,16517,16,,,1,100,,16515,16,,,1,100,,16497,16,,,1,100,,16499,16,,,1,100,,16505,16,,,1,100,,16508,16,,,1,100,,16519,16,,,1
