11100,'14',603,,5007,4,,,1,30,,5010,4,,,1,70,,5017,4,,,1,30,,5016,4,,,1,70,,765,4,,,1,30,,5018,4,,,1,70,,5024,4,,,1,30,,1287,4,,,1,70,,5020,4,,,1,30,,5014,4,,,1,70,,5019,4,,,1,30,,5005,4,,,1,70,,5004,4,,,1,30,,5003,4,,,1,70,,5013,4,,,1,30,,5023,4,,,1,70,,5021,4,,,1,30,,5008,4,,,1,70,,5009,4,,,1,30,,5015,4,,,1,70,,5006,4,,,1,30,,5002,4,,,1,70,,5022,4,,,1,30,,5012,4,,,1,70,,5011,4,,,1,30,,1286,4,,,1
11100,'18',603,,5030,4,,,1,30,,5033,4,,,1,70,,5041,4,,,1,30,,5040,4,,,1,70,,5039,4,,,1,30,,5044,4,,,1,70,,5050,4,,,1,30,,5043,4,,,1,70,,5046,4,,,1,30,,5037,4,,,1,70,,5045,4,,,1,30,,5028,4,,,1,70,,5027,4,,,1,30,,5026,4,,,1,70,,5036,4,,,1,30,,5049,4,,,1,70,,5047,4,,,1,30,,5031,4,,,1,70,,5032,4,,,1,30,,5038,4,,,1,70,,5029,4,,,1,30,,5025,4,,,1,70,,5048,4,,,1,30,,5035,4,,,1,70,,5034,4,,,1,30,,5042,4,,,1
11100,'20',603,,5059,4,,,1,30,,5062,4,,,1,70,,5067,4,,,1,30,,5065,4,,,1,70,,705,4,,,1,30,,5068,4,,,1,70,,5074,4,,,1,30,,1269,4,,,1,70,,5070,4,,,1,30,,5063,4,,,1,70,,5069,4,,,1,30,,5054,4,,,1,70,,5056,4,,,1,30,,5051,4,,,1,70,,5064,4,,,1,30,,5073,4,,,1,70,,5058,4,,,1,30,,5060,4,,,1,70,,5066,4,,,1,30,,5052,4,,,1,70,,5057,4,,,1,30,,5055,4,,,1,70,,5061,4,,,1,30,,5072,4,,,1,70,,5053,4,,,1,30,,5071,4,,,1
11100,'8',603,,5083,4,,,1,30,,5086,4,,,1,70,,5092,4,,,1,30,,5090,4,,,1,70,,5089,4,,,1,30,,5094,4,,,1,70,,5100,4,,,1,30,,5093,4,,,1,70,,5096,4,,,1,30,,5087,4,,,1,70,,5095,4,,,1,30,,5078,4,,,1,70,,5080,4,,,1,30,,5075,4,,,1,70,,5088,4,,,1,30,,5099,4,,,1,70,,5082,4,,,1,30,,5084,4,,,1,70,,5091,4,,,1,30,,5076,4,,,1,70,,5081,4,,,1,30,,5079,4,,,1,70,,5085,4,,,1,30,,5098,4,,,1,70,,5077,4,,,1,30,,5097,4,,,1
21100,'11',733,,7493,4,,,1,70,,7506,4,,,1,30,,7489,4,,,1,70,,7508,4,,,1,30,,7492,4,,,1,70,,7491,4,,,1,30,,7501,4,,,1,70,,7496,4,,,1,30,,7512,4,,,1,70,,2503,4,,,1,30,,7490,4,,,1,70,,7504,4,,,1,30,,7495,4,,,1,70,,7503,4,,,1,30,,7499,4,,,1,70,,7505,4,,,1,30,,7502,4,,,1,70,,7497,4,,,1,30,,7507,4,,,1,70,,7509,4,,,1,30,,7511,4,,,1,70,,2362,4,,,1,30,,7500,4,,,1,70,,7494,4,,,1,30,,7510,4,,,1,70,,7498,4,,,1,30,,7488,4,,,1
21100,'14',1903,,7515,4,,,1,30,,7521,4,,,1,70,,7514,4,,,1,30,,7513,4,,,1,70,,7517,4,,,1,30,,7520,4,,,1,70,,7518,4,,,1,30,,7516,4,,,1,70,,7519,4,,,1
21100,'18',1903,,7524,4,,,1,30,,7530,4,,,1,70,,7523,4,,,1,30,,7522,4,,,1,70,,7526,4,,,1,30,,7529,4,,,1,70,,7527,4,,,1,30,,7525,4,,,1,70,,7528,4,,,1
21100,'20',1903,,7538,4,,,1,30,,7539,4,,,1,70,,7532,4,,,1,30,,7531,4,,,1,70,,7534,4,,,1,30,,7537,4,,,1,70,,7535,4,,,1,30,,7533,4,,,1,70,,7536,4,,,1
21100,'4',733,,7546,4,,,1,70,,7560,4,,,1,30,,7541,4,,,1,70,,7562,4,,,1,30,,7545,4,,,1,70,,7544,4,,,1,30,,7555,4,,,1,70,,7549,4,,,1,30,,7566,4,,,1,70,,7553,4,,,1,30,,7542,4,,,1,70,,7558,4,,,1,30,,7548,4,,,1,70,,7557,4,,,1,30,,7552,4,,,1,70,,7559,4,,,1,30,,7556,4,,,1,70,,7550,4,,,1,30,,7561,4,,,1,70,,7563,4,,,1,30,,7565,4,,,1,70,,7543,4,,,1,30,,7554,4,,,1,70,,7547,4,,,1,30,,7564,4,,,1,70,,7551,4,,,1,30,,7540,4,,,1
21100,'8',1903,,7574,4,,,1,30,,7575,4,,,1,70,,7568,4,,,1,30,,7567,4,,,1,70,,7570,4,,,1,30,,7573,4,,,1,70,,7571,4,,,1,30,,7569,4,,,1,70,,7572,4,,,1
