10501,'10',636,,15090,17,,,1,100,,15088,17,,,1,70,,15094,17,,,1,30,,15083,17,,,1,70,,15081,17,,,1,30,,15075,17,,,1,70,,15097,17,,,1,30,,15065,17,,,1,100,,15070,17,,,1,100,,13733,17,,,1,100,,12302,17,,,1,100,,15095,17,,,1,100,,15085,17,,,1,70,,15082,17,,,1,30,,15099,17,,,1,70,,15068,17,,,1,30,,15077,17,,,1,70,,15078,17,,,1,30,,15096,17,,,1
10501,'15',636,,15126,17,,,1,100,,15124,17,,,1,70,,15130,17,,,1,30,,15119,17,,,1,70,,15117,17,,,1,30,,15111,17,,,1,70,,15133,17,,,1,30,,15101,17,,,1,100,,15106,17,,,1,100,,13750,17,,,1,100,,12345,17,,,1,100,,15131,17,,,1,100,,15121,17,,,1,70,,15118,17,,,1,30,,15135,17,,,1,70,,15104,17,,,1,30,,15113,17,,,1,70,,15114,17,,,1,30,,15132,17,,,1
11300,'10',625,,15826,10,,,1,100,,15812,10,,,1,100,,15828,10,,,1,100,,15814,10,,,1,100,,15796,10,,,1,100,,15807,10,,,1,100,,15809,10,,,1,100,,15825,10,,,1,100,,15802,10,,,1,100,,15800,10,,,1,100,,15818,10,,,1,100,,15820,10,,,1,100,,9009,10,,,1
11300,'15',625,,15858,10,,,1,100,,15842,10,,,1,100,,15862,10,,,1,100,,15844,10,,,1,100,,15830,10,,,1,100,,15840,10,,,1,100,,15850,10,,,1,100,,15856,10,,,1,100,,15859,10,,,1,100,,15832,10,,,1,100,,15834,10,,,1,100,,13164,10,,,1,100,,15863,10,,,1
20501,'10',1935,,16484,17,,,1,100,,16488,17,,,1,100,,12643,17,,,1,100,,16486,17,,,1
20501,'15',1935,,16491,17,,,1,100,,16495,17,,,1,100,,12699,17,,,1,100,,16493,17,,,1
20501,'7',735,,16496,17,,,1,100,,16514,17,,,1,100,,16498,17,,,1,100,,16500,17,,,1,100,,13843,17,,,1,100,,13875,17,,,1,100,,16513,17,,,1,100,,16517,17,,,1,100,,16515,17,,,1,100,,16497,17,,,1,100,,16499,17,,,1,100,,16505,17,,,1,100,,16508,17,,,1,100,,16519,17,,,1
21300,'10',1925,,16922,10,,,1,100,,16923,10,,,1,100,,16921,10,,,1,100,,16920,10,,,1
21300,'15',1925,,16926,10,,,1,100,,16927,10,,,1,100,,16925,10,,,1,100,,16924,10,,,1
21300,'7',725,,16928,10,,,1,100,,16936,10,,,1,100,,16939,10,,,1,100,,16935,10,,,1,100,,16932,10,,,1,100,,16930,10,,,1,100,,16938,10,,,1,100,,16933,10,,,1,100,,16940,10,,,1,100,,16937,10,,,1,100,,16929,10,,,1,100,,16934,10,,,1,100,,16931,10,,,1
