10201,'14',628,,5526,4,,1,2,,5532,0,7 1 8,1,28,,5574,4,,1,42,,5538,0,7 1 8,1,28,,5558,4,,1,2,,2383,0,7 1 8,1,28,,5570,4,,1,42,,5530,0,7 1 8,1,28,,3276,4,,1,2,,5575,0,7 1 8,1,28,,5568,4,,1,42,,5571,0,7 1 8,1,28,,5569,4,,1,2,,5551,0,7 1 8,1,28,,5536,4,,1,72,,5528,4,,1,98,,3637,4,,1,2,,5550,0,7 1 8,1,98,,5539,4,,1,2,,5547,0,7 1 8,1,98,,5566,4,,1,2,,5565,0,7 1 8,1,98,,5561,4,,1,2,,4279,0,7 1 8,1,28,,5533,4,,1,42,,5553,0,7 1 8,1,28,,5534,4,,1,2,,5540,0,7 1 8,1,28,,5545,4,,1,42,,5557,0,7 1 8,1,28,,5576,4,,1,2,,5562,0,7 1 8,1,28,,5541,4,,1,42,,5543,0,7 1 8,1,28,,5546,4,,1,2,,5556,0,7 1 8,1,28,,5549,4,,1,70,,5554,4,,1
10201,'18',628,,5577,4,,1,2,,5584,0,7 1 8,1,28,,5631,4,,1,42,,5591,0,7 1 8,1,28,,5615,4,,1,2,,5579,0,7 1 8,1,28,,5627,4,,1,42,,5582,0,7 1 8,1,28,,5599,4,,1,2,,5632,0,7 1 8,1,28,,5625,4,,1,42,,5628,0,7 1 8,1,28,,5626,4,,1,2,,5608,0,7 1 8,1,28,,5589,4,,1,72,,5580,4,,1,98,,5597,4,,1,2,,5607,0,7 1 8,1,98,,5592,4,,1,2,,5604,0,7 1 8,1,98,,5623,4,,1,2,,5622,0,7 1 8,1,98,,5618,4,,1,2,,5594,0,7 1 8,1,28,,5586,4,,1,42,,5610,0,7 1 8,1,28,,5587,4,,1,2,,5593,0,7 1 8,1,28,,5602,4,,1,42,,5614,0,7 1 8,1,28,,5633,4,,1,2,,5619,0,7 1 8,1,28,,5595,4,,1,42,,5600,0,7 1 8,1,28,,5603,4,,1,2,,5613,0,7 1 8,1,28,,5606,4,,1,70,,5611,4,,1
10201,'20',628,,5634,4,,1,2,,5640,0,7 1 8,1,28,,5683,4,,1,42,,5646,0,7 1 8,1,28,,5667,4,,1,2,,2347,0,7 1 8,1,28,,5679,4,,1,42,,5638,0,7 1 8,1,28,,3245,4,,1,2,,5684,0,7 1 8,1,28,,5677,4,,1,42,,5680,0,7 1 8,1,28,,5678,4,,1,2,,5660,0,7 1 8,1,28,,5644,4,,1,72,,5636,4,,1,98,,3620,4,,1,2,,5659,0,7 1 8,1,98,,5647,4,,1,2,,5656,0,7 1 8,1,98,,5675,4,,1,2,,5674,0,7 1 8,1,98,,5670,4,,1,2,,4239,0,7 1 8,1,28,,5641,4,,1,42,,5662,0,7 1 8,1,28,,5642,4,,1,2,,5648,0,7 1 8,1,28,,5654,4,,1,42,,5666,0,7 1 8,1,28,,5685,4,,1,2,,5671,0,7 1 8,1,28,,5649,4,,1,42,,5652,0,7 1 8,1,28,,5655,4,,1,2,,5665,0,7 1 8,1,28,,5658,4,,1,70,,5663,4,,1
10201,'8',628,,5686,4,,1,2,,5693,0,7 1 8,1,28,,5740,4,,1,42,,5700,0,7 1 8,1,28,,5724,4,,1,2,,5688,0,7 1 8,1,28,,5736,4,,1,42,,5691,0,7 1 8,1,28,,5708,4,,1,2,,5741,0,7 1 8,1,28,,5734,4,,1,42,,5737,0,7 1 8,1,28,,5735,4,,1,2,,5717,0,7 1 8,1,28,,5698,4,,1,72,,5689,4,,1,98,,5706,4,,1,2,,5716,0,7 1 8,1,98,,5701,4,,1,2,,5713,0,7 1 8,1,98,,5732,4,,1,2,,5731,0,7 1 8,1,98,,5727,4,,1,2,,5703,0,7 1 8,1,28,,5695,4,,1,42,,5719,0,7 1 8,1,28,,5696,4,,1,2,,5702,0,7 1 8,1,28,,5711,4,,1,42,,5723,0,7 1 8,1,28,,5742,4,,1,2,,5728,0,7 1 8,1,28,,5704,4,,1,42,,5709,0,7 1 8,1,28,,5712,4,,1,2,,5722,0,7 1 8,1,28,,5715,4,,1,70,,5720,4,,1
10401,'14',615,,5995,,,1,28,,5991,4,,1,2,,1205,,,1,68,,6023,4,,1,2,,6022,,,1,28,,6003,4,,1,2,,3829,,,1,68,,6017,4,,1,2,,5989,,,1,28,,5986,4,,1,2,,6013,,,1,68,,3515,4,,1,2,,6007,,,1,28,,6027,4,,1,2,,6008,,,1,68,,6004,4,,1,2,,3286,,,1,28,,3013,4,,1,2,,5996,,,1,68,,6005,4,,1,2,,6000,,,1,28,,6021,4,,1,2,,3978,,,1,68,,6016,4,,1,2,,6009,,,1,28,,6024,4,,1,2,,5987,,,1,68,,6010,4,,1,2,,6002,,,1,28,,6026,4,,1,2,,6006,,,1,68,,5988,4,,1,2,,6015,,,1,28,,6011,4,,1,2,,6020,,,1,68,,6018,4,,1,2,,6001,,,1,28,,5997,4,,1,2,,6012,,,1,68,,5998,4,,1,2,,5994,,,1,28,,5999,4,,1,2,,6014,,,1,68,,5993,4,,1,2,,6019,,,1,28,,6025,4,,1,2,,5985,,,1,68,,5990,4,,1,2,,5992,,,1,28,,3782,4,,1
10401,'18',615,,6041,,,1,28,,6036,4,,1,2,,6032,,,1,68,,6073,4,,1,2,,6072,,,1,28,,6049,4,,1,2,,6061,,,1,68,,6067,4,,1,2,,6033,,,1,28,,6029,4,,1,2,,6063,,,1,68,,6034,4,,1,2,,6055,,,1,28,,6077,4,,1,2,,6056,,,1,68,,6050,4,,1,2,,6058,,,1,28,,6053,4,,1,2,,6042,,,1,68,,6052,4,,1,2,,6046,,,1,28,,6071,4,,1,2,,6051,,,1,68,,6066,4,,1,2,,6057,,,1,28,,6074,4,,1,2,,6030,,,1,68,,6059,4,,1,2,,6048,,,1,28,,6076,4,,1,2,,6054,,,1,68,,6031,4,,1,2,,6065,,,1,28,,6060,4,,1,2,,6070,,,1,68,,6068,4,,1,2,,6047,,,1,28,,6043,4,,1,2,,6062,,,1,68,,6044,4,,1,2,,6040,,,1,28,,6045,4,,1,2,,6064,,,1,68,,6039,4,,1,2,,6069,,,1,28,,6075,4,,1,2,,6028,,,1,68,,6035,4,,1,2,,6038,,,1,28,,6037,4,,1
10401,'20',615,,6088,,,1,28,,6084,4,,1,2,,1180,,,1,68,,6116,4,,1,2,,6115,,,1,28,,6096,4,,1,2,,3807,,,1,68,,6110,4,,1,2,,6082,,,1,28,,6079,4,,1,2,,6106,,,1,68,,3466,4,,1,2,,6100,,,1,28,,6120,4,,1,2,,6101,,,1,68,,6097,4,,1,2,,3255,,,1,28,,2963,4,,1,2,,6089,,,1,68,,6098,4,,1,2,,6093,,,1,28,,6114,4,,1,2,,3958,,,1,68,,6109,4,,1,2,,6102,,,1,28,,6117,4,,1,2,,6080,,,1,68,,6103,4,,1,2,,6095,,,1,28,,6119,4,,1,2,,6099,,,1,68,,6081,4,,1,2,,6108,,,1,28,,6104,4,,1,2,,6113,,,1,68,,6111,4,,1,2,,6094,,,1,28,,6090,4,,1,2,,6105,,,1,68,,6091,4,,1,2,,6087,,,1,28,,6092,4,,1,2,,6107,,,1,68,,6086,4,,1,2,,6112,,,1,28,,6118,4,,1,2,,6078,,,1,68,,6083,4,,1,2,,6085,,,1,28,,3764,4,,1
10401,'8',615,,6134,,,1,28,,6129,4,,1,2,,6125,,,1,68,,6166,4,,1,2,,6165,,,1,28,,6142,4,,1,2,,6154,,,1,68,,6160,4,,1,2,,6126,,,1,28,,6122,4,,1,2,,6156,,,1,68,,6127,4,,1,2,,6148,,,1,28,,6170,4,,1,2,,6149,,,1,68,,6143,4,,1,2,,6151,,,1,28,,6146,4,,1,2,,6135,,,1,68,,6145,4,,1,2,,6139,,,1,28,,6164,4,,1,2,,6144,,,1,68,,6159,4,,1,2,,6150,,,1,28,,6167,4,,1,2,,6123,,,1,68,,6152,4,,1,2,,6141,,,1,28,,6169,4,,1,2,,6147,,,1,68,,6124,4,,1,2,,6158,,,1,28,,6153,4,,1,2,,6163,,,1,68,,6161,4,,1,2,,6140,,,1,28,,6136,4,,1,2,,6155,,,1,68,,6137,4,,1,2,,6133,,,1,28,,6138,4,,1,2,,6157,,,1,68,,6132,4,,1,2,,6162,,,1,28,,6168,4,,1,2,,6121,,,1,68,,6128,4,,1,2,,6131,,,1,28,,6130,4,,1
10800,'14',728,,6927,4,,1,30,,6918,4,,1,70,,6905,4,,1,30,,6915,4,,1,70,,6929,4,,1,30,,6919,4,,1,100,,6917,4,,1,100,,6916,4,,1,100,,6922,4,,1,100,,6933,4,,1,100,,6914,4,,1,70,,6903,4,,1,30,,6910,4,,1,70,,6904,4,,1,30,,6921,4,,1,70,,6908,4,,1,30,,6909,4,,1
10800,'18',728,,6961,4,,1,30,,6952,4,,1,70,,6938,4,,1,30,,6949,4,,1,70,,6963,4,,1,30,,6953,4,,1,100,,6951,4,,1,100,,6950,4,,1,100,,6956,4,,1,100,,6967,4,,1,100,,6948,4,,1,70,,6936,4,,1,30,,6943,4,,1,70,,6937,4,,1,30,,6955,4,,1,70,,6941,4,,1,30,,6942,4,,1
10800,'20',728,,6983,4,,1,30,,6988,4,,1,70,,6984,4,,1,30,,6986,4,,1,70,,6972,4,,1,30,,6990,4,,1,100,,6987,4,,1,100,,5155,4,,1,100,,6992,4,,1,100,,7000,4,,1,100,,6985,4,,1,70,,6971,4,,1,30,,6978,4,,1,70,,6973,4,,1,30,,6991,4,,1,70,,6976,4,,1,30,,6977,4,,1
10800,'8',728,,7016,4,,1,30,,7022,4,,1,70,,7017,4,,1,30,,7019,4,,1,70,,7004,4,,1,30,,7024,4,,1,100,,7021,4,,1,100,,7020,4,,1,100,,7026,4,,1,100,,7034,4,,1,100,,7018,4,,1,70,,7003,4,,1,30,,7010,4,,1,70,,7005,4,,1,30,,7025,4,,1,70,,7008,4,,1,30,,7009,4,,1
10801,'14',628,,7048,4,,1,2,,7047,,,1,28,,4271,4,,1,42,,7042,,,1,30,,7037,,,1,70,,7039,,,1,30,,7040,,,1,70,,7051,,,1,100,,7038,,,1,100,,7046,,,1,100,,7041,,,1,100,,7045,,,1,100,,7044,,,1,30,,3533,,,1,70,,7049,,,1,30,,7050,,,1,70,,7043,,,1,30,,7036,,,1,70,,7035,,,1
10801,'18',628,,7067,4,,1,2,,7066,,,1,28,,7052,4,,1,42,,7061,,,1,30,,7055,,,1,70,,7057,,,1,30,,7058,,,1,70,,7070,,,1,100,,7056,,,1,100,,7065,,,1,100,,7059,,,1,100,,7064,,,1,100,,7063,,,1,30,,7060,,,1,70,,7068,,,1,30,,7069,,,1,70,,7062,,,1,30,,7054,,,1,70,,7053,,,1
10801,'20',628,,7078,4,,1,2,,7085,,,1,28,,4231,4,,1,42,,7077,,,1,30,,7083,,,1,70,,7075,,,1,30,,7073,,,1,70,,7087,,,1,100,,7074,,,1,100,,7082,,,1,100,,7076,,,1,100,,7081,,,1,100,,7080,,,1,30,,3484,,,1,70,,7084,,,1,30,,7086,,,1,70,,7079,,,1,30,,7072,,,1,70,,7071,,,1
10801,'8',628,,7097,4,,1,2,,7104,,,1,28,,7088,4,,1,42,,7096,,,1,30,,7102,,,1,70,,7093,,,1,30,,7091,,,1,70,,7106,,,1,100,,7092,,,1,100,,7101,,,1,100,,7094,,,1,100,,7100,,,1,100,,7099,,,1,30,,7095,,,1,70,,7103,,,1,30,,7105,,,1,70,,7098,,,1,30,,7090,,,1,70,,7089,,,1
20301,'14',2410,,3198,4,,1
20301,'18',2410,,8837,4,,1
20301,'20',2410,,3153,4,,1
20301,'8',2410,,8885,4,,1
20401,'11',715,,9003,,,1,29,,9032,4,,1,1,,8993,,,1,69,,9009,4,,1,1,,9035,,,1,29,,8989,4,,1,1,,9037,,,1,69,,9017,4,,1,1,,9019,,,1,29,,9033,4,,1,1,,9031,,,1,69,,9013,4,,1,1,,8987,,,1,29,,5271,4,,1,1,,9015,,,1,69,,9006,4,,1,1,,8995,,,1,29,,9014,4,,1,1,,8991,,,1,69,,9034,4,,1,1,,9000,,,1,29,,9007,4,,1,1,,9020,,,1,69,,8997,4,,1,1,,9038,,,1,29,,9030,4,,1,1,,9012,,,1,69,,9022,4,,1,1,,9025,,,1,29,,9004,4,,1,1,,9002,,,1,69,,9005,4,,1,1,,9039,,,1,29,,8996,4,,1,1,,9029,,,1,69,,9028,4,,1,1,,9008,,,1,29,,8988,4,,1,1,,9024,,,1,69,,8998,4,,1,1,,9026,,,1,29,,8999,4,,1,1,,9016,,,1,69,,8985,4,,1,1,,9023,,,1,29,,9027,4,,1,1,,9001,,,1,69,,9021,4,,1,1,,9010,,,1,29,,9036,4,,1,1,,8994,,,1,69,,8990,4,,1,1,,8992,,,1,29,,9011,4,,1,1,,8986,,,1,69,,9018,4,,1
20401,'14',1845,,9046,,,1,69,,9055,4,,1,1,,9049,,,1,29,,9047,4,,1,1,,9054,,,1,69,,9042,4,,1,1,,9041,,,1,29,,9048,4,,1,1,,3534,,,1,69,,9040,4,,1,1,,9051,,,1,29,,9044,4,,1,1,,3267,,,1,69,,9050,4,,1,1,,9043,,,1,29,,9052,4,,1,1,,9045,,,1,69,,371,4,,1,1,,9053,,,1,29,,9056,4,,1
20401,'18',1845,,9066,,,1,69,,9075,4,,1,1,,9069,,,1,29,,9067,4,,1,1,,9074,,,1,69,,9061,4,,1,1,,9060,,,1,29,,9068,4,,1,1,,9063,,,1,69,,9058,4,,1,1,,9071,,,1,29,,9064,4,,1,1,,9057,,,1,69,,9070,4,,1,1,,9062,,,1,29,,9072,4,,1,1,,9065,,,1,69,,9059,4,,1,1,,9073,,,1,29,,9076,4,,1
20401,'20',1845,,9082,,,1,69,,9091,4,,1,1,,9085,,,1,29,,9083,4,,1,1,,9090,,,1,69,,9079,4,,1,1,,9078,,,1,29,,9084,4,,1,1,,3485,,,1,69,,9077,4,,1,1,,9087,,,1,29,,9080,4,,1,1,,3236,,,1,69,,9086,4,,1,1,,3571,,,1,29,,9088,4,,1,1,,9081,,,1,69,,321,4,,1,1,,9089,,,1,29,,9092,4,,1
20401,'4',715,,9111,,,1,29,,9141,4,,1,1,,9101,,,1,69,,9117,4,,1,1,,9144,,,1,29,,9097,4,,1,1,,9146,,,1,69,,9125,4,,1,1,,9127,,,1,29,,9142,4,,1,1,,9140,,,1,69,,9121,4,,1,1,,9095,,,1,29,,9130,4,,1,1,,9123,,,1,69,,9114,4,,1,1,,9103,,,1,29,,9122,4,,1,1,,9099,,,1,69,,9143,4,,1,1,,9108,,,1,29,,9115,4,,1,1,,9128,,,1,69,,9105,4,,1,1,,9147,,,1,29,,9139,4,,1,1,,9120,,,1,69,,9131,4,,1,1,,9134,,,1,29,,9112,4,,1,1,,9110,,,1,69,,9113,4,,1,1,,9148,,,1,29,,9104,4,,1,1,,9138,,,1,69,,9137,4,,1,1,,9116,,,1,29,,9096,4,,1,1,,9133,,,1,69,,9106,4,,1,1,,9135,,,1,29,,9107,4,,1,1,,9124,,,1,69,,9093,4,,1,1,,9132,,,1,29,,9136,4,,1,1,,9109,,,1,69,,9129,4,,1,1,,9118,,,1,29,,9145,4,,1,1,,9102,,,1,69,,9098,4,,1,1,,9100,,,1,29,,9119,4,,1,1,,9094,,,1,69,,9126,4,,1
20401,'8',1845,,9158,,,1,69,,9167,4,,1,1,,9161,,,1,29,,9159,4,,1,1,,9166,,,1,69,,9153,4,,1,1,,9152,,,1,29,,9160,4,,1,1,,9155,,,1,69,,9150,4,,1,1,,9163,,,1,29,,9156,4,,1,1,,9149,,,1,69,,9162,4,,1,1,,9154,,,1,29,,9164,4,,1,1,,9157,,,1,69,,9151,4,,1,1,,9165,,,1,29,,9168,4,,1
