10600,'10',643,,15147,11,,,1,100,,15142,11,,,1,70,,12100,11,,,1,30,,15146,11,,,1,70,,12732,11,,,1,30,,15144,11,,,1,100,,15151,11,,,1,100,,15149,11,,,1,100,,15150,11,,,1,100,,15139,11,,,1,100,,15141,11,,,1,70,,15143,11,,,1,30,,15145,11,,,1,70,,15137,11,,,1,31,,15138,11,,,1,69,,15148,11,,,1,32,,15140,11,,,1
10600,'15',643,,15163,11,,,1,100,,15158,11,,,1,70,,12153,11,,,1,30,,15162,11,,,1,70,,15156,11,,,1,30,,15160,11,,,1,100,,15167,11,,,1,100,,15165,11,,,1,100,,15166,11,,,1,100,,15154,11,,,1,100,,15157,11,,,1,70,,15159,11,,,1,30,,15161,11,,,1,70,,15152,11,,,1,31,,15153,11,,,1,69,,15164,11,,,1,32,,15155,11,,,1
10601,'10',606,,15169,17,,,1,100,,15185,17,,,1,30,,15174,17,,,1,70,,15182,17,,,1,30,,15171,17,,,1,70,,15172,17,,,1,100,,15180,17,,,1,100,,15177,17,,,1,100,,12822,17,,,1,100,,15178,17,,,1,100,,15179,17,,,1,30,,15176,17,,,1,70,,15168,17,,,1,30,,15184,17,,,1,70,,15175,17,,,1,30,,15181,17,,,1,70,,15183,17,,,1,30,,15173,17,,,1,70,,12933,17,,,1
10601,'15',606,,15187,17,,,1,100,,15202,17,,,1,30,,15192,17,,,1,70,,15199,17,,,1,30,,15189,17,,,1,70,,15190,17,,,1,100,,15197,17,,,1,100,,15194,17,,,1,100,,12833,17,,,1,100,,15195,17,,,1,100,,15196,17,,,1,30,,13119,17,,,1,70,,15186,17,,,1,30,,15201,17,,,1,70,,15193,17,,,1,30,,15198,17,,,1,70,,15200,17,,,1,30,,15191,17,,,1,70,,12953,17,,,1
20600,'10',1813,,16526,16,,,1,29,,16523,16,,,1,70,,16521,16,,,1,31,,16520,16,,,1,70,,12073,16,,,1,30,,11998,16,,,1,69,,16522,16,,,1,30,,16524,16,,,1,70,,13603,16,,,1,30,,16525,16,,,1
20600,'15',1813,,16532,16,,,1,29,,16528,16,,,1,70,,16530,16,,,1,31,,16527,16,,,1,70,,12126,16,,,1,30,,12016,16,,,1,69,,13146,16,,,1,30,,16529,16,,,1,70,,13612,16,,,1,30,,16531,16,,,1
20600,'7',742,,16547,16,,,1,70,,16535,16,,,1,30,,16550,16,,,1,70,,16548,16,,,1,30,,16538,16,,,1,70,,14174,16,,,1,30,,16534,16,,,1,71,,16551,16,,,1,29,,16536,16,,,1,70,,16549,16,,,1,30,,16552,16,,,1,70,,16542,16,,,1,30,,16543,16,,,1,71,,14427,16,,,1,29,,16553,16,,,1,70,,13787,16,,,1,30,,16546,16,,,1,70,,16537,16,,,1,30,,13774,16,,,1,70,,16541,16,,,1,30,,16540,16,,,1,70,,16533,16,,,1,31,,14488,16,,,1,69,,16539,16,,,1,30,,16544,16,,,1,70,,16545,16,,,1
20601,'10',1836,,16557,7,,,1,70,,16562,7,,,1,30,,16558,7,,,1,70,,16559,7,,,1,30,,16563,7,,,1,70,,16561,7,,,1,30,,16560,7,,,1,70,,16568,7,,,1,30,,16564,7,,,1,70,,16573,7,,,1
20601,'15',1836,,16577,7,,,1,70,,16581,7,,,1,30,,16592,7,,,1,70,,16578,7,,,1,30,,16582,7,,,1,70,,16580,7,,,1,30,,16579,7,,,1,70,,16587,7,,,1,30,,16584,7,,,1,70,,16593,7,,,1
20601,'7',706,,16594,7,,,1,30,,16605,7,,,1,70,,16618,7,,,1,30,,16636,7,,,1,70,,16640,7,,,1,30,,16643,7,,,1,70,,16641,7,,,1,30,,16595,7,,,1,70,,16609,7,,,1,30,,16607,7,,,1,70,,16598,7,,,1,30,,16603,7,,,1,70,,16637,7,,,1,30,,16634,7,,,1,70,,16606,7,,,1,30,,16633,7,,,1,70,,16599,7,,,1,30,,16630,7,,,1,70,,16624,7,,,1,30,,16626,7,,,1,70,,14408,7,,,1,30,,16629,7,,,1,70,,16615,7,,,1,30,,16622,7,,,1,70,,16604,7,,,1,30,,16623,7,,,1,70,,16610,7,,,1,30,,14014,7,,,1
