10301,'14',615,,3306,15,,,1,100,,25,15,,,1,30,,3307,15,,,1,70,,3297,15,,,1,30,,3301,15,,,1,70,,3303,15,,,1,30,,3295,15,,,1,70,,3292,15,,,1,100,,3290,15,,,1,100,,3294,15,,,1,100,,3302,15,,,1,100,,3291,15,,,1,100,,3293,15,,,1,30,,3299,15,,,1,70,,3300,15,,,1,30,,541,15,,,1,70,,3304,15,,,1,30,,3305,15,,,1,70,,3296,15,,,1,30,,3298,15,,,1
10301,'18',615,,3326,15,,,1,100,,3313,15,,,1,30,,3327,15,,,1,70,,3317,15,,,1,30,,3321,15,,,1,70,,3323,15,,,1,30,,3315,15,,,1,70,,3310,15,,,1,100,,3308,15,,,1,100,,3314,15,,,1,100,,3322,15,,,1,100,,3309,15,,,1,100,,3311,15,,,1,30,,3319,15,,,1,70,,3320,15,,,1,30,,3312,15,,,1,70,,3324,15,,,1,30,,3325,15,,,1,70,,3316,15,,,1,30,,3318,15,,,1
10301,'20',615,,3343,15,,,1,100,,7,15,,,1,30,,3333,15,,,1,70,,3334,15,,,1,30,,3344,15,,,1,70,,3339,15,,,1,30,,3340,15,,,1,70,,3330,15,,,1,100,,3328,15,,,1,100,,3332,15,,,1,100,,3338,15,,,1,100,,3329,15,,,1,100,,3331,15,,,1,30,,3336,15,,,1,70,,3337,15,,,1,30,,503,15,,,1,70,,3341,15,,,1,30,,3342,15,,,1,70,,1140,15,,,1,30,,3335,15,,,1
10301,'8',615,,3363,15,,,1,100,,3350,15,,,1,30,,3352,15,,,1,70,,3354,15,,,1,30,,3364,15,,,1,70,,3359,15,,,1,30,,3360,15,,,1,70,,3347,15,,,1,100,,3345,15,,,1,100,,3351,15,,,1,100,,3358,15,,,1,100,,3346,15,,,1,100,,3348,15,,,1,30,,3356,15,,,1,70,,3357,15,,,1,30,,3349,15,,,1,70,,3361,15,,,1,30,,3362,15,,,1,70,,3353,15,,,1,30,,3355,15,,,1
20301,'11',712,,6302,10,0,9 3 10,1,30,,6297,10,0,9 3 10,1,70,,6289,10,0,9 3 10,1,30,,6283,10,0,9 3 10,1,70,,6292,10,0,9 3 10,1,30,,6287,10,0,9 3 10,1,70,,6284,10,0,9 3 10,1,30,,6291,10,0,9 3 10,1,70,,6286,10,0,9 3 10,1,30,,6303,10,0,9 3 10,1,70,,6282,10,0,9 3 10,1,30,,2455,10,0,9 3 10,1,70,,6281,10,0,9 3 10,1,30,,6294,10,0,9 3 10,1,70,,6298,10,0,9 3 10,1,30,,6300,10,0,9 3 10,1,70,,6288,10,0,9 3 10,1,30,,6285,10,0,9 3 10,1,70,,6295,10,0,9 3 10,1,30,,6304,10,0,9 3 10,1,70,,2277,10,0,9 3 10,1,30,,6299,10,0,9 3 10,1,70,,2286,10,0,9 3 10,1,30,,6301,10,0,9 3 10,1,70,,6293,10,0,9 3 10,1,30,,6290,10,0,9 3 10,1,70,,6296,10,0,9 3 10,1,30,,6280,10,0,9 3 10,1
20301,'14',1912,,925,10,0,9 3 10,1,30,,6308,10,0,9 3 10,1,70,,6311,10,0,9 3 10,1,30,,6313,10,0,9 3 10,1,70,,6306,10,0,9 3 10,1,30,,6305,10,0,9 3 10,1,70,,6310,10,0,9 3 10,1,30,,6309,10,0,9 3 10,1,70,,6312,10,0,9 3 10,1,30,,6307,10,0,9 3 10,1
20301,'18',1912,,6319,10,0,9 3 10,1,30,,6317,10,0,9 3 10,1,70,,6322,10,0,9 3 10,1,30,,6324,10,0,9 3 10,1,70,,6316,10,0,9 3 10,1,30,,6315,10,0,9 3 10,1,70,,6321,10,0,9 3 10,1,30,,6320,10,0,9 3 10,1,70,,6323,10,0,9 3 10,1,30,,6318,10,0,9 3 10,1
20301,'20',1912,,913,10,0,9 3 10,1,30,,6328,10,0,9 3 10,1,70,,6331,10,0,9 3 10,1,30,,6333,10,0,9 3 10,1,70,,6326,10,0,9 3 10,1,30,,6325,10,0,9 3 10,1,70,,6330,10,0,9 3 10,1,30,,6329,10,0,9 3 10,1,70,,6332,10,0,9 3 10,1,30,,6327,10,0,9 3 10,1
20301,'4',712,,6359,10,0,9 3 10,1,30,,6354,10,0,9 3 10,1,70,,6346,10,0,9 3 10,1,30,,6337,10,0,9 3 10,1,70,,6349,10,0,9 3 10,1,30,,6342,10,0,9 3 10,1,70,,6338,10,0,9 3 10,1,30,,6348,10,0,9 3 10,1,70,,6341,10,0,9 3 10,1,30,,6360,10,0,9 3 10,1,70,,6336,10,0,9 3 10,1,30,,6344,10,0,9 3 10,1,70,,6335,10,0,9 3 10,1,30,,6351,10,0,9 3 10,1,70,,6355,10,0,9 3 10,1,30,,6357,10,0,9 3 10,1,70,,6343,10,0,9 3 10,1,30,,6340,10,0,9 3 10,1,70,,6352,10,0,9 3 10,1,30,,6361,10,0,9 3 10,1,70,,6339,10,0,9 3 10,1,30,,6356,10,0,9 3 10,1,70,,6345,10,0,9 3 10,1,30,,6358,10,0,9 3 10,1,70,,6350,10,0,9 3 10,1,30,,6347,10,0,9 3 10,1,70,,6353,10,0,9 3 10,1,30,,6334,10,0,9 3 10,1
20301,'8',1912,,6367,10,0,9 3 10,1,30,,6365,10,0,9 3 10,1,70,,6370,10,0,9 3 10,1,30,,6372,10,0,9 3 10,1,70,,6364,10,0,9 3 10,1,30,,6363,10,0,9 3 10,1,70,,6369,10,0,9 3 10,1,30,,6368,10,0,9 3 10,1,70,,6371,10,0,9 3 10,1,30,,6366,10,0,9 3 10,1
