101,10100,'10',14628,14629,14630,14631,14632,12078,14633,14634,14635,14636,14637,14638,14639,14640,14641,14642,14643,14644
101,10100,'15',14645,14646,14647,14648,14649,12131,14650,14651,14652,14653,14654,14655,14656,14657,14658,14659,14660,14661
101,10101,'10',10910,12731,14662,14663,14664,14665,13598,14666,14276,14667,14668,14669,14670,14671,14672,13264,14673,14674
101,10101,'15',14675,12764,12765,14676,14677,14678,13606,14679,14284,14680,14681,14682,14683,14684,14685,14686,14687,14688
102,10201,'10',14689,14690,14691,14692,14693,14694,12729,14695,14696,14697,14698,14699,14700,14701,14702,14703,14704,14705,14706,14707,14708,12854,14709,12934,14710,14711,14712,12242,14713,14714,14715,14716,14717,14718,14719,14720,14721,14722,12515,14723,14724,14725,14726,14727,14728,14729,13190,14730,14731,14732,14733,14734,14735,14736,14737,14738,14739
102,10201,'15',14740,14741,14742,14743,14744,14745,12762,14746,14747,14748,14749,14750,14751,14752,14753,14754,14755,14756,14757,14758,14759,12895,14760,12954,14761,14762,14763,12263,14764,14765,14766,14767,14768,14769,14770,14771,14772,14773,12531,14774,14775,14776,14777,14778,14779,14780,14781,14782,14783,14784,14785,14786,14787,14788,14789,14790,12813
103,10300,'10',14791,14792,14793,14794,14795,14796,14797,14798,14799,14800,14801,14802,14803,14804,13026,14805,9159,14806,14807
103,10300,'15',14808,14809,14810,12890,14811,14812,14813,14814,13865,14815,13045,14816,14817,14818,14819,14820,14821,14822,14823
103,10301,'10',14824,14825,9089,14826,14827,14828,14829,14830,14831,14832,14833,14834,14835,14836,14837,14318,14838,14839,14840,14841
103,10301,'15',14842,14843,14844,9020,14845,14846,14847,14848,14849,14850,14851,14852,14853,14854,14855,14856,14857,14858,14859,14860
104,10400,'10',14861,14862,14863,14864,14865,14866,14867,12291,14868,14275,14869,14870,14871,14872,14873,14874,14875,14876,14877,14878,14879,14880,14881,14882,14883
104,10400,'15',14884,14885,14886,14887,14888,14889,14890,12334,14891,14283,14892,14893,14894,14895,14896,14897,14898,14899,14900,14901,14902,14903,14904,14905,14906
104,10401,'10',14907,14908,14438,14909,14910,14911,14912,14913,14914,14915,14916,14917,14918,9999,14919,14920,14921,14922,14923,14924,14925,14926,14927,14928,14929,14930,14931,14932,14933,14934,14935,14936,14937,14938,14939,14940,14941,14942,14943,14944,12098,14945,14946,14947,14948,14949,14950,14951,14952,14953
104,10401,'15',14954,14955,14460,14956,14957,14958,14959,14960,14961,14962,13286,14963,14964,12687,14965,14966,14967,14968,14969,14970,14971,14972,14973,14974,14975,14976,14977,14978,14979,14980,14981,14982,14983,14984,14985,14986,14987,14988,14989,14990,12151,14991,14992,14993,14994,14995,14996,14997,14998,14999
105,10500,'10',15000,15001,15002,15003,15004,15005,12927,12288,15006,15007,15008,15009,15010,15011,15012,15013,15014,14191,13071,15015,15016,15017,15018,15019,15020,15021,15022,15023,11399,15024,15025,15026,14063,15027,15028,15029,15030,15031
105,10500,'15',15032,15033,15034,15035,15036,15037,12948,12332,15038,15039,15040,15041,15042,15043,15044,15045,15046,14201,15047,15048,15049,15050,15051,15052,15053,15054,15055,15056,11309,15057,15058,15059,14080,15060,15061,15062,15063,15064
105,10501,'10',15065,15066,15067,15068,15069,15070,15071,15072,13733,15073,15074,15075,15076,15077,15078,15079,15080,15081,15082,15083,15084,15085,15086,15087,15088,15089,15090,15091,12302,15092,15093,15094,15095,15096,15097,15098,15099,15100
105,10501,'15',15101,15102,15103,15104,15105,15106,15107,15108,13750,15109,15110,15111,15112,15113,15114,15115,15116,15117,15118,15119,15120,15121,15122,15123,15124,15125,15126,15127,12345,15128,15129,15130,15131,15132,15133,15134,15135,15136
106,10600,'10',15137,15138,15139,15140,12732,15141,15142,15143,15144,15145,15146,15147,15148,15149,12100,15150,15151
106,10600,'15',15152,15153,15154,15155,15156,15157,15158,15159,15160,15161,15162,15163,15164,15165,12153,15166,15167
106,10601,'10',15168,15169,12822,15170,15171,15172,15173,15174,15175,15176,12933,15177,15178,15179,15180,15181,15182,15183,15184,15185
106,10601,'15',15186,15187,12833,15188,15189,15190,15191,15192,15193,13119,12953,15194,15195,15196,15197,15198,15199,15200,15201,15202
107,10700,'10',15203,15204,12287,15205,12292,15206,12931,12584,15207,15208,14444,15209,15210,15211,15212,15213,15214,15215,15216
107,10700,'15',15217,15218,12331,15219,12335,15220,10122,12600,15221,15222,14466,15223,15224,15225,15226,15227,15228,15229,15230
107,10701,'10',15231,15232,15233,15234,12625,15235,15236,15237,15238,15239,15240,15241,15242,15243,15244,15245,15246,15247,15248,15249,15250,15251,15252,15253,15254,15255,15256,15257,15258,15259,15260,15261,15262,15263,13954,15264,15265,15266,15267,15268,15269,15270,15271,15272,15273,15274,15275,15276,15277,15278,15279,15280,15281,15282,15283,15284,15285,15286,15287,15288
107,10701,'15',15289,15290,15291,15292,12680,15293,15294,15295,15296,15297,15298,15299,15300,15301,15302,15303,15304,15305,15306,15307,15308,15309,15310,15311,15312,15313,15314,15315,15316,15317,15318,15319,15320,15321,13974,15322,15323,15324,15325,15326,15327,15328,15329,15330,15331,15332,15333,15334,15335,15336,15337,15338,15339,15340,15341,15342,15343,15344,15345,15346
108,10800,'10',15347,12540,15348,15349,15350,15351,15352,15353,15354,15355,15356,15357,15358,15359,15360,15361,15362,15363,15364,15365,15366,15367,15368,15369,15370,15371,15372,15373,15374,13545,15375,12795,15376,15377
108,10800,'15',15378,15379,12560,15380,15381,15382,15383,15384,15385,15386,15387,15388,15389,15390,15391,15392,15393,15394,15395,15396,15397,15398,15399,12605,15400,15401,15402,15403,15404,15405,15406,15407,15408,15409
108,10801,'10',15410,15411,15412,15413,13134,15414,15415,15416,15417,15418,15419,15420,15421,13861,15422,15423,15424,15425,15426
108,10801,'15',15427,15428,15429,15430,13155,15431,15432,15433,15434,15435,15436,15437,13867,15438,15439,15440,15441,15442,15443
109,10900,'10',15444,15445,15446,15447,15448,15449,15450,15451,15452,15453,15454,15455
109,10900,'15',15456,15457,15458,15459,15460,15461,15462,15463,15464,15465,15466,13105
109,10901,'10',13899,13012,15467,15468,15469,15470,15471,15472,15473,15474,15475,15476,13735,15477,15478,15479,15480,15481,15482,15483,15484,15485,15486,15487,15488,15489,15490,15491,15492,15493,15494,15495,9433,15496,15497,15498,15499,15500,15501,13541,13078,15502,15503,15504,15505,15506,15507,15508
109,10901,'15',15509,15510,15511,15512,15513,15514,15515,15516,15517,15518,15519,15520,13753,15521,15522,15523,15524,15525,15526,15527,15528,15529,15530,15531,15532,15533,15534,15535,15536,15537,15538,15539,9319,15540,15541,15542,15543,15544,15545,13587,15546,15547,15548,15549,15550,15551,15552,15553
110,11000,'10',15554,8547,15555,15556,15557,15558,15559,15560,15561,15562,15563,15564,15565,15566,15567,15568,15569,15570,15571,15572,15573,15574,15575,15576,15577
110,11000,'15',15578,8435,15579,15580,15581,15582,15583,15584,15585,15586,15587,15588,15589,15590,15591,15592,15593,15594,15595,15596,15597,15598,15599,15600,15601
110,11001,'10',15602,15603,15604,15605,15606,15607,15608,15609,15610,15611,15612,12245,15613,15614,15615,15616,15617,15618,15619,15620,13322,15621,15622,12318,15623
110,11001,'15',15624,15625,15626,15627,15628,15629,15630,15631,15632,15633,15634,12266,15635,15636,15637,15638,15639,15640,15641,15642,13332,15643,15644,12361,15645
111,11100,'10',15646,15647,15648,15649,15650,15651,15652,14537,15653,15654,13531,15655,15656,15657,15658,15659,15660,15661,15662,13077,13744,15663,15664,15665,15666,15667
111,11100,'15',15668,15669,12221,15670,15671,15672,14559,15673,12262,15674,15675,13577,15676,15677,15678,15679,15680,15681,15682,15683,15684,15685,15686,15687,15688,15689
111,11101,'10',15690,12373,15691,15692,15693,15694,15695,15696,15697,15698,15699,15700,15701,15702,15703,15704,15705,15706,15707,13339,15708,15709,15710,15711,15712
111,11101,'15',15713,15714,15715,15716,15717,15718,15719,15720,15721,15722,15723,15724,13222,15725,15726,15727,15728,15729,13351,15730,15731,12812,15732,15733,15734
112,11200,'10',15735,15736,15737,15738,15739,15740,15741,15742,15743,15744,15745
112,11200,'15',15746,15747,15748,15749,13573,15750,15751,15752,15753,15754,15755
112,11201,'10',15756,15757,15758,15759,15760,15761,15762,15763,15764,15765,15766,15767,15768,15769,15770,15771,15772,15773,15774,15775,10918,12108
112,11201,'15',15776,15777,15778,15779,15780,15781,15782,15783,15784,15785,15786,15787,15788,13484,15789,15790,15791,15792,15793,15794,10872,12160
113,11300,'10',15795,15796,15797,15798,15799,15800,15801,15802,15803,13369,15804,15805,11978,15806,15807,15808,15809,15810,15811,15812,15813,15814,15815,15816,15817,15818,15819,15820,15821,15822,15823,12175,9009,15824,15825,15826,15827,15828,15829
113,11300,'15',15830,15831,15832,15833,15834,15835,15836,12891,15837,15838,15839,15840,15841,15842,15843,15844,15845,15846,15847,15848,15849,15850,15851,15852,12193,15853,15854,15855,15856,15857,15858,15859,15860,15861,15862,15863,15864,15865,13164
113,11301,'10',15866,15867,15868,12070,15869,15870,15871,15872,15873,15874,15875,15876,15877,15878,15879,15880,15881,15882,15883,15884,15885,15886,15887,15888,15889,15890,15891,15892,15893,15894,15895,14548,15896,15897,15898,15899,13960,15900,15901,15902,15903
113,11301,'15',15904,15905,15906,15907,12123,15908,15909,15910,15911,15912,15913,15914,15915,15916,15917,15918,15919,15920,15921,15922,15923,15924,15925,15926,15927,15928,15929,15930,15931,15932,15933,15934,14570,15935,15936,15937,15938,15939,15940,15941,15942
114,11400,'10',15943,15944,15945,15946,12383,15947,15948,15949,15950,15951,13544,15952
114,11400,'15',15953,15954,15955,15956,12420,15957,15958,15959,15960,15961,13590,15962
114,11401,'10',15963,15964,15965,15966,15967,15968,15969,15970,15971,15972,12868,13453
114,11401,'15',15973,15974,15975,15976,15977,15978,15979,15980,15981,15982,12910,13495
115,11501,'10',15983,15984,15985,15986,15987,14185,15988,15989,15990,15991,15992,15993,15994,15995,15996,15997,15998,15999,16000,16001,16002,16003,16004,14236,16005,16006,12176,16007,16008,16009,16010,16011,16012,16013,16014,16015
115,11501,'15',16016,16017,16018,16019,16020,14195,16021,16022,16023,16024,16025,16026,16027,16028,16029,16030,16031,16032,16033,16034,16035,16036,16037,14243,16038,16039,12194,16040,16041,16042,16043,16044,16045,16046,16047,16048
116,11600,'10',16049,16050,16051,16052,16053,16054,16055,16056,16057,16058,12789,16059,16060,16061,16062,16063,16064,13532,16065,16066,16067,16068,16069,12860,16070,16071,16072,16073,16074,14144,16075,16076,16077,16078,16079,16080,16081,16082,12869,16083,16084,16085,16086,13196,16087,16088
116,11600,'15',16089,16090,16091,16092,16093,16094,16095,16096,16097,16098,16099,16100,16101,16102,16103,16104,16105,13578,16106,16107,16108,16109,16110,12902,16111,16112,16113,16114,16115,14153,16116,16117,16118,16119,16120,16121,16122,16123,12911,16124,16125,16126,16127,13232,16128,16129
116,11601,'10',16130,16131,16132,16133,16134,16135,16136,16137,16138,16139,16140,16141,16142,16143,16144,12853,16145,16146,16147,16148,16149,16150,16151,16152,14235,16153,16154,12039,16155,16156,16157,16158,16159,16160,16161,16162,16163,16164,16165,16166,16167,16168,16169,16170,16171,16172,16173,13743
116,11601,'15',16174,16175,16176,16177,16178,16179,16180,16181,16182,16183,16184,16185,16186,16187,16188,12893,16189,16190,16191,16192,16193,16194,16195,16196,14242,16197,16198,12056,16199,16200,16201,16202,16203,16204,16205,16206,16207,16208,16209,16210,16211,16212,16213,16214,16215,16216,16217,13760
203,20300,'10',16218,16219,16220,16221,16222,16223,16224,16225,16226
203,20300,'15',16227,16228,16229,16230,16231,16232,16233,16234,16235
203,20300,'7',16236,16237,16238,16239,16240,16241,16242,16243,16244,16245,16246,16247,16248,16249,16250,16251,16252,16253,16254,16255,16256,16257,16258,16259,16260,16261,16262
203,20301,'10',16263,16264,16265,16266,16267,16268,14449,16269,16270,16271,16272
203,20301,'15',16273,16274,16275,16276,16277,16278,14471,16279,16280,16281,16282
203,20301,'7',16283,16284,16285,16286,16287,16288,16289,16290,16291,16292,16293,16294,16295,16296,16297,16298,16299,16300,16301,16302,16303,16304,16305,16306,16307,16308,16309,16310
204,20400,'10',16311,16312,16313,16314,16315,16316,16317,16318,16319,16320
204,20400,'15',16321,16322,16323,16324,16325,16326,16327,16328,16329,16330
204,20400,'7',16331,16332,16333,16334,16335,16336,16337,16338,16339,16340,16341,16342,16343,16344,16345,13846,16346,16347,16348,16349,16350,16351,16352,16353,16354,13726,16355,16356
204,20401,'10',16357,16358,14532,16359,16360,16361,16362,16363,16364,16365,16366,16367,16368,16369,16370,16371,16372,16373,16374,13142
204,20401,'15',16375,16376,14554,16377,16378,16379,16380,16381,16382,16383,16384,16385,16386,16387,16388,16389,16390,16391,16392,16393
204,20401,'7',16394,16395,14290,16396,16397,16398,16399,16400,16401,16402,16403,16404,16405,16406,16407,16408,16409,16410,16411,16412,16413,16414,16415,16416,16417,16418,16419,16420,14168,16421,16422,16423,16424,16425,16426,16427,16428,16429,16430,16431,16432,16433,16434,16435,16436,16437,16438,13848,16439,16440,16441,16442,16443,16444,16445,16446
205,20500,'10',16447,16448,13131,13377,16449,16450,16451,12105
205,20500,'15',16452,16453,13151,13409,16454,16455,16456,12158
205,20500,'7',16457,16458,16459,16460,16461,16462,16463,16464,16465,14213,16466,16467,16468,13792,16469,16470,16471,16472,16473,16474,14013,16475,16476,16477,16478,16479,16480,16481
205,20501,'10',16482,16483,12643,16484,16485,16486,16487,16488
205,20501,'15',16489,16490,12699,16491,16492,16493,16494,16495
205,20501,'7',13872,16496,16497,16498,16499,13875,16500,16501,16502,16503,16504,14107,16505,16506,16507,16508,16509,13843,16510,16511,16512,16513,16514,16515,16516,16517,16518,16519
206,20600,'10',16520,11998,16521,12073,16522,16523,16524,16525,16526,13603
206,20600,'15',16527,12016,12126,13146,16528,16529,16530,16531,16532,13612
206,20600,'7',13774,14488,16533,16534,16535,13787,14427,16536,16537,16538,16539,16540,16541,14174,16542,16543,16544,16545,16546,16547,16548,16549,16550,16551,16552,16553
206,20601,'10',16554,16555,16556,16557,16558,16559,16560,16561,16562,16563,16564,16565,16566,16567,16568,16569,16570,16571,16572,16573
206,20601,'15',16574,16575,16576,16577,16578,16579,16580,16581,16582,16583,16584,16585,16586,16587,16588,16589,16590,16591,16592,16593
206,20601,'7',16594,16595,16596,16597,16598,16599,16600,16601,16602,16603,16604,16605,16606,16607,16608,16609,16610,16611,16612,16613,14408,16614,16615,16616,16617,16618,16619,16620,16621,16622,16623,16624,16625,16626,16627,16628,16629,14014,16630,16631,16632,16633,13681,16634,16635,11244,16636,16637,16638,16639,16640,16641,16642,13728,16643,16644
209,20900,'10',16645,16646,16647,16648
209,20900,'15',16649,16650,16651,16652
209,20900,'7',16653,13710,16654,16655,16656,16657,16658,16659,16660,16661,13891,16662,16663
209,20901,'10',12371,8868,16664,16665,16666,12542,16667,16668,16669,16670,16671,16672,16673,16674,16675,16676,16677,16678,16679,16680
209,20901,'15',12887,16681,16682,16683,16684,12688,16685,16686,16687,16688,16689,16690,16691,16692,16693,16694,16695,16696,16697,16698
209,20901,'7',16699,16700,16701,16702,16703,16704,16705,16706,16707,16708,16709,16710,16711,16712,16713,16714,16715,16716,16717,16718,16719,16720,16721,11356,16722,16723,16724,16725,16726,14302,16727,16728,16729,16730,14114,16731,16732,16733,16734,16735,16736,16737,16738,16739,16740,16741,13683,16742,16743,16744,16745,16746,16747,16748,16749,14231
210,21000,'10',16750,13644,16751,16752,13537,16753,16754,16755,16756
210,21000,'15',16757,13655,16758,16759,13583,16760,16761,16762,16763
210,21000,'7',16764,16765,16766,16767,16768,16769,16770,14593,16771,16772,16773,16774,16775,16776,16777,16778,16779,16780,16781,16782,16783,16784,14176,16785,16786,16787,16788
210,21001,'10',16789,16790,16791,16792,16793,16794,16795,16796,16797,16798
210,21001,'15',16799,16800,16801,16802,16803,16804,16805,16806,16807,16808
210,21001,'7',16809,16810,16811,16812,16813,16814,16815,16816,16817,16818,16819,16820,16821,16822,16823,16824,16825,16826,16827,16828,16829,16830,16831,16832,16833,16834,16835,16836
211,21100,'10',16837,16838,16839,16840,16841,16842,16843,12938,16844
211,21100,'15',16845,16846,16847,13405,16848,16849,16850,12958,16851
211,21100,'7',16852,16853,16854,16855,16856,16857,16858,16859,14104,16860,16861,16862,16863,16864,16865,16866,16867,16868,16869,16870,16871,16872,16873,16874,16875,16876,16877
211,21101,'10',14053,16878,16879,16880,16881,16882,16883,16884,16885
211,21101,'15',16886,16887,16888,16889,16890,16891,16892,16893,16894
211,21101,'7',16895,16896,16897,16898,16899,16900,11928,16901,16902,16903,16904,16905,16906,16907,16908,16909,16910,16911,16912,16913,16914,16915,16916,16917,16918,16919,13807
213,21300,'10',16920,16921,16922,16923
213,21300,'15',16924,16925,16926,16927
213,21300,'7',16928,16929,16930,16931,16932,16933,16934,16935,16936,16937,16938,16939,16940
213,21301,'10',16941,13014,16942,16943,16944,16945,16946,16947,16948,16949,16950
213,21301,'15',16951,16952,16953,16954,16955,16956,16957,16958,16959,16960,16961
213,21301,'7',16962,16963,16964,16965,16966,16967,16968,16969,16970,16971,14595,16972,16973,16974,16975,14108,16976,16977,16978,16979,16980,16981,16982,16983,16984,16985,16986,16987,16988,16989,16990,16991,16992,16993,16994,16995,16996,16997,16998,16999
214,21400,'10',17000,17001,17002,17003,17004
214,21400,'15',17005,17006,17007,17008,17009
214,21400,'7',17010,17011,17012,17013,17014,17015,17016,17017,17018,17019,17020,17021,17022
214,21401,'10',13318,17023,17024,17025,17026
214,21401,'15',17027,17028,17029,17030,17031
214,21401,'7',17032,17033,17034,17035,17036,17037,17038,17039,17040,17041,17042,17043,17044
216,21600,'10',17045,12280,17046,17047,17048,17049,17050,17051,17052,17053,17054,17055,17056,17057,17058,17059,17060,17061,17062,17063,17064,17065,17066,17067
216,21600,'15',17068,12324,17069,17070,17071,17072,17073,17074,17075,17076,17077,17078,17079,17080,17081,17082,17083,17084,17085,17086,17087,17088,17089,17090
216,21600,'7',17091,17092,17093,17094,13773,17095,17096,17097,17098,17099,17100,17101,13874,17102,17103,17104,17105,17106,17107,17108,17109,17110,17111,17112,17113,17114,17115,17116,17117,17118,17119,17120,13621,17121,17122,17123,17124,17125,17126,17127,17128,17129,17130,17131,17132,17133,17134,17135,17136,17137,17138,17139,17140,17141,17142,17143,17144,17145
216,21601,'10',17146,17147,17148,17149,17150,17151,13178,17152,17153,17154,17155,17156,17157,17158,17159,12299,12247,13189,17160,17161,12940,17162
216,21601,'15',17163,14418,17164,13086,17165,17166,13212,17167,17168,17169,17170,17171,17172,17173,17174,12342,12268,13227,17175,17176,12960,17177
216,21601,'7',17178,17179,17180,17181,17182,17183,17184,17185,17186,17187,17188,17189,17190,17191,17192,17193,17194,17195,17196,17197,17198,17199,17200,14257,17201,17202,17203,17204,17205,17206,17207,17208,17209,13933,17210,17211,14379,17212,17213,17214,17215,17216,17217,17218,17219,17220,17221,17222,17223,17224,17225,17226,17227,17228,17229,17230,17231,17232
