11401,'14',650,,5669,26,,,1,100,,5671,26,,,1,100,,5668,26,,,1,100,,5665,26,,,1,100,,5670,26,,,1,100,,1845,26,,,1,100,,5666,26,,,1,100,,5664,26,,,1,100,,5663,26,,,1,100,,5667,26,,,1,100,,5672,26,,,1,100,,5662,26,,,1
11401,'18',650,,5681,26,,,1,100,,5683,26,,,1,100,,5680,26,,,1,100,,5677,26,,,1,100,,5682,26,,,1,100,,5673,26,,,1,100,,5678,26,,,1,100,,5676,26,,,1,100,,5675,26,,,1,100,,5679,26,,,1,100,,5684,26,,,1,100,,5674,26,,,1
11401,'20',650,,5692,26,,,1,100,,5694,26,,,1,100,,5691,26,,,1,100,,5688,26,,,1,100,,5693,26,,,1,100,,1806,26,,,1,100,,5689,26,,,1,100,,5687,26,,,1,100,,5686,26,,,1,100,,5690,26,,,1,100,,5695,26,,,1,100,,5685,26,,,1
11401,'8',650,,5704,26,,,1,100,,5706,26,,,1,100,,5703,26,,,1,100,,5700,26,,,1,100,,5705,26,,,1,100,,5696,26,,,1,100,,5701,26,,,1,100,,5699,26,,,1,100,,5698,26,,,1,100,,5702,26,,,1,100,,5707,26,,,1,100,,5697,26,,,1
21401,'11',750,,7872,32,,,1,100,,7880,32,,,1,100,,7876,32,,,1,100,,7871,32,,,1,100,,7873,32,,,1,100,,7879,32,,,1,100,,7878,32,,,1,100,,7869,32,,,1,100,,7875,32,,,1,100,,7868,32,,,1,100,,7877,32,,,1,100,,7874,32,,,1,100,,7870,32,,,1
21401,'14',1850,,7885,32,,,1,100,,7883,32,,,1,100,,7881,32,,,1,100,,7884,32,,,1,100,,7882,32,,,1
21401,'18',1850,,7890,32,,,1,100,,7888,32,,,1,100,,7886,32,,,1,100,,7889,32,,,1,100,,7887,32,,,1
21401,'20',1850,,7893,32,,,1,100,,81,32,,,1,100,,7891,32,,,1,100,,7892,32,,,1,100,,7894,32,,,1
21401,'4',750,,7899,32,,,1,100,,7907,32,,,1,100,,7903,32,,,1,100,,7898,32,,,1,100,,7900,32,,,1,100,,7906,32,,,1,100,,7905,32,,,1,100,,7896,32,,,1,100,,7902,32,,,1,100,,7895,32,,,1,100,,7904,32,,,1,100,,7901,32,,,1,100,,7897,32,,,1
21401,'8',1850,,7911,32,,,1,100,,7909,32,,,1,100,,7908,32,,,1,100,,7910,32,,,1,100,,7912,32,,,1
