10801,'10',650,,15410,33,,,1,70,,15420,33,,,1,30,,15414,33,,,1,70,,15423,33,,,1,30,,15411,33,,,1,70,,15425,33,,,1,100,,15413,33,,,1,100,,15419,33,,,1,100,,15422,33,,,1,100,,15412,33,,,1,100,,13861,33,,,1,30,,15426,33,,,1,70,,13134,33,,,1,30,,15421,33,,,1,70,,15424,33,,,1,30,,15418,33,,,1,70,,15416,33,,,1
10801,'15',650,,15428,33,,,1,70,,15436,33,,,1,30,,15433,33,,,1,70,,15439,33,,,1,30,,15427,33,,,1,70,,15441,33,,,1,100,,15430,33,,,1,100,,15435,33,,,1,100,,15438,33,,,1,100,,15429,33,,,1,100,,13867,33,,,1,30,,15443,33,,,1,70,,13155,33,,,1,30,,15437,33,,,1,70,,15440,33,,,1,30,,15434,33,,,1,70,,15431,33,,,1
10901,'10',620,,15500,8,,,1,100,,15483,8,,,1,100,,15473,8,,,1,100,,15487,8,,,1,100,,15492,8,,,1,100,,13078,8,,,1,100,,15499,8,,,1,100,,15486,8,,,1,100,,15480,8,,,1,100,,15478,8,,,1,100,,15475,8,,,1,100,,15488,8,,,1
10901,'15',620,,15544,8,,,1,100,,15527,8,,,1,100,,15517,8,,,1,100,,15531,8,,,1,100,,15536,8,,,1,100,,15546,8,,,1,100,,15543,8,,,1,100,,15530,8,,,1,100,,15524,8,,,1,100,,15522,8,,,1,100,,15519,8,,,1,100,,15532,8,,,1
11401,'10',653,,15967,32,,,1,100,,15966,32,,,1,100,,12868,32,,,1,100,,15969,32,,,1,100,,15971,32,,,1,100,,15965,32,,,1,100,,15963,32,,,1,100,,15968,32,,,1,100,,15970,32,,,1,100,,15972,32,,,1,100,,15964,32,,,1,100,,13453,32,,,1
11401,'15',653,,15977,32,,,1,100,,15976,32,,,1,100,,12910,32,,,1,100,,15979,32,,,1,100,,15981,32,,,1,100,,15975,32,,,1,100,,15973,32,,,1,100,,15978,32,,,1,100,,15980,32,,,1,100,,15982,32,,,1,100,,15974,32,,,1,100,,13495,32,,,1
20901,'10',1820,,16677,8,,,1,100,,16673,8,,,1,100,,16667,8,,,1,100,,16666,8,,,1,100,,16675,8,,,1
20901,'15',1820,,16695,8,,,1,100,,16692,8,,,1,100,,16690,8,,,1,100,,16688,8,,,1,100,,16689,8,,,1
20901,'7',720,,16723,8,,,1,100,,14231,8,,,1,100,,16719,8,,,1,100,,16736,8,,,1,100,,16716,8,,,1,100,,16715,8,,,1,100,,16745,8,,,1,100,,13683,8,,,1,100,,16727,8,,,1,100,,16707,8,,,1,100,,16699,8,,,1,100,,16717,8,,,1,100,,16701,8,,,1,100,,16725,8,,,1
21401,'10',1853,,17023,38,,,1,100,,17024,38,,,1,100,,17026,38,,,1,100,,17025,38,,,1,100,,13318,38,,,1
21401,'15',1853,,17028,38,,,1,100,,17030,38,,,1,100,,17027,38,,,1,100,,17031,38,,,1,100,,17029,38,,,1
21401,'7',753,,17034,38,,,1,100,,17038,38,,,1,100,,17042,38,,,1,100,,17033,38,,,1,100,,17040,38,,,1,100,,17036,38,,,1,100,,17037,38,,,1,100,,17043,38,,,1,100,,17039,38,,,1,100,,17044,38,,,1,100,,17032,38,,,1,100,,17041,38,,,1,100,,17035,38,,,1
