10900,'14',705,,7111,,,1,100,,7118,,,1,100,,7114,,,1,100,,7112,,,1,100,,7116,,,1,100,,7117,,,1,100,,7109,,,1,100,,7113,,,1,100,,7107,,,1,100,,7110,,,1,100,,7108,,,1,100,,7115,,,1
10900,'18',705,,7123,,,1,100,,7130,,,1,100,,7126,,,1,100,,7124,,,1,100,,7128,,,1,100,,7129,,,1,100,,7121,,,1,100,,7125,,,1,100,,7119,,,1,100,,7122,,,1,100,,7120,,,1,100,,7127,,,1
10900,'20',705,,7135,,,1,100,,7142,,,1,100,,7138,,,1,100,,7136,,,1,100,,7140,,,1,100,,7141,,,1,100,,7133,,,1,100,,7137,,,1,100,,7131,,,1,100,,7134,,,1,100,,7132,,,1,100,,7139,,,1
10900,'8',705,,7147,,,1,100,,7154,,,1,100,,7150,,,1,100,,7148,,,1,100,,7152,,,1,100,,7153,,,1,100,,7145,,,1,100,,7149,,,1,100,,7143,,,1,100,,7146,,,1,100,,7144,,,1,100,,7151,,,1
20900,'11',803,,9610,,,1,100,,9612,,,1,100,,9611,,,1,100,,9613,,,1,100,,9617,,,1,100,,9620,,,1,100,,4665,,,1,100,,9614,,,1,100,,9616,,,1,100,,9619,,,1,100,,9615,,,1,100,,9618,,,1,100,,9609,,,1
20900,'14',1903,,9621,,,1,100,,4040,,,1,100,,9623,,,1,100,,9622,,,1
20900,'18',1903,,9624,,,1,100,,9626,,,1,100,,9627,,,1,100,,9625,,,1
20900,'20',1903,,9628,,,1,100,,2979,,,1,100,,9629,,,1,100,,9630,,,1
20900,'4',803,,9632,,,1,100,,9634,,,1,100,,9633,,,1,100,,9635,,,1,100,,9640,,,1,100,,9643,,,1,100,,9638,,,1,100,,9636,,,1,100,,9639,,,1,100,,9642,,,1,100,,9637,,,1,100,,9641,,,1,100,,9631,,,1
20900,'8',1903,,9644,,,1,100,,9647,,,1,100,,9645,,,1,100,,9646,,,1
