11601,'14',609,,6042,4,0,9 3 10 16,1,30,,6019,4,0,9 3 10 16,1,70,,6021,4,0,9 3 10 16,1,30,,6051,4,0,9 3 10 16,1,70,,6043,4,0,9 3 10 16,1,30,,262,4,0,9 3 10 16,1,70,,6018,4,0,9 3 10 16,1,30,,6035,4,0,9 3 10 16,1,70,,6027,4,0,9 3 10 16,1,30,,6053,4,0,9 3 10 16,1,70,,6047,4,0,9 3 10 16,1,30,,6046,4,0,9 3 10 16,1,70,,6024,4,0,9 3 10 16,1,30,,6031,4,0,9 3 10 16,1,70,,6044,4,0,9 3 10 16,1,30,,1209,4,0,9 3 10 16,1,70,,6020,4,0,9 3 10 16,1,30,,6032,4,0,9 3 10 16,1,70,,6052,4,0,9 3 10 16,1,30,,6040,4,0,9 3 10 16,1,70,,6034,4,0,9 3 10 16,1,30,,6033,4,0,9 3 10 16,1,70,,6026,4,0,9 3 10 16,1,30,,6025,4,0,9 3 10 16,1
11601,'18',609,,6089,4,0,9 3 10 16,1,30,,6062,4,0,9 3 10 16,1,70,,6064,4,0,9 3 10 16,1,30,,6099,4,0,9 3 10 16,1,70,,6090,4,0,9 3 10 16,1,30,,6092,4,0,9 3 10 16,1,70,,6061,4,0,9 3 10 16,1,30,,6081,4,0,9 3 10 16,1,70,,6071,4,0,9 3 10 16,1,30,,6101,4,0,9 3 10 16,1,70,,6095,4,0,9 3 10 16,1,30,,6094,4,0,9 3 10 16,1,70,,6068,4,0,9 3 10 16,1,30,,6076,4,0,9 3 10 16,1,70,,6091,4,0,9 3 10 16,1,30,,6067,4,0,9 3 10 16,1,70,,6063,4,0,9 3 10 16,1,30,,6077,4,0,9 3 10 16,1,70,,6100,4,0,9 3 10 16,1,30,,6087,4,0,9 3 10 16,1,70,,6080,4,0,9 3 10 16,1,30,,6078,4,0,9 3 10 16,1,70,,6070,4,0,9 3 10 16,1,30,,6069,4,0,9 3 10 16,1
11601,'20',609,,6132,4,0,9 3 10 16,1,30,,6109,4,0,9 3 10 16,1,70,,6111,4,0,9 3 10 16,1,30,,6141,4,0,9 3 10 16,1,70,,6133,4,0,9 3 10 16,1,30,,242,4,0,9 3 10 16,1,70,,6108,4,0,9 3 10 16,1,30,,6124,4,0,9 3 10 16,1,70,,6118,4,0,9 3 10 16,1,30,,6143,4,0,9 3 10 16,1,70,,6137,4,0,9 3 10 16,1,30,,6136,4,0,9 3 10 16,1,70,,6115,4,0,9 3 10 16,1,30,,6121,4,0,9 3 10 16,1,70,,6134,4,0,9 3 10 16,1,30,,6114,4,0,9 3 10 16,1,70,,6110,4,0,9 3 10 16,1,30,,1189,4,0,9 3 10 16,1,70,,6142,4,0,9 3 10 16,1,30,,6130,4,0,9 3 10 16,1,70,,6123,4,0,9 3 10 16,1,30,,6122,4,0,9 3 10 16,1,70,,6117,4,0,9 3 10 16,1,30,,6116,4,0,9 3 10 16,1
11601,'8',609,,6179,4,0,9 3 10 16,1,30,,6152,4,0,9 3 10 16,1,70,,6154,4,0,9 3 10 16,1,30,,6189,4,0,9 3 10 16,1,70,,6180,4,0,9 3 10 16,1,30,,6182,4,0,9 3 10 16,1,70,,6151,4,0,9 3 10 16,1,30,,6171,4,0,9 3 10 16,1,70,,6161,4,0,9 3 10 16,1,30,,6191,4,0,9 3 10 16,1,70,,6185,4,0,9 3 10 16,1,30,,6184,4,0,9 3 10 16,1,70,,6158,4,0,9 3 10 16,1,30,,6166,4,0,9 3 10 16,1,70,,6181,4,0,9 3 10 16,1,30,,6157,4,0,9 3 10 16,1,70,,6153,4,0,9 3 10 16,1,30,,6167,4,0,9 3 10 16,1,70,,6190,4,0,9 3 10 16,1,30,,6177,4,0,9 3 10 16,1,70,,6170,4,0,9 3 10 16,1,30,,6168,4,0,9 3 10 16,1,70,,6160,4,0,9 3 10 16,1,30,,6159,4,0,9 3 10 16,1
21601,'11',639,,8171,4,0,9 3 10 16,1,70,,8153,4,0,9 3 10 16,1,30,,8160,4,0,9 3 10 16,1,70,,8148,4,0,9 3 10 16,1,30,,8155,4,0,9 3 10 16,1,70,,8173,4,0,9 3 10 16,1,30,,8147,4,0,9 3 10 16,1,70,,8150,4,0,9 3 10 16,1,30,,8125,4,0,9 3 10 16,1,70,,8169,4,0,9 3 10 16,1,30,,8143,4,0,9 3 10 16,1,70,,8158,4,0,9 3 10 16,1,30,,8165,4,0,9 3 10 16,1,70,,8178,4,0,9 3 10 16,1,30,,8170,4,0,9 3 10 16,1,70,,8167,4,0,9 3 10 16,1,30,,8137,4,0,9 3 10 16,1,70,,8152,4,0,9 3 10 16,1,30,,8133,4,0,9 3 10 16,1,70,,8142,4,0,9 3 10 16,1,30,,8151,4,0,9 3 10 16,1,70,,8132,4,0,9 3 10 16,1,30,,8177,4,0,9 3 10 16,1,70,,8145,4,0,9 3 10 16,1,30,,8179,4,0,9 3 10 16,1,70,,2575,4,0,9 3 10 16,1,30,,8130,4,0,9 3 10 16,1,70,,8140,4,0,9 3 10 16,1,30,,8164,4,0,9 3 10 16,1
21601,'14',1809,,8184,4,0,9 3 10 16,1,30,,8196,4,0,9 3 10 16,1,70,,8189,4,0,9 3 10 16,1,30,,8186,4,0,9 3 10 16,1,70,,1655,4,0,9 3 10 16,1,30,,8187,4,0,9 3 10 16,1,70,,8198,4,0,9 3 10 16,1,30,,8192,4,0,9 3 10 16,1,70,,8194,4,0,9 3 10 16,1,30,,8181,4,0,9 3 10 16,1,70,,8195,4,0,9 3 10 16,1
21601,'18',1809,,8205,4,0,9 3 10 16,1,30,,8218,4,0,9 3 10 16,1,70,,8210,4,0,9 3 10 16,1,30,,8207,4,0,9 3 10 16,1,70,,8215,4,0,9 3 10 16,1,30,,8208,4,0,9 3 10 16,1,70,,8220,4,0,9 3 10 16,1,30,,8213,4,0,9 3 10 16,1,70,,8216,4,0,9 3 10 16,1,30,,8202,4,0,9 3 10 16,1,70,,8217,4,0,9 3 10 16,1
21601,'20',1809,,8226,4,0,9 3 10 16,1,30,,8238,4,0,9 3 10 16,1,70,,8231,4,0,9 3 10 16,1,30,,8228,4,0,9 3 10 16,1,70,,1609,4,0,9 3 10 16,1,30,,8229,4,0,9 3 10 16,1,70,,8240,4,0,9 3 10 16,1,30,,8234,4,0,9 3 10 16,1,70,,8236,4,0,9 3 10 16,1,30,,8223,4,0,9 3 10 16,1,70,,8237,4,0,9 3 10 16,1
21601,'4',639,,8291,4,0,9 3 10 16,1,70,,8273,4,0,9 3 10 16,1,30,,8280,4,0,9 3 10 16,1,70,,8267,4,0,9 3 10 16,1,30,,8275,4,0,9 3 10 16,1,70,,8293,4,0,9 3 10 16,1,30,,8266,4,0,9 3 10 16,1,70,,8270,4,0,9 3 10 16,1,30,,8244,4,0,9 3 10 16,1,70,,8289,4,0,9 3 10 16,1,30,,8262,4,0,9 3 10 16,1,70,,8278,4,0,9 3 10 16,1,30,,8285,4,0,9 3 10 16,1,70,,8298,4,0,9 3 10 16,1,30,,8290,4,0,9 3 10 16,1,70,,8287,4,0,9 3 10 16,1,30,,8256,4,0,9 3 10 16,1,70,,8272,4,0,9 3 10 16,1,30,,8252,4,0,9 3 10 16,1,70,,8261,4,0,9 3 10 16,1,30,,8271,4,0,9 3 10 16,1,70,,8251,4,0,9 3 10 16,1,30,,8297,4,0,9 3 10 16,1,70,,8264,4,0,9 3 10 16,1,30,,8299,4,0,9 3 10 16,1,70,,8268,4,0,9 3 10 16,1,30,,8249,4,0,9 3 10 16,1,70,,8259,4,0,9 3 10 16,1,30,,8284,4,0,9 3 10 16,1
21601,'8',1809,,8305,4,0,9 3 10 16,1,30,,8318,4,0,9 3 10 16,1,70,,8310,4,0,9 3 10 16,1,30,,8307,4,0,9 3 10 16,1,70,,8315,4,0,9 3 10 16,1,30,,8308,4,0,9 3 10 16,1,70,,8320,4,0,9 3 10 16,1,30,,8313,4,0,9 3 10 16,1,70,,8316,4,0,9 3 10 16,1,30,,8302,4,0,9 3 10 16,1,70,,8317,4,0,9 3 10 16,1
