20301,'14',2400,,3198,,,1
20301,'18',2400,,8837,,,1
20301,'20',2400,,3153,,,1
20301,'8',2400,,8885,,,1
20400,'11',731,,8914,,,1,70,,8907,,,1,30,,8912,,,1,70,,8896,,,1,30,,8913,,,1,70,,8897,,,1,30,,8922,,,1,70,,8903,,,1,30,,8910,,,1,70,,8906,,,1,30,,8921,,,1,70,,8917,,,1,30,,5109,,,1,70,,8920,,,1,30,,8918,,,1,70,,8911,,,1,30,,8904,,,1,70,,8916,,,1,30,,8919,,,1,70,,8900,,,1,30,,8905,,,1,70,,8909,,,1,30,,8898,,,1,70,,8899,,,1,30,,8908,,,1,70,,8902,,,1,30,,8901,,,1,70,,8915,,,1
20400,'14',1901,,8926,,,1,30,,8928,,,1,70,,8925,,,1,30,,8927,,,1,70,,8929,,,1,30,,3973,,,1,70,,8924,,,1,30,,3048,,,1,70,,3131,,,1,30,,8923,,,1
20400,'18',1901,,8935,,,1,30,,8938,,,1,70,,8934,,,1,30,,8937,,,1,70,,8939,,,1,30,,8933,,,1,70,,8932,,,1,30,,8931,,,1,70,,8936,,,1,30,,8930,,,1
20400,'20',1901,,8943,,,1,30,,8945,,,1,70,,8942,,,1,30,,8944,,,1,70,,8946,,,1,30,,3952,,,1,70,,8941,,,1,30,,3032,,,1,70,,3109,,,1,30,,8940,,,1
20400,'4',731,,8966,,,1,70,,8959,,,1,30,,8964,,,1,70,,8947,,,1,30,,8965,,,1,70,,8948,,,1,30,,8974,,,1,70,,8955,,,1,30,,8962,,,1,70,,8958,,,1,30,,8973,,,1,70,,8969,,,1,30,,8949,,,1,70,,8972,,,1,30,,8970,,,1,70,,8963,,,1,30,,8956,,,1,70,,8968,,,1,30,,8971,,,1,70,,8952,,,1,30,,8957,,,1,70,,8961,,,1,30,,8950,,,1,70,,8951,,,1,30,,8960,,,1,70,,8954,,,1,30,,8953,,,1,70,,8967,,,1
20400,'8',1901,,8980,,,1,30,,8983,,,1,70,,8979,,,1,30,,8982,,,1,70,,8984,,,1,30,,8978,,,1,70,,8977,,,1,30,,8976,,,1,70,,8981,,,1,30,,8975,,,1
