10201,'12',640,,8467,16,0,7 1 8,1,70,,8440,16,0,7 1 8,1,30,,8433,16,0,7 1 8,1,70,,8454,16,0,7 1 8,1,30,,8435,16,0,7 1 8,1,70,,7351,16,0,7 1 8,1,30,,8462,16,0,7 1 8,1,100,,8448,16,0,7 1 8,1,100,,8442,16,0,7 1 8,1,100,,8447,16,0,7 1 8,1,100,,8475,16,0,7 1 8,1,100,,8446,16,0,7 1 8,1,70,,8436,16,0,7 1 8,1,30,,8424,16,0,7 1 8,1,70,,8451,16,0,7 1 8,1,30,,6123,16,0,7 1 8,1,70,,8468,16,0,7 1 8,1,30,,8463,16,0,7 1 8,1
10201,'5',640,,8524,16,0,7 1 8,1,70,,8496,16,0,7 1 8,1,30,,8489,16,0,7 1 8,1,70,,8511,16,0,7 1 8,1,30,,8491,16,0,7 1 8,1,70,,8480,16,0,7 1 8,1,30,,8519,16,0,7 1 8,1,100,,8504,16,0,7 1 8,1,100,,8498,16,0,7 1 8,1,100,,8503,16,0,7 1 8,1,100,,8532,16,0,7 1 8,1,100,,8502,16,0,7 1 8,1,70,,8492,16,0,7 1 8,1,30,,8479,16,0,7 1 8,1,70,,8507,16,0,7 1 8,1,30,,8510,16,0,7 1 8,1,70,,8525,16,0,7 1 8,1,30,,8520,16,0,7 1 8,1
10201,'9',640,,8579,16,0,7 1 8,1,70,,8552,16,0,7 1 8,1,30,,8545,16,0,7 1 8,1,70,,8566,16,0,7 1 8,1,30,,8547,16,0,7 1 8,1,70,,7334,16,0,7 1 8,1,30,,8574,16,0,7 1 8,1,100,,8560,16,0,7 1 8,1,100,,8554,16,0,7 1 8,1,100,,8559,16,0,7 1 8,1,100,,8587,16,0,7 1 8,1,100,,8558,16,0,7 1 8,1,70,,8548,16,0,7 1 8,1,30,,8536,16,0,7 1 8,1,70,,8563,16,0,7 1 8,1,30,,6034,16,0,7 1 8,1,70,,8580,16,0,7 1 8,1,30,,8575,16,0,7 1 8,1
11000,'12',636,,9762,11,,,1,70,,9761,11,,,1,30,,3741,11,,,1,70,,9752,11,,,1,30,,9767,11,,,1,70,,9766,11,,,1,30,,9764,11,,,1,70,,3331,11,,,1,30,,9758,11,,,1,70,,9769,11,,,1,30,,9770,11,,,1,70,,9750,11,,,1,30,,4615,11,,,1,70,,9768,11,,,1,30,,9757,11,,,1,70,,9755,11,,,1,30,,9759,11,,,1,70,,9765,11,,,1,30,,9754,11,,,1,70,,9771,11,,,1,30,,9751,11,,,1,70,,9753,11,,,1,30,,9763,11,,,1,70,,9756,11,,,1,30,,9760,11,,,1
11000,'5',636,,9785,11,,,1,70,,9784,11,,,1,30,,9793,11,,,1,70,,9774,11,,,1,30,,9791,11,,,1,70,,9790,11,,,1,30,,9787,11,,,1,70,,9777,11,,,1,30,,9781,11,,,1,70,,9794,11,,,1,30,,9795,11,,,1,70,,9772,11,,,1,30,,9789,11,,,1,70,,9792,11,,,1,30,,9780,11,,,1,70,,9778,11,,,1,30,,9782,11,,,1,70,,9788,11,,,1,30,,9776,11,,,1,70,,9796,11,,,1,30,,9773,11,,,1,70,,9775,11,,,1,30,,9786,11,,,1,70,,9779,11,,,1,30,,9783,11,,,1
11000,'9',636,,9809,11,,,1,70,,9808,11,,,1,30,,3669,11,,,1,70,,9799,11,,,1,30,,9813,11,,,1,70,,9812,11,,,1,30,,9811,11,,,1,70,,3293,11,,,1,30,,9805,11,,,1,70,,9815,11,,,1,30,,9816,11,,,1,70,,9797,11,,,1,30,,4591,11,,,1,70,,9814,11,,,1,30,,9804,11,,,1,70,,9802,11,,,1,30,,9806,11,,,1,70,,4397,11,,,1,30,,9801,11,,,1,70,,9817,11,,,1,30,,9798,11,,,1,70,,9800,11,,,1,30,,9810,11,,,1,70,,9803,11,,,1,30,,9807,11,,,1
11501,'12',704,,10426,9,0,7 1 8,1,30,,10402,9,0,7 1 8,1,70,,10415,9,0,7 1 8,1,30,,10409,9,0,7 1 8,1,70,,10431,9,0,7 1 8,1,30,,10406,9,0,7 1 8,1,70,,10400,9,0,7 1 8,1,100,,3433,9,0,7 1 8,1,100,,10432,9,0,7 1 8,1,100,,10414,9,0,7 1 8,1,100,,10428,9,0,7 1 8,1,100,,10412,9,0,7 1 8,1,30,,10411,9,0,7 1 8,1,70,,10423,9,0,7 1 8,1,30,,10420,9,0,7 1 8,1,70,,10413,9,0,7 1 8,1,30,,10417,9,0,7 1 8,1,70,,10424,9,0,7 1 8,1
11501,'5',704,,10461,9,0,7 1 8,1,30,,10436,9,0,7 1 8,1,70,,10450,9,0,7 1 8,1,30,,10443,9,0,7 1 8,1,70,,10466,9,0,7 1 8,1,30,,10440,9,0,7 1 8,1,70,,10434,9,0,7 1 8,1,100,,10468,9,0,7 1 8,1,100,,10467,9,0,7 1 8,1,100,,10448,9,0,7 1 8,1,100,,10463,9,0,7 1 8,1,100,,10446,9,0,7 1 8,1,30,,10445,9,0,7 1 8,1,70,,10458,9,0,7 1 8,1,30,,10455,9,0,7 1 8,1,70,,10447,9,0,7 1 8,1,30,,10452,9,0,7 1 8,1,70,,10459,9,0,7 1 8,1
11501,'9',704,,10496,9,0,7 1 8,1,30,,10472,9,0,7 1 8,1,70,,10485,9,0,7 1 8,1,30,,10479,9,0,7 1 8,1,70,,10500,9,0,7 1 8,1,30,,10476,9,0,7 1 8,1,70,,10470,9,0,7 1 8,1,100,,3385,9,0,7 1 8,1,100,,10501,9,0,7 1 8,1,100,,10484,9,0,7 1 8,1,100,,10498,9,0,7 1 8,1,100,,10482,9,0,7 1 8,1,30,,10481,9,0,7 1 8,1,70,,10493,9,0,7 1 8,1,30,,10490,9,0,7 1 8,1,70,,10483,9,0,7 1 8,1,30,,10487,9,0,7 1 8,1,70,,10494,9,0,7 1 8,1
21000,'12',1904,,11408,9,,,1,30,,11402,9,,,1,70,,11410,9,,,1,30,,11406,9,,,1,70,,11405,9,,,1,30,,11403,9,,,1,70,,11404,9,,,1,30,,11407,9,,,1,70,,11409,9,,,1
21000,'5',1904,,11417,9,,,1,30,,11411,9,,,1,70,,11419,9,,,1,30,,11415,9,,,1,70,,11414,9,,,1,30,,11412,9,,,1,70,,11413,9,,,1,30,,11416,9,,,1,70,,11418,9,,,1
21000,'7',734,,11420,9,,,1,70,,11435,9,,,1,30,,11430,9,,,1,70,,11440,9,,,1,30,,7874,9,,,1,70,,11438,9,,,1,30,,11439,9,,,1,70,,11441,9,,,1,30,,11428,9,,,1,70,,11425,9,,,1,30,,11434,9,,,1,70,,11431,9,,,1,30,,11436,9,,,1,70,,11443,9,,,1,30,,11433,9,,,1,70,,11429,9,,,1,30,,6935,9,,,1,70,,11423,9,,,1,30,,11432,9,,,1,70,,11426,9,,,1,30,,11421,9,,,1,70,,11422,9,,,1,30,,11427,9,,,1,70,,11442,9,,,1,30,,11424,9,,,1,70,,11444,9,,,1,30,,11437,9,,,1
21000,'9',1904,,11451,9,,,1,30,,11445,9,,,1,70,,11453,9,,,1,30,,11449,9,,,1,70,,11448,9,,,1,30,,11446,9,,,1,70,,11447,9,,,1,30,,11450,9,,,1,70,,11452,9,,,1
