11101,'14',624,,5112,12,,,1,30,,5103,12,,,1,70,,5114,12,,,1,30,,5119,12,,,1,70,,5107,12,,,1,30,,5102,12,,,1,70,,5110,12,,,1,30,,5118,12,,,1,70,,5120,12,,,1,30,,5108,12,,,1,70,,793,12,,,1,30,,5101,12,,,1,70,,5109,12,,,1,30,,5113,12,,,1,70,,5116,12,,,1,30,,5115,12,,,1,71,,5117,12,,,1,30,,5106,12,,,1,70,,5105,12,,,1,30,,5111,12,,,1,70,,5122,12,,,1,30,,453,12,,,1,70,,1216,12,,,1,30,,5121,12,,,1,70,,5104,12,,,1
11101,'18',624,,5136,12,,,1,30,,5126,12,,,1,70,,5138,12,,,1,30,,5144,12,,,1,70,,5130,12,,,1,30,,5124,12,,,1,70,,5133,12,,,1,30,,5143,12,,,1,70,,5145,12,,,1,30,,5131,12,,,1,70,,5140,12,,,1,30,,5123,12,,,1,70,,5132,12,,,1,30,,5137,12,,,1,70,,5141,12,,,1,30,,5139,12,,,1,71,,5142,12,,,1,30,,5129,12,,,1,70,,5128,12,,,1,30,,5135,12,,,1,70,,5147,12,,,1,30,,5125,12,,,1,70,,5134,12,,,1,30,,5146,12,,,1,70,,5127,12,,,1
11101,'20',624,,5158,12,,,1,30,,5149,12,,,1,70,,5160,12,,,1,30,,5167,12,,,1,70,,5150,12,,,1,30,,5148,12,,,1,70,,5155,12,,,1,30,,5165,12,,,1,70,,5168,12,,,1,30,,5157,12,,,1,70,,733,12,,,1,30,,5163,12,,,1,70,,5153,12,,,1,30,,5152,12,,,1,70,,5166,12,,,1,30,,510,12,,,1,71,,5164,12,,,1,30,,2557,12,,,1,70,,5161,12,,,1,30,,5151,12,,,1,70,,5154,12,,,1,30,,5156,12,,,1,70,,1864,12,,,1,30,,5162,12,,,1,70,,5159,12,,,1
11101,'8',624,,5181,12,,,1,30,,5170,12,,,1,70,,5184,12,,,1,30,,5192,12,,,1,70,,5171,12,,,1,30,,5169,12,,,1,70,,5176,12,,,1,30,,5190,12,,,1,70,,5193,12,,,1,30,,5179,12,,,1,70,,5188,12,,,1,30,,5187,12,,,1,70,,5174,12,,,1,30,,5173,12,,,1,70,,5191,12,,,1,30,,5178,12,,,1,71,,5189,12,,,1,30,,5183,12,,,1,70,,5185,12,,,1,30,,5172,12,,,1,70,,5175,12,,,1,30,,5177,12,,,1,70,,5180,12,,,1,30,,5186,12,,,1,70,,5182,12,,,1
21101,'11',724,,7590,12,,,1,30,,7598,12,,,1,70,,7592,12,,,1,30,,7591,12,,,1,70,,7577,12,,,1,30,,7597,12,,,1,70,,7594,12,,,1,30,,7600,12,,,1,70,,7578,12,,,1,30,,7589,12,,,1,70,,7595,12,,,1,30,,7581,12,,,1,70,,7593,12,,,1,30,,2377,12,,,1,70,,7596,12,,,1,30,,7601,12,,,1,70,,7576,12,,,1,30,,7582,12,,,1,70,,7588,12,,,1,30,,7586,12,,,1,70,,7587,12,,,1,30,,7583,12,,,1,70,,7579,12,,,1,30,,7580,12,,,1,70,,7599,12,,,1,30,,7584,12,,,1,70,,7585,12,,,1
21101,'14',1854,,7609,12,,,1,70,,7606,12,,,1,30,,7608,12,,,1,70,,596,12,,,1,30,,7603,12,,,1,70,,7604,12,,,1,30,,7602,12,,,1,70,,7605,12,,,1,30,,7607,12,,,1
21101,'18',1854,,7618,12,,,1,70,,7615,12,,,1,30,,7617,12,,,1,70,,7614,12,,,1,30,,7611,12,,,1,70,,7612,12,,,1,30,,7610,12,,,1,70,,7613,12,,,1,30,,7616,12,,,1
21101,'20',1854,,7623,12,,,1,70,,7624,12,,,1,30,,7626,12,,,1,70,,579,12,,,1,30,,7620,12,,,1,70,,7621,12,,,1,30,,7619,12,,,1,70,,7622,12,,,1,30,,7625,12,,,1
21101,'4',724,,7641,12,,,1,30,,7650,12,,,1,70,,7643,12,,,1,30,,7642,12,,,1,70,,7628,12,,,1,30,,7649,12,,,1,70,,7646,12,,,1,30,,7652,12,,,1,70,,7629,12,,,1,30,,7640,12,,,1,70,,7647,12,,,1,30,,7632,12,,,1,70,,7645,12,,,1,30,,7644,12,,,1,70,,7648,12,,,1,30,,7653,12,,,1,70,,7627,12,,,1,30,,7633,12,,,1,70,,7639,12,,,1,30,,7637,12,,,1,70,,7638,12,,,1,30,,7634,12,,,1,70,,7630,12,,,1,30,,7631,12,,,1,70,,7651,12,,,1,30,,7635,12,,,1,70,,7636,12,,,1
21101,'8',1854,,7659,12,,,1,70,,7660,12,,,1,30,,7662,12,,,1,70,,7658,12,,,1,30,,7655,12,,,1,70,,7656,12,,,1,30,,7654,12,,,1,70,,7657,12,,,1,30,,7661,12,,,1
