10901,'14',612,,3527,,,1,100,,7193,,,1,100,,7173,,,1,100,,7169,,,1,100,,7194,,,1,100,,7192,,,1,100,,7195,,,1,100,,7157,,,1,100,,7181,,,1,100,,7183,,,1,100,,3514,,,1,100,,7176,,,1
10901,'18',612,,7207,,,1,100,,7241,,,1,100,,7221,,,1,100,,7215,,,1,100,,7242,,,1,100,,7240,,,1,100,,7243,,,1,100,,7200,,,1,100,,7229,,,1,100,,7231,,,1,100,,7201,,,1,100,,7224,,,1
10901,'20',612,,3478,,,1,100,,7284,,,1,100,,7264,,,1,100,,7260,,,1,100,,7285,,,1,100,,7283,,,1,100,,7286,,,1,100,,7248,,,1,100,,7272,,,1,100,,7274,,,1,100,,3465,,,1,100,,7267,,,1
10901,'8',612,,7298,,,1,100,,7332,,,1,100,,7312,,,1,100,,7306,,,1,100,,7333,,,1,100,,7331,,,1,100,,7334,,,1,100,,7291,,,1,100,,7320,,,1,100,,7322,,,1,100,,7292,,,1,100,,7315,,,1
11300,'14',642,,7850,0,14 15 16,1,100,,7858,0,14 15 16,1,100,,3088,0,14 15 16,1,100,,7846,0,14 15 16,1,100,,7868,0,14 15 16,1,100,,7859,0,14 15 16,1,100,,7863,0,14 15 16,1,100,,7838,0,14 15 16,1,100,,7864,0,14 15 16,1,100,,7860,0,14 15 16,1,100,,7869,0,14 15 16,1,100,,3004,0,14 15 16,1,100,,3330,0,14 15 16,1
11300,'18',642,,7885,0,14 15 16,1,100,,7896,0,14 15 16,1,100,,7888,0,14 15 16,1,100,,7881,0,14 15 16,1,100,,7907,0,14 15 16,1,100,,7897,0,14 15 16,1,100,,7902,0,14 15 16,1,100,,7872,0,14 15 16,1,100,,7903,0,14 15 16,1,100,,7898,0,14 15 16,1,100,,7908,0,14 15 16,1,100,,7893,0,14 15 16,1,100,,7875,0,14 15 16,1
11300,'20',642,,7922,0,14 15 16,1,100,,7925,0,14 15 16,1,100,,3070,0,14 15 16,1,100,,7918,0,14 15 16,1,100,,7939,0,14 15 16,1,100,,7926,0,14 15 16,1,100,,4130,0,14 15 16,1,100,,7911,0,14 15 16,1,100,,7920,0,14 15 16,1,100,,7934,0,14 15 16,1,100,,7937,0,14 15 16,1,100,,7941,0,14 15 16,1,100,,7940,0,14 15 16,1
11300,'8',642,,7955,0,14 15 16,1,100,,7960,0,14 15 16,1,100,,7956,0,14 15 16,1,100,,7949,0,14 15 16,1,100,,7978,0,14 15 16,1,100,,7961,0,14 15 16,1,100,,7968,0,14 15 16,1,100,,7942,0,14 15 16,1,100,,7951,0,14 15 16,1,100,,7973,0,14 15 16,1,100,,7976,0,14 15 16,1,100,,7980,0,14 15 16,1,100,,7979,0,14 15 16,1
20901,'11',712,,5237,,,1,100,,9693,,,1,100,,9687,,,1,100,,4454,,,1,100,,9691,,,1,100,,9660,,,1,100,,9656,,,1,100,,9666,,,1,100,,9671,,,1,100,,9651,,,1,100,,9679,,,1,100,,9652,,,1,100,,5223,,,1,100,,9683,,,1
20901,'14',1812,,9700,,,1,100,,9709,,,1,100,,9701,,,1,100,,9702,,,1,100,,9708,,,1
20901,'18',1812,,9718,,,1,100,,9729,,,1,100,,9719,,,1,100,,9720,,,1,100,,9727,,,1
20901,'20',1812,,9739,,,1,100,,9747,,,1,100,,9748,,,1,100,,9750,,,1,100,,9749,,,1
20901,'4',712,,9767,,,1,100,,9803,,,1,100,,9796,,,1,100,,9782,,,1,100,,9801,,,1,100,,9769,,,1,100,,9764,,,1,100,,9775,,,1,100,,9780,,,1,100,,9759,,,1,100,,9789,,,1,100,,9760,,,1,100,,9757,,,1,100,,9793,,,1
20901,'8',1812,,9811,,,1,100,,9821,,,1,100,,9822,,,1,100,,9824,,,1,100,,9823,,,1
