10701,'14',555,,4195,3,0,5 6,1,100,,4151,3,0,5 6,1,70,,4179,3,0,5 6,1,30,,4160,3,0,5 6,1,70,,4198,3,0,5 6,1,30,,4201,3,0,5 6,1,100,,4176,3,0,5 6,1,100,,4170,3,0,5 6,1,100,,4171,3,0,5 6,1,100,,4199,3,0,5 6,1,100,,4158,3,0,5 6,1,70,,4200,3,0,5 6,1,30,,4175,3,0,5 6,1,70,,1246,3,0,5 6,1,30,,4157,3,0,5 6,1,70,,4182,3,0,5 6,1,30,,4172,3,0,5 6,1,70,,4146,3,0,5 6,1,30,,4192,3,0,5 6,1,100,,4186,3,0,5 6,1
10701,'18',555,,4255,3,0,5 6,1,100,,4208,3,0,5 6,1,70,,4238,3,0,5 6,1,30,,4217,3,0,5 6,1,70,,4258,3,0,5 6,1,30,,4261,3,0,5 6,1,100,,4234,3,0,5 6,1,100,,4227,3,0,5 6,1,100,,4228,3,0,5 6,1,100,,4259,3,0,5 6,1,100,,4215,3,0,5 6,1,70,,4260,3,0,5 6,1,30,,4233,3,0,5 6,1,70,,4239,3,0,5 6,1,30,,4214,3,0,5 6,1,70,,4242,3,0,5 6,1,30,,4230,3,0,5 6,1,70,,4203,3,0,5 6,1,30,,4252,3,0,5 6,1,100,,4246,3,0,5 6,1
10701,'20',555,,4312,3,0,5 6,1,100,,4268,3,0,5 6,1,70,,4296,3,0,5 6,1,30,,4277,3,0,5 6,1,70,,4315,3,0,5 6,1,30,,4318,3,0,5 6,1,100,,4293,3,0,5 6,1,100,,4287,3,0,5 6,1,100,,4288,3,0,5 6,1,100,,4316,3,0,5 6,1,100,,4275,3,0,5 6,1,70,,4317,3,0,5 6,1,30,,4292,3,0,5 6,1,70,,1233,3,0,5 6,1,30,,4274,3,0,5 6,1,70,,4300,3,0,5 6,1,30,,4289,3,0,5 6,1,70,,4263,3,0,5 6,1,30,,4309,3,0,5 6,1,100,,4303,3,0,5 6,1
10701,'8',555,,4372,3,0,5 6,1,100,,4325,3,0,5 6,1,70,,4355,3,0,5 6,1,30,,4334,3,0,5 6,1,70,,4375,3,0,5 6,1,30,,4378,3,0,5 6,1,100,,4351,3,0,5 6,1,100,,4344,3,0,5 6,1,100,,4345,3,0,5 6,1,100,,4376,3,0,5 6,1,100,,4332,3,0,5 6,1,70,,4377,3,0,5 6,1,30,,4350,3,0,5 6,1,70,,4356,3,0,5 6,1,30,,4331,3,0,5 6,1,70,,4359,3,0,5 6,1,30,,4347,3,0,5 6,1,70,,4320,3,0,5 6,1,30,,4369,3,0,5 6,1,100,,4363,3,0,5 6,1
21401,'11',736,,7872,3,,,1,100,,7880,3,,,1,100,,7876,3,,,1,100,,7871,3,,,1,100,,7873,3,,,1,100,,7879,3,,,1,100,,7878,3,,,1,100,,7869,3,,,1,100,,7875,3,,,1,100,,7868,3,,,1,100,,7877,3,,,1,100,,7874,3,,,1,100,,7870,3,,,1
21401,'14',1836,,7885,3,,,1,100,,7883,3,,,1,100,,7881,3,,,1,100,,7884,3,,,1,100,,7882,3,,,1
21401,'18',1836,,7890,3,,,1,100,,7888,3,,,1,100,,7886,3,,,1,100,,7889,3,,,1,100,,7887,3,,,1
21401,'20',1836,,7893,3,,,1,100,,81,3,,,1,100,,7891,3,,,1,100,,7892,3,,,1,100,,7894,3,,,1
21401,'4',736,,7899,3,,,1,100,,7907,3,,,1,100,,7903,3,,,1,100,,7898,3,,,1,100,,7900,3,,,1,100,,7906,3,,,1,100,,7905,3,,,1,100,,7896,3,,,1,100,,7902,3,,,1,100,,7895,3,,,1,100,,7904,3,,,1,100,,7901,3,,,1,100,,7897,3,,,1
21401,'8',1836,,7911,3,,,1,100,,7909,3,,,1,100,,7908,3,,,1,100,,7910,3,,,1,100,,7912,3,,,1
