11401,'14',639,,5669,8,,,1,100,,5671,8,,,1,100,,5668,8,,,1,100,,5665,8,,,1,100,,5670,8,,,1,100,,1845,8,,,1,100,,5666,8,,,1,100,,5664,8,,,1,100,,5663,8,,,1,100,,5667,8,,,1,100,,5672,8,,,1,100,,5662,8,,,1
11401,'18',639,,5681,8,,,1,100,,5683,8,,,1,100,,5680,8,,,1,100,,5677,8,,,1,100,,5682,8,,,1,100,,5673,8,,,1,100,,5678,8,,,1,100,,5676,8,,,1,100,,5675,8,,,1,100,,5679,8,,,1,100,,5684,8,,,1,100,,5674,8,,,1
11401,'20',639,,5692,8,,,1,100,,5694,8,,,1,100,,5691,8,,,1,100,,5688,8,,,1,100,,5693,8,,,1,100,,1806,8,,,1,100,,5689,8,,,1,100,,5687,8,,,1,100,,5686,8,,,1,100,,5690,8,,,1,100,,5695,8,,,1,100,,5685,8,,,1
11401,'8',639,,5704,8,,,1,100,,5706,8,,,1,100,,5703,8,,,1,100,,5700,8,,,1,100,,5705,8,,,1,100,,5696,8,,,1,100,,5701,8,,,1,100,,5699,8,,,1,100,,5698,8,,,1,100,,5702,8,,,1,100,,5707,8,,,1,100,,5697,8,,,1
21401,'11',743,,7872,19,,,1,100,,7880,19,,,1,100,,7876,19,,,1,100,,7871,19,,,1,100,,7873,19,,,1,100,,7879,19,,,1,100,,7878,19,,,1,100,,7869,19,,,1,100,,7875,19,,,1,100,,7868,19,,,1,100,,7877,19,,,1,100,,7874,19,,,1,100,,7870,19,,,1
21401,'14',1843,,7885,19,,,1,100,,7883,19,,,1,100,,7881,19,,,1,100,,7884,19,,,1,100,,7882,19,,,1
21401,'18',1843,,7890,19,,,1,100,,7888,19,,,1,100,,7886,19,,,1,100,,7889,19,,,1,100,,7887,19,,,1
21401,'20',1843,,7893,19,,,1,100,,81,19,,,1,100,,7891,19,,,1,100,,7892,19,,,1,100,,7894,19,,,1
21401,'4',743,,7899,19,,,1,100,,7907,19,,,1,100,,7903,19,,,1,100,,7898,19,,,1,100,,7900,19,,,1,100,,7906,19,,,1,100,,7905,19,,,1,100,,7896,19,,,1,100,,7902,19,,,1,100,,7895,19,,,1,100,,7904,19,,,1,100,,7901,19,,,1,100,,7897,19,,,1
21401,'8',1843,,7911,19,,,1,100,,7909,19,,,1,100,,7908,19,,,1,100,,7910,19,,,1,100,,7912,19,,,1
