10900,'14',705,,4588,6,,,1,100,,4595,6,,,1,100,,4591,6,,,1,100,,4589,6,,,1,100,,4593,6,,,1,100,,4594,6,,,1,100,,4586,6,,,1,100,,4590,6,,,1,100,,4584,6,,,1,100,,4587,6,,,1,100,,4585,6,,,1,100,,4592,6,,,1
10900,'18',705,,4600,6,,,1,100,,4607,6,,,1,100,,4603,6,,,1,100,,4601,6,,,1,100,,4605,6,,,1,100,,4606,6,,,1,100,,4598,6,,,1,100,,4602,6,,,1,100,,4596,6,,,1,100,,4599,6,,,1,100,,4597,6,,,1,100,,4604,6,,,1
10900,'20',705,,4612,6,,,1,100,,4619,6,,,1,100,,4615,6,,,1,100,,4613,6,,,1,100,,4617,6,,,1,100,,4618,6,,,1,100,,4610,6,,,1,100,,4614,6,,,1,100,,4608,6,,,1,100,,4611,6,,,1,100,,4609,6,,,1,100,,4616,6,,,1
10900,'8',705,,4624,6,,,1,100,,4631,6,,,1,100,,4627,6,,,1,100,,4625,6,,,1,100,,4629,6,,,1,100,,4630,6,,,1,100,,4622,6,,,1,100,,4626,6,,,1,100,,4620,6,,,1,100,,4623,6,,,1,100,,4621,6,,,1,100,,4628,6,,,1
20900,'11',803,,7087,6,,,1,100,,7089,6,,,1,100,,7088,6,,,1,100,,7090,6,,,1,100,,7094,6,,,1,100,,7097,6,,,1,100,,2070,6,,,1,100,,7091,6,,,1,100,,7093,6,,,1,100,,7096,6,,,1,100,,7092,6,,,1,100,,7095,6,,,1,100,,7086,6,,,1
20900,'14',1903,,7098,6,,,1,100,,1361,6,,,1,100,,7100,6,,,1,100,,7099,6,,,1
20900,'18',1903,,7101,6,,,1,100,,7103,6,,,1,100,,7104,6,,,1,100,,7102,6,,,1
20900,'20',1903,,7105,6,,,1,100,,127,6,,,1,100,,7106,6,,,1,100,,7107,6,,,1
20900,'4',803,,7109,6,,,1,100,,7111,6,,,1,100,,7110,6,,,1,100,,7112,6,,,1,100,,7117,6,,,1,100,,7120,6,,,1,100,,7115,6,,,1,100,,7113,6,,,1,100,,7116,6,,,1,100,,7119,6,,,1,100,,7114,6,,,1,100,,7118,6,,,1,100,,7108,6,,,1
20900,'8',1903,,7121,6,,,1,100,,7124,6,,,1,100,,7122,6,,,1,100,,7123,6,,,1
