11601,'10',627,,13550,3,0,13,1,30,,3018,3,0,13,1,70,,13515,3,0,13,1,30,,13533,3,0,13,1,70,,13522,3,0,13,1,30,,13505,3,0,13,1,70,,13537,3,0,13,1,30,,13509,3,0,13,1,70,,13542,3,0,13,1,30,,13520,3,0,13,1,70,,13536,3,0,13,1,30,,13514,3,0,13,1,70,,13528,3,0,13,1,30,,13531,3,0,13,1,70,,13527,3,0,13,1,30,,13519,3,0,13,1,70,,13525,3,0,13,1,30,,13544,3,0,13,1,70,,13518,3,0,13,1,30,,13538,3,0,13,1,70,,10494,3,0,13,1,30,,13507,3,0,13,1,70,,13545,3,0,13,1,30,,13508,3,0,13,1
11601,'13',627,,13596,3,0,13,1,30,,3126,3,0,13,1,70,,13561,3,0,13,1,30,,13579,3,0,13,1,70,,13568,3,0,13,1,30,,13551,3,0,13,1,70,,13583,3,0,13,1,30,,13555,3,0,13,1,70,,13588,3,0,13,1,30,,13566,3,0,13,1,70,,13582,3,0,13,1,30,,13560,3,0,13,1,70,,13574,3,0,13,1,30,,13577,3,0,13,1,70,,13573,3,0,13,1,30,,13565,3,0,13,1,70,,13571,3,0,13,1,30,,13590,3,0,13,1,70,,13564,3,0,13,1,30,,13584,3,0,13,1,70,,10424,3,0,13,1,30,,13553,3,0,13,1,70,,13591,3,0,13,1,30,,13554,3,0,13,1
20301,'10',2401,,13642,4,,,1
20301,'13',2401,,13653,4,,,1
20400,'10',1902,,13695,4,,,1,30,,8577,4,,,1,70,,13691,4,,,1,30,,13690,4,,,1,70,,10495,4,,,1,30,,13692,4,,,1,70,,13696,4,,,1,30,,13693,4,,,1,70,,13694,4,,,1,30,,13689,4,,,1
20400,'13',1902,,13703,4,,,1,30,,8465,4,,,1,70,,13699,4,,,1,30,,13698,4,,,1,70,,10425,4,,,1,30,,13700,4,,,1,70,,13704,4,,,1,30,,13701,4,,,1,70,,13702,4,,,1,30,,13697,4,,,1
20400,'7',732,,13709,4,,,1,70,,13721,4,,,1,30,,13725,4,,,1,70,,13707,4,,,1,30,,13720,4,,,1,70,,13713,4,,,1,30,,13712,4,,,1,70,,13728,4,,,1,30,,13708,4,,,1,70,,13726,4,,,1,30,,13716,4,,,1,70,,13717,4,,,1,30,,13718,4,,,1,70,,13710,4,,,1,30,,13724,4,,,1,70,,13719,4,,,1,30,,13730,4,,,1,70,,13722,4,,,1,30,,13711,4,,,1,70,,13729,4,,,1,30,,13714,4,,,1,70,,13715,4,,,1,30,,10851,4,,,1,70,,13723,4,,,1,30,,13727,4,,,1,70,,10845,4,,,1,30,,13705,4,,,1,70,,13706,4,,,1
21601,'10',1827,,14536,3,0,13,1,30,,14531,3,0,13,1,70,,14542,3,0,13,1,30,,14546,3,0,13,1,70,,14540,3,0,13,1,30,,14532,3,0,13,1,70,,14552,3,0,13,1,30,,14550,3,0,13,1,70,,14537,3,0,13,1,30,,14535,3,0,13,1,70,,14551,3,0,13,1
21601,'13',1827,,14558,3,0,13,1,30,,14553,3,0,13,1,70,,14564,3,0,13,1,30,,14568,3,0,13,1,70,,14562,3,0,13,1,30,,14554,3,0,13,1,70,,14574,3,0,13,1,30,,14572,3,0,13,1,70,,14559,3,0,13,1,30,,14557,3,0,13,1,70,,14573,3,0,13,1
21601,'7',657,,11049,3,0,13,1,70,,14588,3,0,13,1,30,,14621,3,0,13,1,70,,11946,3,0,13,1,30,,14579,3,0,13,1,70,,14592,3,0,13,1,30,,14586,3,0,13,1,70,,14585,3,0,13,1,30,,14600,3,0,13,1,70,,14615,3,0,13,1,30,,14605,3,0,13,1,70,,14606,3,0,13,1,30,,14612,3,0,13,1,70,,14625,3,0,13,1,30,,14593,3,0,13,1,70,,14616,3,0,13,1,30,,14578,3,0,13,1,70,,14618,3,0,13,1,30,,14623,3,0,13,1,70,,11491,3,0,13,1,30,,14613,3,0,13,1,70,,14626,3,0,13,1,30,,14609,3,0,13,1,70,,14610,3,0,13,1,30,,14597,3,0,13,1,70,,14620,3,0,13,1,30,,14603,3,0,13,1,70,,11537,3,0,13,1,30,,14575,3,0,13,1
