10500,'10',605,,15030,17,4,,1,100,,15017,17,4,,1,30,,15007,17,4,,1,70,,15000,17,4,,1,30,,15016,17,4,,1,70,,15027,17,4,,1,30,,15010,17,4,,1,70,,15022,17,4,,1,100,,15009,17,4,,1,100,,15031,17,4,,1,100,,15019,17,4,,1,100,,15006,17,4,,1,100,,12288,17,4,,1,30,,14191,17,4,,1,70,,15012,17,4,,1,30,,15023,17,4,,1,70,,15029,17,4,,1,30,,15021,17,4,,1,70,,14063,17,4,,1
10500,'15',605,,15063,17,4,,1,100,,15050,17,4,,1,30,,15039,17,4,,1,70,,15032,17,4,,1,30,,15049,17,4,,1,70,,15060,17,4,,1,30,,15042,17,4,,1,70,,15055,17,4,,1,100,,15041,17,4,,1,100,,15064,17,4,,1,100,,15052,17,4,,1,100,,15038,17,4,,1,100,,12332,17,4,,1,30,,14201,17,4,,1,70,,15044,17,4,,1,30,,15056,17,4,,1,70,,15062,17,4,,1,30,,15054,17,4,,1,70,,14080,17,4,,1
10501,'10',615,,15093,1,,,1,100,,15089,1,,,1,30,,15086,1,,,1,70,,15074,1,,,1,30,,15076,1,,,1,70,,15067,1,,,1,30,,15084,1,,,1,70,,15080,1,,,1,100,,15066,1,,,1,100,,15087,1,,,1,100,,15100,1,,,1,100,,15079,1,,,1,100,,15098,1,,,1,30,,15092,1,,,1,70,,15073,1,,,1,30,,15071,1,,,1,70,,15069,1,,,1,30,,15072,1,,,1,70,,15091,1,,,1
10501,'15',615,,15129,1,,,1,100,,15125,1,,,1,30,,15122,1,,,1,70,,15110,1,,,1,30,,15112,1,,,1,70,,15103,1,,,1,30,,15120,1,,,1,70,,15116,1,,,1,100,,15102,1,,,1,100,,15123,1,,,1,100,,15136,1,,,1,100,,15115,1,,,1,100,,15134,1,,,1,30,,15128,1,,,1,70,,15109,1,,,1,30,,15107,1,,,1,70,,15105,1,,,1,30,,15108,1,,,1,70,,15127,1,,,1
10901,'10',608,,15494,2,4,,1,2,,15482,1,,,1,3,,15468,3,4,,1,2,,15500,1,,,1,93,,15505,2,4,,1,2,,15503,1,,,1,3,,15495,3,4,,1,2,,15483,1,,,1,93,,15484,2,4,,1,2,,15479,1,,,1,3,,15502,3,4,,1,2,,15473,1,,,1,93,,13012,2,4,,1,2,,15467,1,,,1,3,,15506,3,4,,1,2,,15487,1,,,1,93,,13541,2,4,,1,2,,13735,1,,,1,3,,15497,3,4,,1,2,,15492,1,,,1,93,,15501,2,4,,1,2,,15498,1,,,1,3,,15504,3,4,,1,2,,13078,1,,,1,93,,15481,2,4,,1,2,,15474,1,,,1,3,,15485,3,4,,1,2,,15499,1,,,1,93,,15477,2,4,,1,2,,15476,1,,,1,3,,15471,3,4,,1,2,,15486,1,,,1,93,,15491,2,4,,1,2,,15496,1,,,1,3,,15469,3,4,,1,2,,15480,1,,,1,93,,15489,2,4,,1,2,,15493,1,,,1,3,,9433,3,4,,1,2,,15478,1,,,1,93,,13899,2,4,,1,2,,15508,1,,,1,3,,15470,3,4,,1,2,,15475,1,,,1,93,,15490,2,4,,1,2,,15507,1,,,1,3,,15472,3,4,,1,2,,15488,1,,,1
10901,'15',608,,15538,2,4,,1,2,,15526,1,,,1,3,,15512,3,4,,1,2,,15544,1,,,1,93,,15550,2,4,,1,2,,15548,1,,,1,3,,15539,3,4,,1,2,,15527,1,,,1,93,,15528,2,4,,1,2,,15523,1,,,1,3,,15547,3,4,,1,2,,15517,1,,,1,93,,15510,2,4,,1,2,,15511,1,,,1,3,,15551,3,4,,1,2,,15531,1,,,1,93,,13587,2,4,,1,2,,13753,1,,,1,3,,15541,3,4,,1,2,,15536,1,,,1,93,,15545,2,4,,1,2,,15542,1,,,1,3,,15549,3,4,,1,2,,15546,1,,,1,93,,15525,2,4,,1,2,,15518,1,,,1,3,,15529,3,4,,1,2,,15543,1,,,1,93,,15521,2,4,,1,2,,15520,1,,,1,3,,15515,3,4,,1,2,,15530,1,,,1,93,,15535,2,4,,1,2,,15540,1,,,1,3,,15513,3,4,,1,2,,15524,1,,,1,93,,15533,2,4,,1,2,,15537,1,,,1,3,,9319,3,4,,1,2,,15522,1,,,1,93,,15509,2,4,,1,2,,15553,1,,,1,3,,15514,3,4,,1,2,,15519,1,,,1,93,,15534,2,4,,1,2,,15552,1,,,1,3,,15516,3,4,,1,2,,15532,1,,,1
11300,'10',639,,15826,28,4,,1,1,,15829,1,,,1,3,,15806,3,4,,1,96,,15812,28,4,,1,1,,12175,1,,,1,3,,15815,3,4,,1,96,,15828,28,4,,1,1,,15823,1,,,1,3,,15803,3,4,,1,96,,15814,28,4,,1,1,,15819,1,,,1,3,,15824,3,4,,1,96,,15796,28,4,,1,1,,15813,1,,,1,3,,15817,3,4,,1,96,,15807,28,4,,1,1,,15808,1,,,1,3,,15801,3,4,,1,96,,15809,28,4,,1,1,,15799,1,,,1,3,,15810,3,4,,1,96,,15825,28,4,,1,1,,15816,1,,,1,3,,15804,3,4,,1,96,,15802,28,4,,1,1,,15798,1,,,1,3,,11978,3,4,,1,96,,15800,28,4,,1,1,,13369,1,,,1,3,,15797,3,4,,1,96,,15818,28,4,,1,1,,15821,1,,,1,3,,15827,3,4,,1,96,,15820,28,4,,1,1,,15795,1,,,1,3,,15822,3,4,,1,96,,9009,28,4,,1,1,,15811,1,,,1,3,,15805,3,4,,1
11300,'15',639,,15858,28,4,,1,1,,15864,1,,,1,3,,15839,3,4,,1,96,,15842,28,4,,1,1,,12193,1,,,1,3,,15845,3,4,,1,96,,15862,28,4,,1,1,,15851,1,,,1,3,,15835,3,4,,1,96,,15844,28,4,,1,1,,15849,1,,,1,3,,15854,3,4,,1,96,,15830,28,4,,1,1,,15843,1,,,1,3,,15848,3,4,,1,96,,15840,28,4,,1,1,,15841,1,,,1,3,,15833,3,4,,1,96,,15850,28,4,,1,1,,15836,1,,,1,3,,15837,3,4,,1,96,,15856,28,4,,1,1,,15847,1,,,1,3,,15838,3,4,,1,96,,15859,28,4,,1,1,,15860,1,,,1,3,,12891,3,4,,1,96,,15832,28,4,,1,1,,15852,1,,,1,3,,15861,3,4,,1,96,,15834,28,4,,1,1,,15857,1,,,1,3,,15846,3,4,,1,96,,13164,28,4,,1,1,,15865,1,,,1,3,,15853,3,4,,1,96,,15863,28,4,,1,1,,15855,1,,,1,3,,15831,3,4,,1
11301,'10',645,,15874,1,0,14 15 16,1,100,,15884,1,0,14 15 16,1,100,,15889,1,0,14 15 16,1,100,,15900,1,0,14 15 16,1,100,,15903,1,0,14 15 16,1,100,,15879,1,0,14 15 16,1,100,,15877,1,0,14 15 16,1,100,,15885,1,0,14 15 16,1,100,,15880,1,0,14 15 16,1,100,,15899,1,0,14 15 16,1,100,,15878,1,0,14 15 16,1,100,,15871,1,0,14 15 16,1,100,,15866,1,0,14 15 16,1
11301,'15',645,,15913,1,0,14 15 16,1,100,,15919,1,0,14 15 16,1,100,,15927,1,0,14 15 16,1,100,,15938,1,0,14 15 16,1,100,,15942,1,0,14 15 16,1,100,,15916,1,0,14 15 16,1,100,,15931,1,0,14 15 16,1,100,,15921,1,0,14 15 16,1,100,,15920,1,0,14 15 16,1,100,,15922,1,0,14 15 16,1,100,,15939,1,0,14 15 16,1,100,,15908,1,0,14 15 16,1,100,,15906,1,0,14 15 16,1
20500,'10',1904,,16447,14,4,,1,100,,16450,14,4,,1,100,,13377,14,4,,1,100,,16449,14,4,,1
20500,'15',1904,,16452,14,4,,1,100,,16455,14,4,,1,100,,13409,14,4,,1,100,,16454,14,4,,1
20500,'7',704,,16479,14,4,,1,100,,16471,14,4,,1,100,,14213,14,4,,1,100,,16468,14,4,,1,100,,16469,14,4,,1,100,,16472,14,4,,1,100,,16457,14,4,,1,100,,16460,14,4,,1,100,,16459,14,4,,1,100,,16466,14,4,,1,100,,16474,14,4,,1,100,,16473,14,4,,1,100,,16475,14,4,,1,100,,16463,14,4,,1
20501,'10',1915,,16485,1,,,1,100,,16483,1,,,1,100,,16482,1,,,1,100,,16487,1,,,1
20501,'15',1915,,16492,1,,,1,100,,16490,1,,,1,100,,16489,1,,,1,100,,16494,1,,,1
20501,'7',715,,16502,1,,,1,100,,16503,1,,,1,100,,16511,1,,,1,100,,13872,1,,,1,100,,16501,1,,,1,100,,14107,1,,,1,100,,16507,1,,,1,100,,16506,1,,,1,100,,16509,1,,,1,100,,16516,1,,,1,100,,16518,1,,,1,100,,16510,1,,,1,100,,16512,1,,,1,100,,16504,1,,,1
20901,'10',1809,,16672,2,4,,1,1,,16664,1,,,1,3,,16665,3,4,,1,2,,16677,1,,,1,94,,16669,2,4,,1,1,,16679,1,,,1,3,,16680,3,4,,1,2,,16673,1,,,1,94,,16676,2,4,,1,1,,12542,1,,,1,3,,16671,3,4,,1,2,,16667,1,,,1,94,,16678,2,4,,1,1,,16670,1,,,1,3,,16674,3,4,,1,2,,16666,1,,,1,94,,16668,2,4,,1,1,,12371,1,,,1,3,,8868,3,4,,1,2,,16675,1,,,1
20901,'15',1809,,16691,2,4,,1,1,,16681,1,,,1,3,,16682,3,4,,1,2,,16695,1,,,1,94,,16687,2,4,,1,1,,16697,1,,,1,3,,16698,3,4,,1,2,,16692,1,,,1,94,,12887,2,4,,1,1,,16685,1,,,1,3,,16683,3,4,,1,2,,16690,1,,,1,94,,12688,2,4,,1,1,,16684,1,,,1,3,,16696,3,4,,1,2,,16688,1,,,1,94,,16694,2,4,,1,1,,16686,1,,,1,3,,16693,3,4,,1,2,,16689,1,,,1
20901,'7',709,,16734,2,4,,1,1,,16741,1,,,1,3,,16705,3,4,,1,2,,16723,1,,,1,94,,16709,2,4,,1,1,,14302,1,,,1,3,,16718,3,4,,1,2,,14231,1,,,1,94,,16713,2,4,,1,1,,11356,1,,,1,3,,16743,3,4,,1,2,,16719,1,,,1,94,,16733,2,4,,1,1,,16729,1,,,1,3,,16744,3,4,,1,2,,16736,1,,,1,94,,16703,2,4,,1,1,,16704,1,,,1,3,,16740,3,4,,1,2,,16716,1,,,1,94,,16742,2,4,,1,1,,16714,1,,,1,3,,16711,3,4,,1,2,,16715,1,,,1,94,,16731,2,4,,1,1,,16712,1,,,1,3,,16720,3,4,,1,2,,16745,1,,,1,94,,16726,2,4,,1,1,,16710,1,,,1,3,,16721,3,4,,1,2,,13683,1,,,1,94,,16722,2,4,,1,1,,16730,1,,,1,3,,16738,3,4,,1,2,,16727,1,,,1,94,,16749,2,4,,1,1,,16732,1,,,1,3,,16708,3,4,,1,2,,16707,1,,,1,94,,14114,2,4,,1,1,,16737,1,,,1,3,,16747,3,4,,1,2,,16699,1,,,1,94,,16724,2,4,,1,1,,16700,1,,,1,3,,16728,3,4,,1,2,,16717,1,,,1,94,,16748,2,4,,1,1,,16735,1,,,1,3,,16739,3,4,,1,2,,16701,1,,,1,94,,16746,2,4,,1,1,,16706,1,,,1,3,,16702,3,4,,1,2,,16725,1,,,1
21300,'10',1938,,16922,28,4,,1,100,,16923,28,4,,1,100,,16921,28,4,,1,100,,16920,28,4,,1
21300,'15',1938,,16926,28,4,,1,100,,16927,28,4,,1,100,,16925,28,4,,1,100,,16924,28,4,,1
21300,'7',738,,16928,28,4,,1,100,,16936,28,4,,1,100,,16939,28,4,,1,100,,16935,28,4,,1,100,,16932,28,4,,1,100,,16930,28,4,,1,100,,16938,28,4,,1,100,,16933,28,4,,1,100,,16940,28,4,,1,100,,16937,28,4,,1,100,,16929,28,4,,1,100,,16934,28,4,,1,100,,16931,28,4,,1
21301,'10',1945,,16945,1,,,1,100,,13014,1,,,1,100,,16950,1,,,1,100,,16947,1,,,1
21301,'15',1945,,16956,1,,,1,100,,16952,1,,,1,100,,16961,1,,,1,100,,16958,1,,,1
21301,'7',745,,16995,1,,,1,100,,16970,1,,,1,100,,16964,1,,,1,100,,16984,1,,,1,100,,16990,1,,,1,100,,16996,1,,,1,100,,16988,1,,,1,100,,14595,1,,,1,100,,16999,1,,,1,100,,16992,1,,,1,100,,16989,1,,,1,100,,16981,1,,,1,100,,16985,1,,,1
