11200,'14',654,,5200,10,,,1,100,,5196,10,,,1,100,,179,10,,,1,100,,5194,10,,,1,100,,1448,10,,,1,100,,5198,10,,,1,100,,2335,10,,,1,100,,5201,10,,,1,102,,5197,10,,,1,98,,5199,10,,,1,100,,5195,10,,,1
11200,'18',654,,5211,10,,,1,100,,5204,10,,,1,100,,5209,10,,,1,100,,5202,10,,,1,100,,5207,10,,,1,100,,5208,10,,,1,100,,5205,10,,,1,100,,5212,10,,,1,102,,5206,10,,,1,98,,5210,10,,,1,100,,5203,10,,,1
11200,'20',654,,5215,10,,,1,100,,5218,10,,,1,100,,5221,10,,,1,100,,5214,10,,,1,100,,1411,10,,,1,100,,5217,10,,,1,100,,2259,10,,,1,100,,5220,10,,,1,102,,5216,10,,,1,98,,5219,10,,,1,100,,5213,10,,,1
11200,'8',654,,5225,10,,,1,100,,5229,10,,,1,100,,5232,10,,,1,100,,5224,10,,,1,100,,5227,10,,,1,100,,5228,10,,,1,100,,5223,10,,,1,100,,5231,10,,,1,102,,5226,10,,,1,98,,5230,10,,,1,100,,5222,10,,,1
20300,'11',738,,6213,17,,,1,70,,6203,17,,,1,30,,2599,17,,,1,70,,6204,17,,,1,30,,6214,17,,,1,70,,6208,17,,,1,30,,6218,17,,,1,70,,1827,17,,,1,30,,6216,17,,,1,70,,6211,17,,,1,30,,6205,17,,,1,70,,6200,17,,,1,30,,6209,17,,,1,70,,6199,17,,,1,30,,6215,17,,,1,70,,6212,17,,,1,30,,6198,17,,,1,70,,6197,17,,,1,30,,6195,17,,,1,70,,6210,17,,,1,30,,6202,17,,,1,70,,6201,17,,,1,30,,6206,17,,,1,70,,6207,17,,,1,30,,6217,17,,,1,70,,6196,17,,,1,30,,6194,17,,,1
20300,'14',1908,,6223,17,,,1,30,,6225,17,,,1,70,,6219,17,,,1,30,,6220,17,,,1,70,,2607,17,,,1,30,,6226,17,,,1,70,,6222,17,,,1,30,,6224,17,,,1,70,,6221,17,,,1
20300,'18',1908,,6231,17,,,1,30,,6234,17,,,1,70,,6227,17,,,1,30,,6228,17,,,1,70,,6232,17,,,1,30,,6235,17,,,1,70,,6230,17,,,1,30,,6233,17,,,1,70,,6229,17,,,1
20300,'20',1908,,6240,17,,,1,30,,6242,17,,,1,70,,6236,17,,,1,30,,6237,17,,,1,70,,2556,17,,,1,30,,6243,17,,,1,70,,6239,17,,,1,30,,6241,17,,,1,70,,6238,17,,,1
20300,'4',738,,6264,17,,,1,70,,6254,17,,,1,30,,6267,17,,,1,70,,6255,17,,,1,30,,6265,17,,,1,70,,6259,17,,,1,30,,6270,17,,,1,70,,6249,17,,,1,30,,6268,17,,,1,70,,6262,17,,,1,30,,6256,17,,,1,70,,6251,17,,,1,30,,6260,17,,,1,70,,6250,17,,,1,30,,6266,17,,,1,70,,6263,17,,,1,30,,6248,17,,,1,70,,6247,17,,,1,30,,6245,17,,,1,70,,6261,17,,,1,30,,6253,17,,,1,70,,6252,17,,,1,30,,6257,17,,,1,70,,6258,17,,,1,30,,6269,17,,,1,70,,6246,17,,,1,30,,6244,17,,,1
20300,'8',1908,,6275,17,,,1,30,,6278,17,,,1,70,,6271,17,,,1,30,,6272,17,,,1,70,,6276,17,,,1,30,,6279,17,,,1,70,,6274,17,,,1,30,,6277,17,,,1,70,,6273,17,,,1
