11600,'14',642,,5859,10,,,1,70,,5870,10,,,1,30,,5842,10,,,1,70,,5846,10,,,1,30,,5865,10,,,1,70,,5838,10,,,1,30,,402,10,,,1,70,,5862,10,,,1,30,,5866,10,,,1,70,,5874,10,,,1,30,,5849,10,,,1,70,,5878,10,,,1,30,,5850,10,,,1,70,,5871,10,,,1,30,,5847,10,,,1,70,,5844,10,,,1,30,,5869,10,,,1,70,,5863,10,,,1,30,,5854,10,,,1,70,,627,10,,,1,30,,5843,10,,,1,70,,5851,10,,,1,30,,5839,10,,,1
11600,'18',642,,5904,10,,,1,70,,5916,10,,,1,30,,5884,10,,,1,70,,5888,10,,,1,30,,5911,10,,,1,70,,5880,10,,,1,30,,5908,10,,,1,70,,5907,10,,,1,30,,5912,10,,,1,70,,5920,10,,,1,30,,5892,10,,,1,70,,5924,10,,,1,30,,5893,10,,,1,70,,5917,10,,,1,30,,5889,10,,,1,70,,5886,10,,,1,30,,5915,10,,,1,70,,5909,10,,,1,30,,5899,10,,,1,70,,5896,10,,,1,30,,5885,10,,,1,70,,5894,10,,,1,30,,5881,10,,,1
11600,'20',642,,5947,10,,,1,70,,5958,10,,,1,30,,5930,10,,,1,70,,5934,10,,,1,30,,5953,10,,,1,70,,5926,10,,,1,30,,352,10,,,1,70,,5950,10,,,1,30,,5954,10,,,1,70,,5962,10,,,1,30,,5937,10,,,1,70,,5966,10,,,1,30,,5938,10,,,1,70,,5959,10,,,1,30,,5935,10,,,1,70,,5932,10,,,1,30,,5957,10,,,1,70,,5951,10,,,1,30,,5942,10,,,1,70,,607,10,,,1,30,,5931,10,,,1,70,,5939,10,,,1,30,,5927,10,,,1
11600,'8',642,,5992,10,,,1,70,,6004,10,,,1,30,,5972,10,,,1,70,,5976,10,,,1,30,,5999,10,,,1,70,,5968,10,,,1,30,,5996,10,,,1,70,,5995,10,,,1,30,,6000,10,,,1,70,,6008,10,,,1,30,,5980,10,,,1,70,,6012,10,,,1,30,,5981,10,,,1,70,,6005,10,,,1,30,,5977,10,,,1,70,,5974,10,,,1,30,,6003,10,,,1,70,,5997,10,,,1,30,,5987,10,,,1,70,,5984,10,,,1,30,,5973,10,,,1,70,,5982,10,,,1,30,,5969,10,,,1
21600,'11',712,,7922,10,,,1,30,,7962,10,,,1,70,,7944,10,,,1,30,,7924,10,,,1,70,,7945,10,,,1,30,,7929,10,,,1,70,,7958,10,,,1,30,,7965,10,,,1,70,,7931,10,,,1,30,,7955,10,,,1,70,,7913,10,,,1,30,,1971,10,,,1,70,,7950,10,,,1,30,,7941,10,,,1,70,,7916,10,,,1,30,,7928,10,,,1,70,,7938,10,,,1,30,,7957,10,,,1,70,,7946,10,,,1,30,,7921,10,,,1,70,,7940,10,,,1,30,,7949,10,,,1,70,,7926,10,,,1,30,,7915,10,,,1,70,,7964,10,,,1,30,,7943,10,,,1,70,,7963,10,,,1,30,,7966,10,,,1,70,,7917,10,,,1
21600,'14',1812,,7992,10,,,1,30,,7976,10,,,1,70,,7977,10,,,1,30,,7985,10,,,1,70,,7984,10,,,1,30,,7981,10,,,1,70,,7974,10,,,1,30,,7988,10,,,1,70,,7982,10,,,1,30,,7986,10,,,1,70,,7975,10,,,1,30,,7979,10,,,1
21600,'18',1812,,8016,10,,,1,30,,7999,10,,,1,70,,8000,10,,,1,30,,8009,10,,,1,70,,8008,10,,,1,30,,8005,10,,,1,70,,7997,10,,,1,30,,8012,10,,,1,70,,8006,10,,,1,30,,8010,10,,,1,70,,7998,10,,,1,30,,8002,10,,,1
21600,'20',1812,,8040,10,,,1,30,,8023,10,,,1,70,,8024,10,,,1,30,,8033,10,,,1,70,,8032,10,,,1,30,,8029,10,,,1,70,,8021,10,,,1,30,,8036,10,,,1,70,,8030,10,,,1,30,,8034,10,,,1,70,,8022,10,,,1,30,,8026,10,,,1
21600,'4',712,,8050,10,,,1,30,,8091,10,,,1,70,,8072,10,,,1,30,,8052,10,,,1,70,,8073,10,,,1,30,,8057,10,,,1,70,,8087,10,,,1,30,,8094,10,,,1,70,,8059,10,,,1,30,,8084,10,,,1,70,,8041,10,,,1,30,,8074,10,,,1,70,,8079,10,,,1,30,,8069,10,,,1,70,,8044,10,,,1,30,,8056,10,,,1,70,,8066,10,,,1,30,,8086,10,,,1,70,,8075,10,,,1,30,,8049,10,,,1,70,,8068,10,,,1,30,,8078,10,,,1,70,,8054,10,,,1,30,,8043,10,,,1,70,,8093,10,,,1,30,,8071,10,,,1,70,,8092,10,,,1,30,,8095,10,,,1,70,,8045,10,,,1
21600,'8',1812,,8122,10,,,1,30,,8105,10,,,1,70,,8106,10,,,1,30,,8115,10,,,1,70,,8114,10,,,1,30,,8111,10,,,1,70,,8103,10,,,1,30,,8118,10,,,1,70,,8112,10,,,1,30,,8116,10,,,1,70,,8104,10,,,1,30,,8108,10,,,1
