11600,'14',644,,5859,14,,,1,70,,5870,14,,,1,30,,5842,14,,,1,70,,5846,14,,,1,30,,5865,14,,,1,70,,5838,14,,,1,30,,402,14,,,1,70,,5862,14,,,1,30,,5866,14,,,1,70,,5874,14,,,1,30,,5849,14,,,1,70,,5878,14,,,1,30,,5850,14,,,1,70,,5871,14,,,1,30,,5847,14,,,1,70,,5844,14,,,1,30,,5869,14,,,1,70,,5863,14,,,1,30,,5854,14,,,1,70,,627,14,,,1,30,,5843,14,,,1,70,,5851,14,,,1,30,,5839,14,,,1
11600,'18',644,,5904,14,,,1,70,,5916,14,,,1,30,,5884,14,,,1,70,,5888,14,,,1,30,,5911,14,,,1,70,,5880,14,,,1,30,,5908,14,,,1,70,,5907,14,,,1,30,,5912,14,,,1,70,,5920,14,,,1,30,,5892,14,,,1,70,,5924,14,,,1,30,,5893,14,,,1,70,,5917,14,,,1,30,,5889,14,,,1,70,,5886,14,,,1,30,,5915,14,,,1,70,,5909,14,,,1,30,,5899,14,,,1,70,,5896,14,,,1,30,,5885,14,,,1,70,,5894,14,,,1,30,,5881,14,,,1
11600,'20',644,,5947,14,,,1,70,,5958,14,,,1,30,,5930,14,,,1,70,,5934,14,,,1,30,,5953,14,,,1,70,,5926,14,,,1,30,,352,14,,,1,70,,5950,14,,,1,30,,5954,14,,,1,70,,5962,14,,,1,30,,5937,14,,,1,70,,5966,14,,,1,30,,5938,14,,,1,70,,5959,14,,,1,30,,5935,14,,,1,70,,5932,14,,,1,30,,5957,14,,,1,70,,5951,14,,,1,30,,5942,14,,,1,70,,607,14,,,1,30,,5931,14,,,1,70,,5939,14,,,1,30,,5927,14,,,1
11600,'8',644,,5992,14,,,1,70,,6004,14,,,1,30,,5972,14,,,1,70,,5976,14,,,1,30,,5999,14,,,1,70,,5968,14,,,1,30,,5996,14,,,1,70,,5995,14,,,1,30,,6000,14,,,1,70,,6008,14,,,1,30,,5980,14,,,1,70,,6012,14,,,1,30,,5981,14,,,1,70,,6005,14,,,1,30,,5977,14,,,1,70,,5974,14,,,1,30,,6003,14,,,1,70,,5997,14,,,1,30,,5987,14,,,1,70,,5984,14,,,1,30,,5973,14,,,1,70,,5982,14,,,1,30,,5969,14,,,1
21600,'11',714,,7922,14,,,1,30,,7962,14,,,1,70,,7944,14,,,1,30,,7924,14,,,1,70,,7945,14,,,1,30,,7929,14,,,1,70,,7958,14,,,1,30,,7965,14,,,1,70,,7931,14,,,1,30,,7955,14,,,1,70,,7913,14,,,1,30,,1971,14,,,1,70,,7950,14,,,1,30,,7941,14,,,1,70,,7916,14,,,1,30,,7928,14,,,1,70,,7938,14,,,1,30,,7957,14,,,1,70,,7946,14,,,1,30,,7921,14,,,1,70,,7940,14,,,1,30,,7949,14,,,1,70,,7926,14,,,1,30,,7915,14,,,1,70,,7964,14,,,1,30,,7943,14,,,1,70,,7963,14,,,1,30,,7966,14,,,1,70,,7917,14,,,1
21600,'14',1814,,7992,14,,,1,30,,7976,14,,,1,70,,7977,14,,,1,30,,7985,14,,,1,70,,7984,14,,,1,30,,7981,14,,,1,70,,7974,14,,,1,30,,7988,14,,,1,70,,7982,14,,,1,30,,7986,14,,,1,70,,7975,14,,,1,30,,7979,14,,,1
21600,'18',1814,,8016,14,,,1,30,,7999,14,,,1,70,,8000,14,,,1,30,,8009,14,,,1,70,,8008,14,,,1,30,,8005,14,,,1,70,,7997,14,,,1,30,,8012,14,,,1,70,,8006,14,,,1,30,,8010,14,,,1,70,,7998,14,,,1,30,,8002,14,,,1
21600,'20',1814,,8040,14,,,1,30,,8023,14,,,1,70,,8024,14,,,1,30,,8033,14,,,1,70,,8032,14,,,1,30,,8029,14,,,1,70,,8021,14,,,1,30,,8036,14,,,1,70,,8030,14,,,1,30,,8034,14,,,1,70,,8022,14,,,1,30,,8026,14,,,1
21600,'4',714,,8050,14,,,1,30,,8091,14,,,1,70,,8072,14,,,1,30,,8052,14,,,1,70,,8073,14,,,1,30,,8057,14,,,1,70,,8087,14,,,1,30,,8094,14,,,1,70,,8059,14,,,1,30,,8084,14,,,1,70,,8041,14,,,1,30,,8074,14,,,1,70,,8079,14,,,1,30,,8069,14,,,1,70,,8044,14,,,1,30,,8056,14,,,1,70,,8066,14,,,1,30,,8086,14,,,1,70,,8075,14,,,1,30,,8049,14,,,1,70,,8068,14,,,1,30,,8078,14,,,1,70,,8054,14,,,1,30,,8043,14,,,1,70,,8093,14,,,1,30,,8071,14,,,1,70,,8092,14,,,1,30,,8095,14,,,1,70,,8045,14,,,1
21600,'8',1814,,8122,14,,,1,30,,8105,14,,,1,70,,8106,14,,,1,30,,8115,14,,,1,70,,8114,14,,,1,30,,8111,14,,,1,70,,8103,14,,,1,30,,8118,14,,,1,70,,8112,14,,,1,30,,8116,14,,,1,70,,8104,14,,,1,30,,8108,14,,,1
