10701,'14',620,,6707,,,1,100,,6697,,,1,30,,6673,,,1,70,,3282,,,1,30,,6682,,,1,70,,6672,,,1,100,,6678,,,1,100,,6670,,,1,100,,6713,,,1,100,,6716,,,1,100,,6685,,,1,30,,6686,,,1,70,,6684,,,1,30,,6679,,,1,70,,6717,,,1,30,,6703,,,1,70,,6708,,,1,30,,6690,,,1,70,,6688,,,1,100,,6676,,,1
10701,'18',620,,6766,,,1,100,,6755,,,1,30,,6730,,,1,70,,6759,,,1,30,,6739,,,1,70,,6729,,,1,100,,6735,,,1,100,,6727,,,1,100,,6773,,,1,100,,6776,,,1,100,,6742,,,1,30,,6743,,,1,70,,6741,,,1,30,,6736,,,1,70,,6777,,,1,30,,6763,,,1,70,,6768,,,1,30,,6747,,,1,70,,6745,,,1,100,,6733,,,1
10701,'20',620,,6824,,,1,100,,6814,,,1,30,,6790,,,1,70,,3251,,,1,30,,6799,,,1,70,,6789,,,1,100,,6795,,,1,100,,6787,,,1,100,,6830,,,1,100,,6833,,,1,100,,6802,,,1,30,,6803,,,1,70,,6801,,,1,30,,6796,,,1,70,,6834,,,1,30,,6820,,,1,70,,6825,,,1,30,,6807,,,1,70,,6805,,,1,100,,6793,,,1
10701,'8',620,,6883,,,1,100,,6872,,,1,30,,6847,,,1,70,,6876,,,1,30,,6856,,,1,70,,6846,,,1,100,,6852,,,1,100,,6844,,,1,100,,6890,,,1,100,,6893,,,1,100,,6859,,,1,30,,6860,,,1,70,,6858,,,1,30,,6853,,,1,70,,6894,,,1,30,,6880,,,1,70,,6885,,,1,30,,6864,,,1,70,,6862,,,1,100,,6850,,,1
11001,'14',618,,7451,,,1,30,,7433,,,1,70,,7432,,,1,30,,3352,,,1,70,,7440,,,1,30,,7435,,,1,70,,7439,,,1,30,,7447,,,1,70,,7444,,,1,30,,7446,,,1,70,,7436,,,1,30,,7437,,,1,70,,7445,,,1,30,,7438,,,1,70,,7434,,,1,30,,7442,,,1,70,,7450,,,1,30,,7449,,,1,70,,7431,,,1,30,,7429,,,1,70,,7441,,,1,30,,7443,,,1,70,,7430,,,1,30,,531,,,1,70,,7448,,,1
11001,'18',618,,7476,,,1,30,,7457,,,1,70,,7456,,,1,30,,7464,,,1,70,,7465,,,1,30,,7459,,,1,70,,7463,,,1,30,,7472,,,1,70,,7469,,,1,30,,7471,,,1,70,,7460,,,1,30,,7461,,,1,70,,7470,,,1,30,,7462,,,1,70,,7458,,,1,30,,7467,,,1,70,,7475,,,1,30,,7474,,,1,70,,7455,,,1,30,,7453,,,1,70,,7466,,,1,30,,7468,,,1,70,,7454,,,1,30,,7452,,,1,70,,7473,,,1
11001,'20',618,,7499,,,1,30,,7482,,,1,70,,7481,,,1,30,,3317,,,1,70,,7488,,,1,30,,3847,,,1,70,,7487,,,1,30,,7495,,,1,70,,7492,,,1,30,,7494,,,1,70,,7484,,,1,30,,7485,,,1,70,,7493,,,1,30,,7486,,,1,70,,7483,,,1,30,,7490,,,1,70,,7498,,,1,30,,7497,,,1,70,,7480,,,1,30,,7478,,,1,70,,7489,,,1,30,,7491,,,1,70,,7479,,,1,30,,7477,,,1,70,,7496,,,1
11001,'8',618,,7524,,,1,30,,7505,,,1,70,,7504,,,1,30,,7512,,,1,70,,7513,,,1,30,,7507,,,1,70,,7511,,,1,30,,7520,,,1,70,,7517,,,1,30,,7519,,,1,70,,7508,,,1,30,,7509,,,1,70,,7518,,,1,30,,7510,,,1,70,,7506,,,1,30,,7515,,,1,70,,7523,,,1,30,,7522,,,1,70,,7503,,,1,30,,7501,,,1,70,,7514,,,1,30,,7516,,,1,70,,7502,,,1,30,,7500,,,1,70,,7521,,,1
21001,'11',718,,9929,,,1,30,,9922,,,1,70,,9930,,,1,30,,9919,,,1,70,,9937,,,1,30,,9938,,,1,70,,9918,,,1,30,,9923,,,1,70,,5117,,,1,30,,9940,,,1,70,,9927,,,1,30,,9934,,,1,70,,9941,,,1,30,,4579,,,1,70,,9924,,,1,30,,9920,,,1,70,,9925,,,1,30,,9942,,,1,70,,5143,,,1,30,,9932,,,1,70,,9933,,,1,30,,9935,,,1,70,,9926,,,1,30,,9939,,,1,70,,9921,,,1,30,,9936,,,1,70,,9928,,,1,30,,9931,,,1
21001,'14',1848,,9943,,,1,70,,9946,,,1,30,,9947,,,1,70,,9950,,,1,30,,9944,,,1,70,,9951,,,1,30,,9948,,,1,70,,9949,,,1,30,,9952,,,1,70,,9945,,,1
21001,'18',1848,,9953,,,1,70,,9956,,,1,30,,9957,,,1,70,,9960,,,1,30,,9954,,,1,70,,9961,,,1,30,,9958,,,1,70,,9959,,,1,30,,9962,,,1,70,,9955,,,1
21001,'20',1848,,9963,,,1,70,,9966,,,1,30,,9967,,,1,70,,9970,,,1,30,,9964,,,1,70,,9971,,,1,30,,9968,,,1,70,,9969,,,1,30,,9972,,,1,70,,9965,,,1
21001,'4',718,,9985,,,1,30,,9977,,,1,70,,9986,,,1,30,,9974,,,1,70,,9993,,,1,30,,9994,,,1,70,,9973,,,1,30,,9978,,,1,70,,9981,,,1,30,,9998,,,1,70,,9983,,,1,30,,9990,,,1,70,,9999,,,1,30,,9995,,,1,70,,9979,,,1,30,,9975,,,1,70,,9980,,,1,30,,10000,,,1,70,,9997,,,1,30,,9988,,,1,70,,9989,,,1,30,,9991,,,1,70,,9982,,,1,30,,9996,,,1,70,,9976,,,1,30,,9992,,,1,70,,9984,,,1,30,,9987,,,1
21001,'8',1848,,10001,,,1,70,,10004,,,1,30,,10005,,,1,70,,10008,,,1,30,,10002,,,1,70,,10009,,,1,30,,10006,,,1,70,,10007,,,1,30,,10010,,,1,70,,10003,,,1
