11301,'14',601,,5462,1,,,1,100,,5486,1,,,1,100,,5494,1,,,1,100,,5480,1,,,1,100,,5478,4,4,,1,100,,5488,1,,,1,100,,5460,4,4,,1,100,,5468,1,,,1,100,,5493,1,,,1,100,,1554,4,4,,1,100,,5481,1,,,1,100,,5470,1,,,1,100,,5492,4,4,,1,100,,5469,1,,,1
11301,'18',601,,5499,1,,,1,100,,5527,1,,,1,100,,5535,1,,,1,100,,5519,1,,,1,100,,5509,1,,,1,100,,5529,1,,,1,100,,5497,4,4,,1,100,,5521,4,4,,1,100,,5530,4,4,,1,100,,5511,1,,,1,100,,5505,4,4,,1,100,,5508,1,,,1,100,,5533,4,4,,1,100,,5526,4,4,,1
11301,'20',601,,5539,1,,,1,100,,5559,1,,,1,100,,5573,1,,,1,100,,5551,1,,,1,100,,5544,1,,,1,100,,5561,1,,,1,100,,5538,4,4,,1,100,,5558,1,,,1,100,,5572,1,,,1,100,,5557,1,,,1,100,,5536,1,,,1,100,,5554,1,,,1,100,,5563,1,,,1,100,,5555,4,4,,1
11301,'8',601,,5577,1,,,1,100,,5600,1,,,1,100,,5614,1,,,1,100,,5591,1,,,1,100,,5583,1,,,1,100,,5602,1,,,1,100,,5576,4,4,,1,100,,5599,1,,,1,100,,5613,1,,,1,100,,5584,4,4,,1,100,,5574,1,,,1,100,,5595,1,,,1,100,,5590,4,4,,1,100,,5596,4,4,,1
21301,'11',700,,7714,4,4,,1,1,,7731,1,,,1,99,,7708,4,4,,1,1,,7735,1,,,1,99,,1834,4,4,,1,1,,7715,1,,,1,99,,7717,4,4,,1,1,,7716,1,,,1,99,,7713,4,4,,1,1,,7723,1,,,1,99,,7728,4,4,,1,1,,7721,1,,,1,99,,7733,4,4,,1,1,,7703,1,,,1,99,,7707,4,4,,1,1,,7702,1,,,1,99,,7704,4,4,,1,1,,7719,1,,,1,99,,7739,4,4,,1,1,,7724,1,,,1,99,,7718,4,4,,1,1,,7722,1,,,1,99,,7740,4,4,,1,1,,7727,1,,,1,99,,7736,4,4,,1,1,,7729,1,,,1,99,,7737,4,4,,1
21301,'14',2000,,7745,4,4,,1,1,,7746,1,,,1,99,,7741,4,4,,1,1,,1745,1,,,1,99,,7742,4,4,,1,1,,7748,1,,,1,99,,7744,4,4,,1
21301,'18',2000,,7755,4,4,,1,1,,7756,1,,,1,99,,7751,4,4,,1,1,,7758,1,,,1,99,,7752,4,4,,1,1,,7759,1,,,1,99,,7754,4,4,,1
21301,'20',2000,,7766,4,4,,1,1,,7767,1,,,1,99,,7762,4,4,,1,1,,1697,1,,,1,99,,7763,4,4,,1,1,,7769,1,,,1,99,,7765,4,4,,1
21301,'4',700,,7784,4,4,,1,1,,7802,1,,,1,99,,7778,4,4,,1,1,,7806,1,,,1,99,,7793,4,4,,1,1,,7785,1,,,1,99,,7787,4,4,,1,1,,7786,1,,,1,99,,7783,4,4,,1,1,,7794,1,,,1,99,,7799,4,4,,1,1,,7791,1,,,1,99,,7804,4,4,,1,1,,7773,1,,,1,99,,7777,4,4,,1,1,,7772,1,,,1,99,,7774,4,4,,1,1,,7789,1,,,1,99,,7810,4,4,,1,1,,7795,1,,,1,99,,7788,4,4,,1,1,,7792,1,,,1,99,,7811,4,4,,1,1,,7798,1,,,1,99,,7807,4,4,,1,1,,7800,1,,,1,99,,7808,4,4,,1
21301,'8',2000,,7816,4,4,,1,1,,7817,1,,,1,99,,7812,4,4,,1,1,,7819,1,,,1,99,,7813,4,4,,1,1,,7820,1,,,1,99,,7815,4,4,,1
