10100,'12',701,,8325,3,,,1,30,,8324,3,,,1,70,,8334,3,,,1,30,,3120,3,,,1,70,,8326,3,,,1,30,,8327,3,,,1,70,,8333,3,,,1,100,,8322,3,,,1,100,,8336,3,,,1,100,,8335,3,,,1,100,,5276,3,,,1,100,,8332,3,,,1,30,,8330,3,,,1,70,,8328,3,,,1,30,,8337,3,,,1,70,,8331,3,,,1,30,,8329,3,,,1,70,,8323,3,,,1
10100,'5',701,,8343,3,,,1,30,,8342,3,,,1,70,,8352,3,,,1,30,,8341,3,,,1,70,,8344,3,,,1,30,,8345,3,,,1,70,,8351,3,,,1,100,,8338,3,,,1,100,,8354,3,,,1,100,,8353,3,,,1,100,,8340,3,,,1,100,,8350,3,,,1,30,,8348,3,,,1,70,,8346,3,,,1,30,,8355,3,,,1,70,,8349,3,,,1,30,,8347,3,,,1,70,,8339,3,,,1
10100,'9',701,,8358,3,,,1,30,,8357,3,,,1,70,,8367,3,,,1,30,,3012,3,,,1,70,,8359,3,,,1,30,,8360,3,,,1,70,,8366,3,,,1,100,,5004,3,,,1,100,,8369,3,,,1,100,,8368,3,,,1,100,,5234,3,,,1,100,,8365,3,,,1,30,,8363,3,,,1,70,,8361,3,,,1,30,,8370,3,,,1,70,,8364,3,,,1,30,,8362,3,,,1,70,,8356,3,,,1
10600,'12',637,,9122,3,,,1,100,,9120,3,,,1,70,,9127,3,,,1,30,,9130,3,,,1,70,,6107,3,,,1,30,,9121,3,,,1,100,,9119,3,,,1,100,,9129,3,,,1,100,,9124,3,,,1,100,,9123,3,,,1,100,,9126,3,,,1,70,,5402,3,,,1,30,,9118,3,,,1,70,,4049,3,,,1,29,,9125,3,,,1,71,,3333,3,,,1,29,,9128,3,,,1
10600,'5',637,,9136,3,,,1,100,,9134,3,,,1,70,,9144,3,,,1,30,,9147,3,,,1,70,,9131,3,,,1,30,,9135,3,,,1,100,,9133,3,,,1,100,,9146,3,,,1,100,,9138,3,,,1,100,,9137,3,,,1,100,,9143,3,,,1,70,,9141,3,,,1,30,,9132,3,,,1,70,,9139,3,,,1,29,,9142,3,,,1,71,,9140,3,,,1,29,,9145,3,,,1
10600,'9',637,,9152,3,,,1,100,,9150,3,,,1,70,,9158,3,,,1,30,,9161,3,,,1,70,,6017,3,,,1,30,,9151,3,,,1,100,,9149,3,,,1,100,,9160,3,,,1,100,,9154,3,,,1,100,,9153,3,,,1,100,,9157,3,,,1,70,,5335,3,,,1,30,,9148,3,,,1,70,,4011,3,,,1,29,,9156,3,,,1,71,,9155,3,,,1,29,,9159,3,,,1
20600,'12',1805,,11125,3,,,1,31,,11116,3,,,1,70,,11120,3,,,1,29,,11122,3,,,1,70,,11119,3,,,1,30,,11117,3,,,1,71,,11118,3,,,1,30,,11124,3,,,1,70,,11123,3,,,1,30,,11121,3,,,1
20600,'5',1805,,11134,3,,,1,31,,11126,3,,,1,70,,11135,3,,,1,29,,11131,3,,,1,70,,11129,3,,,1,30,,11127,3,,,1,71,,11128,3,,,1,30,,11133,3,,,1,70,,11132,3,,,1,30,,11130,3,,,1
20600,'7',736,,11158,3,,,1,70,,11155,3,,,1,30,,11156,3,,,1,70,,11137,3,,,1,30,,11147,3,,,1,70,,11138,3,,,1,30,,11149,3,,,1,69,,6301,3,,,1,31,,11150,3,,,1,70,,11144,3,,,1,30,,11139,3,,,1,70,,11160,3,,,1,30,,11159,3,,,1,69,,11153,3,,,1,31,,11141,3,,,1,70,,11154,3,,,1,30,,11140,3,,,1,70,,11136,3,,,1,30,,11146,3,,,1,70,,11145,3,,,1,30,,11148,3,,,1,70,,11151,3,,,1,29,,11143,3,,,1,71,,11152,3,,,1,30,,11157,3,,,1,70,,11142,3,,,1
20600,'9',1805,,11168,3,,,1,31,,11161,3,,,1,70,,11169,3,,,1,29,,11165,3,,,1,70,,11163,3,,,1,30,,11162,3,,,1,71,,4514,3,,,1,30,,11167,3,,,1,70,,11166,3,,,1,30,,11164,3,,,1
