10100,'10',708,,14638,15,,,1,30,,14639,15,,,1,70,,14636,15,,,1,30,,14640,15,,,1,70,,14634,15,,,1,30,,14643,15,,,1,70,,14633,15,,,1,100,,14632,15,,,1,100,,14635,15,,,1,100,,14644,15,,,1,100,,14628,15,,,1,100,,14631,15,,,1,30,,12078,15,,,1,70,,14629,15,,,1,30,,14641,15,,,1,70,,14637,15,,,1,30,,14630,15,,,1,70,,14642,15,,,1
10100,'15',708,,14655,15,,,1,30,,14656,15,,,1,70,,14653,15,,,1,30,,14657,15,,,1,70,,14651,15,,,1,30,,14660,15,,,1,70,,14650,15,,,1,100,,14649,15,,,1,100,,14652,15,,,1,100,,14661,15,,,1,100,,14645,15,,,1,100,,14648,15,,,1,30,,12131,15,,,1,70,,14646,15,,,1,30,,14658,15,,,1,70,,14654,15,,,1,30,,14647,15,,,1,70,,14659,15,,,1
11100,'10',606,,13531,10,,,1,30,,15654,10,,,1,70,,15666,10,,,1,30,,15665,10,,,1,70,,15667,10,,,1,30,,15660,10,,,1,70,,15656,10,,,1,30,,15647,10,,,1,70,,15651,10,,,1,30,,15663,10,,,1,70,,15658,10,,,1,30,,15652,10,,,1,70,,15657,10,,,1,30,,15650,10,,,1,70,,15664,10,,,1,30,,15662,10,,,1,70,,15659,10,,,1,30,,14537,10,,,1,70,,13744,10,,,1,30,,15655,10,,,1,70,,15661,10,,,1,30,,15646,10,,,1,70,,15648,10,,,1,30,,13077,10,,,1,70,,15649,10,,,1,30,,15653,10,,,1
11100,'15',606,,13577,10,,,1,30,,15675,10,,,1,70,,15687,10,,,1,30,,15686,10,,,1,70,,15689,10,,,1,30,,15679,10,,,1,70,,15676,10,,,1,30,,15668,10,,,1,70,,15672,10,,,1,30,,15685,10,,,1,70,,15678,10,,,1,30,,15682,10,,,1,70,,15688,10,,,1,30,,15671,10,,,1,70,,15683,10,,,1,30,,15669,10,,,1,70,,12262,10,,,1,30,,14559,10,,,1,70,,15684,10,,,1,30,,15681,10,,,1,70,,12221,10,,,1,30,,15674,10,,,1,70,,15670,10,,,1,30,,15673,10,,,1,70,,15680,10,,,1,30,,15677,10,,,1
20300,'10',1906,,16219,11,,,1,30,,16225,11,,,1,70,,16221,11,,,1,30,,16220,11,,,1,70,,16218,11,,,1,30,,16222,11,,,1,70,,16226,11,,,1,30,,16224,11,,,1,70,,16223,11,,,1
20300,'15',1906,,16229,11,,,1,30,,16234,11,,,1,70,,16227,11,,,1,30,,16230,11,,,1,70,,16228,11,,,1,30,,16231,11,,,1,70,,16235,11,,,1,30,,16233,11,,,1,70,,16232,11,,,1
20300,'7',736,,16236,11,,,1,70,,16262,11,,,1,30,,16260,11,,,1,70,,16257,11,,,1,30,,16240,11,,,1,70,,16254,11,,,1,30,,16256,11,,,1,70,,16242,11,,,1,30,,16245,11,,,1,70,,16247,11,,,1,30,,16249,11,,,1,70,,16238,11,,,1,30,,16243,11,,,1,70,,16258,11,,,1,30,,16250,11,,,1,70,,16239,11,,,1,30,,16241,11,,,1,70,,16246,11,,,1,30,,16252,11,,,1,70,,16244,11,,,1,30,,16261,11,,,1,70,,16251,11,,,1,30,,16255,11,,,1,70,,16253,11,,,1,30,,16248,11,,,1,70,,16237,11,,,1,30,,16259,11,,,1
21100,'10',1906,,16842,10,,,1,30,,16837,10,,,1,70,,16843,10,,,1,30,,16844,10,,,1,70,,12938,10,,,1,30,,16841,10,,,1,70,,16838,10,,,1,30,,16839,10,,,1,70,,16840,10,,,1
21100,'15',1906,,13405,10,,,1,30,,16845,10,,,1,70,,16850,10,,,1,30,,16851,10,,,1,70,,12958,10,,,1,30,,16849,10,,,1,70,,16846,10,,,1,30,,16847,10,,,1,70,,16848,10,,,1
21100,'7',736,,16852,10,,,1,70,,16855,10,,,1,30,,16862,10,,,1,70,,16867,10,,,1,30,,16858,10,,,1,70,,16875,10,,,1,30,,14104,10,,,1,70,,16876,10,,,1,30,,16872,10,,,1,70,,16870,10,,,1,30,,16854,10,,,1,70,,16866,10,,,1,30,,16871,10,,,1,70,,16868,10,,,1,30,,16869,10,,,1,70,,16856,10,,,1,30,,16861,10,,,1,70,,16865,10,,,1,30,,16873,10,,,1,70,,16853,10,,,1,30,,16874,10,,,1,70,,16857,10,,,1,30,,16859,10,,,1,70,,16864,10,,,1,30,,16877,10,,,1,70,,16863,10,,,1,30,,16860,10,,,1
