11300,'14',635,,5334,24,,,1,100,,5322,24,,,1,100,,5344,24,,,1,100,,5319,24,,,1,100,,5320,24,,,1,100,,5316,24,,,1,100,,5324,24,,,1,100,,5338,24,,,1,100,,390,24,,,1,100,,5343,24,,,1,100,,5317,24,,,1,100,,5331,24,,,1,100,,5347,24,,,1
11300,'18',635,,5372,24,,,1,100,,5357,24,,,1,100,,5383,24,,,1,100,,5354,24,,,1,100,,5355,24,,,1,100,,5350,24,,,1,100,,5359,24,,,1,100,,5377,24,,,1,100,,5367,24,,,1,100,,5382,24,,,1,100,,5351,24,,,1,100,,5368,24,,,1,100,,5386,24,,,1
11300,'20',635,,5401,24,,,1,100,,5394,24,,,1,100,,5415,24,,,1,100,,5391,24,,,1,100,,5392,24,,,1,100,,5389,24,,,1,100,,1908,24,,,1,100,,5409,24,,,1,100,,5407,24,,,1,100,,5400,24,,,1,100,,5405,24,,,1,100,,5404,24,,,1,100,,2442,24,,,1
11300,'8',635,,5436,24,,,1,100,,5425,24,,,1,100,,5454,24,,,1,100,,5422,24,,,1,100,,5423,24,,,1,100,,5420,24,,,1,100,,5431,24,,,1,100,,5447,24,,,1,100,,5444,24,,,1,100,,5434,24,,,1,100,,5442,24,,,1,100,,5440,24,,,1,100,,5429,24,,,1
21300,'11',734,,1839,24,,,1,100,,7664,24,,,1,100,,7674,24,,,1,100,,7672,24,,,1,100,,7668,24,,,1,100,,7666,24,,,1,100,,7667,24,,,1,100,,7669,24,,,1,100,,7663,24,,,1,100,,7673,24,,,1,100,,7671,24,,,1,100,,7665,24,,,1,100,,7670,24,,,1
21300,'14',1934,,7676,24,,,1,100,,7677,24,,,1,100,,7675,24,,,1,100,,2747,24,,,1
21300,'18',1934,,7680,24,,,1,100,,7681,24,,,1,100,,7679,24,,,1,100,,7678,24,,,1
21300,'20',1934,,7683,24,,,1,100,,7684,24,,,1,100,,7682,24,,,1,100,,2665,24,,,1
21300,'4',734,,7688,24,,,1,100,,7686,24,,,1,100,,7697,24,,,1,100,,7695,24,,,1,100,,7691,24,,,1,100,,7689,24,,,1,100,,7690,24,,,1,100,,7692,24,,,1,100,,7685,24,,,1,100,,7696,24,,,1,100,,7694,24,,,1,100,,7687,24,,,1,100,,7693,24,,,1
21300,'8',1934,,7700,24,,,1,100,,7701,24,,,1,100,,7699,24,,,1,100,,7698,24,,,1
