10100,'14',710,,1428,,,1,30,,5391,,,1,70,,4302,,,1,30,,5395,,,1,70,,5392,,,1,30,,5403,,,1,70,,5401,,,1,100,,5396,,,1,100,,5404,,,1,100,,5400,,,1,100,,5399,,,1,100,,5390,,,1,30,,5398,,,1,70,,5402,,,1,30,,5405,,,1,70,,5393,,,1,30,,5394,,,1,70,,5397,,,1
10100,'18',710,,5413,,,1,30,,5407,,,1,70,,5418,,,1,30,,5411,,,1,70,,5408,,,1,30,,5421,,,1,70,,5419,,,1,100,,5412,,,1,100,,5422,,,1,100,,5417,,,1,100,,5416,,,1,100,,5406,,,1,30,,5415,,,1,70,,5420,,,1,30,,5423,,,1,70,,5409,,,1,30,,5410,,,1,70,,5414,,,1
10100,'20',710,,1385,,,1,30,,5425,,,1,70,,4262,,,1,30,,5429,,,1,70,,5426,,,1,30,,5437,,,1,70,,5435,,,1,100,,5430,,,1,100,,5438,,,1,100,,5434,,,1,100,,5433,,,1,100,,5424,,,1,30,,5432,,,1,70,,5436,,,1,30,,5439,,,1,70,,5427,,,1,30,,5428,,,1,70,,5431,,,1
10100,'8',710,,5447,,,1,30,,5441,,,1,70,,5452,,,1,30,,5445,,,1,70,,5442,,,1,30,,5455,,,1,70,,5453,,,1,100,,5446,,,1,100,,5456,,,1,100,,5451,,,1,100,,5450,,,1,100,,5440,,,1,30,,5449,,,1,70,,5454,,,1,30,,5457,,,1,70,,5443,,,1,30,,5444,,,1,70,,5448,,,1
10101,'14',638,,3000,,,1,70,,5462,,,1,30,,5473,,,1,70,,5468,,,1,30,,5386,,,1,70,,5467,,,1,30,,5471,,,1,100,,5466,,,1,100,,5460,,,1,100,,5463,,,1,100,,5464,,,1,101,,5461,,,1,70,,5470,,,1,30,,5459,,,1,70,,5465,,,1,30,,5469,,,1,70,,5472,,,1,30,,5458,,,1
10101,'18',638,,5479,,,1,70,,5478,,,1,30,,5491,,,1,70,,5485,,,1,30,,5486,,,1,70,,5484,,,1,30,,5489,,,1,100,,5483,,,1,100,,5476,,,1,100,,5480,,,1,100,,5481,,,1,101,,5477,,,1,70,,5488,,,1,30,,5475,,,1,70,,5482,,,1,30,,5487,,,1,70,,5490,,,1,30,,5474,,,1
10101,'20',638,,2951,,,1,70,,5496,,,1,30,,5507,,,1,70,,5502,,,1,30,,5314,,,1,70,,5501,,,1,30,,5505,,,1,100,,5500,,,1,100,,5494,,,1,100,,5497,,,1,100,,5498,,,1,101,,5495,,,1,70,,5504,,,1,30,,5493,,,1,70,,5499,,,1,30,,5503,,,1,70,,5506,,,1,30,,5492,,,1
10101,'8',638,,5513,,,1,70,,5512,,,1,30,,5525,,,1,70,,5519,,,1,30,,5520,,,1,70,,5518,,,1,30,,5523,,,1,100,,5517,,,1,100,,5510,,,1,100,,5514,,,1,100,,5515,,,1,101,,5511,,,1,70,,5522,,,1,30,,5509,,,1,70,,5516,,,1,30,,5521,,,1,70,,5524,,,1,30,,5508,,,1
10300,'14',645,,5756,,,1,100,,5753,,,1,70,,5750,,,1,30,,5758,,,1,70,,5752,,,1,30,,5755,,,1,70,,5745,,,1,30,,3538,,,1,100,,4209,,,1,100,,5743,,,1,100,,5744,,,1,100,,5751,,,1,100,,5757,,,1,70,,5747,,,1,30,,5746,,,1,70,,5754,,,1,30,,5748,,,1,70,,5749,,,1,30,,4137,,,1
10300,'18',645,,5775,,,1,100,,5772,,,1,70,,5768,,,1,30,,5777,,,1,70,,5771,,,1,30,,5774,,,1,70,,5761,,,1,30,,5769,,,1,100,,5765,,,1,100,,5759,,,1,100,,5760,,,1,100,,5770,,,1,100,,5776,,,1,70,,5763,,,1,30,,5762,,,1,70,,5773,,,1,30,,5764,,,1,70,,5766,,,1,30,,5767,,,1
10300,'20',645,,5791,,,1,100,,5788,,,1,70,,5781,,,1,30,,5793,,,1,70,,5785,,,1,30,,5790,,,1,70,,5786,,,1,30,,3489,,,1,100,,4177,,,1,100,,5778,,,1,100,,5779,,,1,100,,5787,,,1,100,,5792,,,1,70,,5782,,,1,30,,5780,,,1,70,,5789,,,1,30,,5783,,,1,70,,5784,,,1,30,,4126,,,1
10300,'8',645,,5810,,,1,100,,5807,,,1,70,,5797,,,1,30,,5812,,,1,70,,5803,,,1,30,,5809,,,1,70,,5805,,,1,30,,5804,,,1,100,,5800,,,1,100,,5794,,,1,100,,5795,,,1,100,,5806,,,1,100,,5811,,,1,70,,5798,,,1,30,,5796,,,1,70,,5808,,,1,30,,5799,,,1,70,,5801,,,1,30,,5802,,,1
10301,'14',606,,5829,,,1,100,,2889,,,1,30,,5830,,,1,70,,5820,,,1,30,,5824,,,1,70,,5826,,,1,30,,5818,,,1,70,,5815,,,1,100,,5813,,,1,100,,5817,,,1,100,,5825,,,1,100,,5814,,,1,100,,5816,,,1,30,,5822,,,1,70,,5823,,,1,30,,3342,,,1,70,,5827,,,1,30,,5828,,,1,70,,5819,,,1,30,,5821,,,1
10301,'18',606,,5849,,,1,100,,5836,,,1,30,,5850,,,1,70,,5840,,,1,30,,5844,,,1,70,,5846,,,1,30,,5838,,,1,70,,5833,,,1,100,,5831,,,1,100,,5837,,,1,100,,5845,,,1,100,,5832,,,1,100,,5834,,,1,30,,5842,,,1,70,,5843,,,1,30,,5835,,,1,70,,5847,,,1,30,,5848,,,1,70,,5839,,,1,30,,5841,,,1
10301,'20',606,,5866,,,1,100,,2872,,,1,30,,5856,,,1,70,,5857,,,1,30,,5867,,,1,70,,5862,,,1,30,,5863,,,1,70,,5853,,,1,100,,5851,,,1,100,,5855,,,1,100,,5861,,,1,100,,5852,,,1,100,,5854,,,1,30,,5859,,,1,70,,5860,,,1,30,,3307,,,1,70,,5864,,,1,30,,5865,,,1,70,,3853,,,1,30,,5858,,,1
10301,'8',606,,5886,,,1,100,,5873,,,1,30,,5875,,,1,70,,5877,,,1,30,,5887,,,1,70,,5882,,,1,30,,5883,,,1,70,,5870,,,1,100,,5868,,,1,100,,5874,,,1,100,,5881,,,1,100,,5869,,,1,100,,5871,,,1,30,,5879,,,1,70,,5880,,,1,30,,5872,,,1,70,,5884,,,1,30,,5885,,,1,70,,5876,,,1,30,,5878,,,1
11200,'14',649,,7723,,,1,100,,7719,,,1,100,,3024,,,1,100,,7717,,,1,100,,4118,,,1,100,,7721,,,1,100,,4903,,,1,100,,7724,,,1,101,,7720,,,1,99,,7722,,,1,100,,7718,,,1
11200,'18',649,,7734,,,1,100,,7727,,,1,100,,7732,,,1,100,,7725,,,1,100,,7730,,,1,100,,7731,,,1,100,,7728,,,1,100,,7735,,,1,101,,7729,,,1,99,,7733,,,1,100,,7726,,,1
11200,'20',649,,7738,,,1,100,,7741,,,1,100,,7744,,,1,100,,7737,,,1,100,,4086,,,1,100,,7740,,,1,100,,4837,,,1,100,,7743,,,1,101,,7739,,,1,99,,7742,,,1,100,,7736,,,1
11200,'8',649,,7748,,,1,100,,7752,,,1,100,,7755,,,1,100,,7747,,,1,100,,7750,,,1,100,,7751,,,1,100,,7746,,,1,100,,7754,,,1,101,,7749,,,1,99,,7753,,,1,100,,7745,,,1
11201,'14',731,,7761,,,1,100,,7760,,,1,100,,7765,,,1,100,,7756,,,1,100,,132,,,1,100,,7766,,,1,100,,7757,,,1,100,,7758,,,1,100,,7771,,,1,100,,7762,,,1,100,,7767,,,1
11201,'18',731,,7782,,,1,100,,7781,,,1,100,,7786,,,1,100,,7774,,,1,100,,7775,,,1,100,,7787,,,1,100,,7776,,,1,100,,7777,,,1,100,,7793,,,1,100,,7783,,,1,100,,7788,,,1
11201,'20',731,,7813,,,1,100,,7797,,,1,100,,7815,,,1,100,,7796,,,1,100,,7798,,,1,100,,7806,,,1,100,,7799,,,1,100,,7800,,,1,100,,7810,,,1,100,,7802,,,1,100,,7807,,,1
11201,'8',731,,7835,,,1,100,,7817,,,1,100,,7837,,,1,100,,7816,,,1,100,,7818,,,1,100,,7827,,,1,100,,7819,,,1,100,,7820,,,1,100,,7832,,,1,100,,7823,,,1,100,,7828,,,1
20300,'11',745,,8736,,,1,70,,8726,,,1,30,,5142,,,1,70,,8727,,,1,30,,8737,,,1,70,,8731,,,1,30,,8741,,,1,70,,4446,,,1,30,,8739,,,1,70,,8734,,,1,30,,8728,,,1,70,,8723,,,1,30,,8732,,,1,70,,8722,,,1,30,,8738,,,1,70,,8735,,,1,30,,8721,,,1,70,,8720,,,1,30,,8718,,,1,70,,8733,,,1,30,,8725,,,1,70,,8724,,,1,30,,8729,,,1,70,,8730,,,1,30,,8740,,,1,70,,8719,,,1,30,,8717,,,1
20300,'14',1915,,8746,,,1,30,,8748,,,1,70,,8742,,,1,30,,8743,,,1,70,,5149,,,1,30,,8749,,,1,70,,8745,,,1,30,,8747,,,1,70,,8744,,,1
20300,'18',1915,,8754,,,1,30,,8757,,,1,70,,8750,,,1,30,,8751,,,1,70,,8755,,,1,30,,8758,,,1,70,,8753,,,1,30,,8756,,,1,70,,8752,,,1
20300,'20',1915,,8763,,,1,30,,8765,,,1,70,,8759,,,1,30,,8760,,,1,70,,5101,,,1,30,,8766,,,1,70,,8762,,,1,30,,8764,,,1,70,,8761,,,1
20300,'4',745,,8787,,,1,70,,8777,,,1,30,,8790,,,1,70,,8778,,,1,30,,8788,,,1,70,,8782,,,1,30,,8793,,,1,70,,8772,,,1,30,,8791,,,1,70,,8785,,,1,30,,8779,,,1,70,,8774,,,1,30,,8783,,,1,70,,8773,,,1,30,,8789,,,1,70,,8786,,,1,30,,8771,,,1,70,,8770,,,1,30,,8768,,,1,70,,8784,,,1,30,,8776,,,1,70,,8775,,,1,30,,8780,,,1,70,,8781,,,1,30,,8792,,,1,70,,8769,,,1,30,,8767,,,1
20300,'8',1915,,8798,,,1,30,,8801,,,1,70,,8794,,,1,30,,8795,,,1,70,,8799,,,1,30,,8802,,,1,70,,8797,,,1,30,,8800,,,1,70,,8796,,,1
20301,'11',704,,8825,0,9 3 10,1,30,,8820,0,9 3 10,1,70,,8812,0,9 3 10,1,30,,8806,0,9 3 10,1,70,,8815,0,9 3 10,1,30,,8810,0,9 3 10,1,70,,8807,0,9 3 10,1,30,,8814,0,9 3 10,1,70,,8809,0,9 3 10,1,30,,8826,0,9 3 10,1,70,,8805,0,9 3 10,1,30,,5010,0,9 3 10,1,70,,8804,0,9 3 10,1,30,,8817,0,9 3 10,1,70,,8821,0,9 3 10,1,30,,8823,0,9 3 10,1,70,,8811,0,9 3 10,1,30,,8808,0,9 3 10,1,70,,8818,0,9 3 10,1,30,,8827,0,9 3 10,1,70,,2164,0,9 3 10,1,30,,8822,0,9 3 10,1,70,,4859,0,9 3 10,1,30,,8824,0,9 3 10,1,70,,8816,0,9 3 10,1,30,,8813,0,9 3 10,1,70,,8819,0,9 3 10,1,30,,8803,0,9 3 10,1
20301,'14',1904,,3667,0,9 3 10,1,30,,8831,0,9 3 10,1,70,,8834,0,9 3 10,1,30,,8836,0,9 3 10,1,70,,8829,0,9 3 10,1,30,,8828,0,9 3 10,1,70,,8833,0,9 3 10,1,30,,8832,0,9 3 10,1,70,,8835,0,9 3 10,1,30,,8830,0,9 3 10,1
20301,'18',1904,,8842,0,9 3 10,1,30,,8840,0,9 3 10,1,70,,8845,0,9 3 10,1,30,,8847,0,9 3 10,1,70,,8839,0,9 3 10,1,30,,8838,0,9 3 10,1,70,,8844,0,9 3 10,1,30,,8843,0,9 3 10,1,70,,8846,0,9 3 10,1,30,,8841,0,9 3 10,1
20301,'20',1904,,3656,0,9 3 10,1,30,,8851,0,9 3 10,1,70,,8854,0,9 3 10,1,30,,8856,0,9 3 10,1,70,,8849,0,9 3 10,1,30,,8848,0,9 3 10,1,70,,8853,0,9 3 10,1,30,,8852,0,9 3 10,1,70,,8855,0,9 3 10,1,30,,8850,0,9 3 10,1
20301,'4',704,,8882,0,9 3 10,1,30,,8877,0,9 3 10,1,70,,8869,0,9 3 10,1,30,,8860,0,9 3 10,1,70,,8872,0,9 3 10,1,30,,8865,0,9 3 10,1,70,,8861,0,9 3 10,1,30,,8871,0,9 3 10,1,70,,8864,0,9 3 10,1,30,,8883,0,9 3 10,1,70,,8859,0,9 3 10,1,30,,8867,0,9 3 10,1,70,,8858,0,9 3 10,1,30,,8874,0,9 3 10,1,70,,8878,0,9 3 10,1,30,,8880,0,9 3 10,1,70,,8866,0,9 3 10,1,30,,8863,0,9 3 10,1,70,,8875,0,9 3 10,1,30,,8884,0,9 3 10,1,70,,8862,0,9 3 10,1,30,,8879,0,9 3 10,1,70,,8868,0,9 3 10,1,30,,8881,0,9 3 10,1,70,,8873,0,9 3 10,1,30,,8870,0,9 3 10,1,70,,8876,0,9 3 10,1,30,,8857,0,9 3 10,1
20301,'8',1904,,8890,0,9 3 10,1,30,,8888,0,9 3 10,1,70,,8893,0,9 3 10,1,30,,8895,0,9 3 10,1,70,,8887,0,9 3 10,1,30,,8886,0,9 3 10,1,70,,8892,0,9 3 10,1,30,,8891,0,9 3 10,1,70,,8894,0,9 3 10,1,30,,8889,0,9 3 10,1
