10201,'12',651,,8466,9,,,1,70,,8443,9,,,1,30,,8452,9,,,1,70,,8473,9,,,1,30,,8444,9,,,1,70,,8469,9,,,1,30,,8426,9,,,1,100,,8441,9,,,1,100,,8434,9,,,1,100,,8423,9,,,1,100,,8474,9,,,1,100,,8431,9,,,1,70,,8471,9,,,1,30,,8461,9,,,1,70,,8458,9,,,1,30,,8472,9,,,1,70,,8465,9,,,1,30,,8457,9,,,1
10201,'5',651,,8523,9,,,1,70,,8499,9,,,1,30,,8508,9,,,1,70,,8530,9,,,1,30,,8500,9,,,1,70,,8526,9,,,1,30,,8482,9,,,1,100,,8497,9,,,1,100,,8490,9,,,1,100,,8478,9,,,1,100,,8531,9,,,1,100,,8487,9,,,1,70,,8528,9,,,1,30,,8518,9,,,1,70,,8515,9,,,1,30,,8529,9,,,1,70,,8522,9,,,1,30,,8514,9,,,1
10201,'9',651,,8578,9,,,1,70,,8555,9,,,1,30,,8564,9,,,1,70,,8585,9,,,1,30,,8556,9,,,1,70,,8581,9,,,1,30,,8538,9,,,1,100,,8553,9,,,1,100,,8546,9,,,1,100,,8535,9,,,1,100,,8586,9,,,1,100,,8543,9,,,1,70,,8583,9,,,1,30,,8573,9,,,1,70,,8570,9,,,1,30,,8584,9,,,1,70,,8577,9,,,1,30,,8569,9,,,1
10701,'12',622,,9289,14,,,1,100,,1806,14,,,1,30,,9318,14,,,1,70,,4112,14,,,1,30,,9293,14,,,1,70,,9283,14,,,1,100,,9275,14,,,1,100,,9281,14,,,1,100,,9325,14,,,1,103,,4296,14,,,1,97,,9294,14,,,1,30,,9277,14,,,1,70,,9314,14,,,1,30,,9313,14,,,1,73,,9319,14,,,1,27,,9304,14,,,1,73,,7622,14,,,1,30,,9306,14,,,1,67,,9303,14,,,1,100,,9297,14,,,1
10701,'5',622,,9346,14,,,1,100,,9328,14,,,1,30,,9378,14,,,1,70,,9327,14,,,1,30,,9350,14,,,1,70,,9339,14,,,1,100,,9331,14,,,1,100,,9337,14,,,1,100,,9385,14,,,1,103,,9371,14,,,1,97,,9351,14,,,1,30,,9333,14,,,1,70,,9374,14,,,1,30,,9373,14,,,1,73,,9379,14,,,1,27,,9361,14,,,1,73,,9370,14,,,1,30,,9363,14,,,1,67,,9360,14,,,1,100,,9354,14,,,1
10701,'9',622,,9403,14,,,1,100,,1845,14,,,1,30,,9432,14,,,1,70,,4079,14,,,1,30,,9407,14,,,1,70,,9396,14,,,1,100,,9389,14,,,1,100,,9395,14,,,1,100,,9439,14,,,1,103,,4179,14,,,1,97,,9408,14,,,1,30,,9391,14,,,1,70,,9428,14,,,1,30,,9427,14,,,1,73,,9433,14,,,1,27,,9418,14,,,1,73,,7605,14,,,1,30,,9420,14,,,1,67,,9417,14,,,1,100,,9411,14,,,1
21001,'12',1851,,11463,9,,,1,70,,11454,9,,,1,30,,11459,9,,,1,70,,11457,9,,,1,30,,11461,9,,,1,70,,11460,9,,,1,30,,11462,9,,,1,70,,11455,9,,,1,30,,11458,9,,,1,70,,11456,9,,,1
21001,'5',1851,,11473,9,,,1,70,,11464,9,,,1,30,,11469,9,,,1,70,,11467,9,,,1,30,,11471,9,,,1,70,,11470,9,,,1,30,,11472,9,,,1,70,,11465,9,,,1,30,,11468,9,,,1,70,,11466,9,,,1
21001,'7',721,,11477,9,,,1,30,,11499,9,,,1,70,,11495,9,,,1,30,,11497,9,,,1,70,,11489,9,,,1,30,,11487,9,,,1,70,,6733,9,,,1,30,,11484,9,,,1,70,,11480,9,,,1,30,,11494,9,,,1,70,,11486,9,,,1,30,,11482,9,,,1,70,,11474,9,,,1,30,,11479,9,,,1,70,,11496,9,,,1,30,,11483,9,,,1,70,,11498,9,,,1,30,,11492,9,,,1,70,,11490,9,,,1,30,,11485,9,,,1,70,,6487,9,,,1,30,,11491,9,,,1,70,,11488,9,,,1,30,,11481,9,,,1,70,,11476,9,,,1,30,,11493,9,,,1,70,,11478,9,,,1,30,,11475,9,,,1
21001,'9',1851,,11509,9,,,1,70,,11500,9,,,1,30,,11505,9,,,1,70,,11503,9,,,1,30,,11507,9,,,1,70,,11506,9,,,1,30,,11508,9,,,1,70,,11501,9,,,1,30,,11504,9,,,1,70,,11502,9,,,1
