11400,'14',633,,8138,,,1,100,,8139,,,1,100,,8143,,,1,100,,8140,,,1,100,,8142,,,1,100,,8141,,,1,100,,8147,,,1,100,,8146,,,1,100,,8149,,,1,100,,8144,,,1,100,,8148,,,1,100,,8145,,,1
11400,'18',633,,8150,,,1,100,,8151,,,1,100,,8155,,,1,100,,8152,,,1,100,,8154,,,1,100,,8153,,,1,100,,8159,,,1,100,,8158,,,1,100,,8161,,,1,100,,8156,,,1,100,,8160,,,1,100,,8157,,,1
11400,'20',633,,8162,,,1,100,,8163,,,1,100,,8166,,,1,100,,8164,,,1,100,,8165,,,1,100,,3850,,,1,100,,8170,,,1,100,,8169,,,1,100,,8172,,,1,100,,8167,,,1,100,,8171,,,1,100,,8168,,,1
11400,'8',633,,8173,,,1,100,,8174,,,1,100,,8178,,,1,100,,8175,,,1,100,,8177,,,1,100,,8176,,,1,100,,8182,,,1,100,,8181,,,1,100,,8184,,,1,100,,8179,,,1,100,,8183,,,1,100,,8180,,,1
21400,'11',733,,10353,,,1,100,,10349,,,1,100,,10358,,,1,100,,10346,,,1,100,,10352,,,1,100,,10350,,,1,100,,10356,,,1,100,,10347,,,1,100,,10355,,,1,100,,10354,,,1,100,,10357,,,1,100,,10348,,,1,100,,10351,,,1
21400,'14',1833,,10362,,,1,100,,10359,,,1,100,,10363,,,1,100,,10361,,,1,100,,10360,,,1
21400,'18',1833,,10367,,,1,100,,10364,,,1,100,,10368,,,1,100,,10366,,,1,100,,10365,,,1
21400,'20',1833,,10371,,,1,100,,10370,,,1,100,,10369,,,1,100,,10372,,,1,100,,3165,,,1
21400,'4',733,,10380,,,1,100,,10376,,,1,100,,10385,,,1,100,,10373,,,1,100,,10379,,,1,100,,10377,,,1,100,,10383,,,1,100,,10374,,,1,100,,10382,,,1,100,,10381,,,1,100,,10384,,,1,100,,10375,,,1,100,,10378,,,1
21400,'8',1833,,10389,,,1,100,,10388,,,1,100,,10386,,,1,100,,10390,,,1,100,,10387,,,1
