11200,'14',654,,5200,9,,,1,100,,5196,9,,,1,100,,179,9,,,1,100,,5194,9,,,1,100,,1448,9,,,1,100,,5198,9,,,1,100,,2335,9,,,1,100,,5201,9,,,1,102,,5197,9,,,1,98,,5199,9,,,1,100,,5195,9,,,1
11200,'18',654,,5211,9,,,1,100,,5204,9,,,1,100,,5209,9,,,1,100,,5202,9,,,1,100,,5207,9,,,1,100,,5208,9,,,1,100,,5205,9,,,1,100,,5212,9,,,1,102,,5206,9,,,1,98,,5210,9,,,1,100,,5203,9,,,1
11200,'20',654,,5215,9,,,1,100,,5218,9,,,1,100,,5221,9,,,1,100,,5214,9,,,1,100,,1411,9,,,1,100,,5217,9,,,1,100,,2259,9,,,1,100,,5220,9,,,1,102,,5216,9,,,1,98,,5219,9,,,1,100,,5213,9,,,1
11200,'8',654,,5225,9,,,1,100,,5229,9,,,1,100,,5232,9,,,1,100,,5224,9,,,1,100,,5227,9,,,1,100,,5228,9,,,1,100,,5223,9,,,1,100,,5231,9,,,1,102,,5226,9,,,1,98,,5230,9,,,1,100,,5222,9,,,1
20300,'11',738,,6213,16,,,1,70,,6203,16,,,1,30,,2599,16,,,1,70,,6204,16,,,1,30,,6214,16,,,1,70,,6208,16,,,1,30,,6218,16,,,1,70,,1827,16,,,1,30,,6216,16,,,1,70,,6211,16,,,1,30,,6205,16,,,1,70,,6200,16,,,1,30,,6209,16,,,1,70,,6199,16,,,1,30,,6215,16,,,1,70,,6212,16,,,1,30,,6198,16,,,1,70,,6197,16,,,1,30,,6195,16,,,1,70,,6210,16,,,1,30,,6202,16,,,1,70,,6201,16,,,1,30,,6206,16,,,1,70,,6207,16,,,1,30,,6217,16,,,1,70,,6196,16,,,1,30,,6194,16,,,1
20300,'14',1908,,6223,16,,,1,30,,6225,16,,,1,70,,6219,16,,,1,30,,6220,16,,,1,70,,2607,16,,,1,30,,6226,16,,,1,70,,6222,16,,,1,30,,6224,16,,,1,70,,6221,16,,,1
20300,'18',1908,,6231,16,,,1,30,,6234,16,,,1,70,,6227,16,,,1,30,,6228,16,,,1,70,,6232,16,,,1,30,,6235,16,,,1,70,,6230,16,,,1,30,,6233,16,,,1,70,,6229,16,,,1
20300,'20',1908,,6240,16,,,1,30,,6242,16,,,1,70,,6236,16,,,1,30,,6237,16,,,1,70,,2556,16,,,1,30,,6243,16,,,1,70,,6239,16,,,1,30,,6241,16,,,1,70,,6238,16,,,1
20300,'4',738,,6264,16,,,1,70,,6254,16,,,1,30,,6267,16,,,1,70,,6255,16,,,1,30,,6265,16,,,1,70,,6259,16,,,1,30,,6270,16,,,1,70,,6249,16,,,1,30,,6268,16,,,1,70,,6262,16,,,1,30,,6256,16,,,1,70,,6251,16,,,1,30,,6260,16,,,1,70,,6250,16,,,1,30,,6266,16,,,1,70,,6263,16,,,1,30,,6248,16,,,1,70,,6247,16,,,1,30,,6245,16,,,1,70,,6261,16,,,1,30,,6253,16,,,1,70,,6252,16,,,1,30,,6257,16,,,1,70,,6258,16,,,1,30,,6269,16,,,1,70,,6246,16,,,1,30,,6244,16,,,1
20300,'8',1908,,6275,16,,,1,30,,6278,16,,,1,70,,6271,16,,,1,30,,6272,16,,,1,70,,6276,16,,,1,30,,6279,16,,,1,70,,6274,16,,,1,30,,6277,16,,,1,70,,6273,16,,,1
