10700,'14',634,,1555,7,0,5 6,1,100,,4092,7,0,5 6,1,70,,4091,7,0,5 6,1,30,,4079,7,0,5 6,1,70,,1850,7,0,5 6,1,30,,4080,7,0,5 6,1,100,,4089,7,0,5 6,1,100,,4090,7,0,5 6,1,100,,4087,7,0,5 6,1,100,,4085,7,0,5 6,1,100,,4088,7,0,5 6,1,70,,4082,7,0,5 6,1,30,,479,7,0,5 6,1,70,,4084,7,0,5 6,1,30,,1123,7,0,5 6,1,70,,4083,7,0,5 6,1,30,,4081,7,0,5 6,1,70,,4086,7,0,5 6,1,30,,27,7,0,5 6,1
10700,'18',634,,4098,7,0,5 6,1,100,,4111,7,0,5 6,1,70,,4110,7,0,5 6,1,30,,4093,7,0,5 6,1,70,,4099,7,0,5 6,1,30,,4094,7,0,5 6,1,100,,4107,7,0,5 6,1,100,,4108,7,0,5 6,1,100,,4105,7,0,5 6,1,100,,4102,7,0,5 6,1,100,,4106,7,0,5 6,1,70,,4096,7,0,5 6,1,30,,4104,7,0,5 6,1,70,,4100,7,0,5 6,1,30,,4109,7,0,5 6,1,70,,4097,7,0,5 6,1,30,,4095,7,0,5 6,1,70,,4103,7,0,5 6,1,30,,4101,7,0,5 6,1
10700,'20',634,,1519,7,0,5 6,1,100,,4125,7,0,5 6,1,70,,4124,7,0,5 6,1,30,,4112,7,0,5 6,1,70,,1811,7,0,5 6,1,30,,4113,7,0,5 6,1,100,,4122,7,0,5 6,1,100,,4123,7,0,5 6,1,100,,4120,7,0,5 6,1,100,,4118,7,0,5 6,1,100,,4121,7,0,5 6,1,70,,4115,7,0,5 6,1,30,,441,7,0,5 6,1,70,,4117,7,0,5 6,1,30,,1098,7,0,5 6,1,70,,4116,7,0,5 6,1,30,,4114,7,0,5 6,1,70,,4119,7,0,5 6,1,30,,9,7,0,5 6,1
10700,'8',634,,4131,7,0,5 6,1,100,,4144,7,0,5 6,1,70,,4143,7,0,5 6,1,30,,4126,7,0,5 6,1,70,,4132,7,0,5 6,1,30,,4127,7,0,5 6,1,100,,4140,7,0,5 6,1,100,,4141,7,0,5 6,1,100,,4138,7,0,5 6,1,100,,4135,7,0,5 6,1,100,,4139,7,0,5 6,1,70,,4129,7,0,5 6,1,30,,4137,7,0,5 6,1,70,,4133,7,0,5 6,1,30,,4142,7,0,5 6,1,70,,4130,7,0,5 6,1,30,,4128,7,0,5 6,1,70,,4136,7,0,5 6,1,30,,4134,7,0,5 6,1
11000,'14',635,,4832,9,,,1,70,,4818,9,,,1,30,,4814,9,,,1,70,,4815,9,,,1,30,,4829,9,,,1,70,,4826,9,,,1,30,,4824,9,,,1,70,,4834,9,,,1,30,,4819,9,,,1,70,,4820,9,,,1,30,,779,9,,,1,70,,4831,9,,,1,30,,385,9,,,1,70,,4830,9,,,1,30,,4817,9,,,1,70,,4816,9,,,1,30,,4825,9,,,1,70,,4833,9,,,1,30,,4827,9,,,1,70,,4823,9,,,1,30,,4821,9,,,1,70,,4822,9,,,1,30,,161,9,,,1,70,,4828,9,,,1,30,,253,9,,,1
11000,'18',635,,4857,9,,,1,70,,4840,9,,,1,30,,4835,9,,,1,70,,4836,9,,,1,30,,4854,9,,,1,70,,4851,9,,,1,30,,4848,9,,,1,70,,4859,9,,,1,30,,4842,9,,,1,70,,4843,9,,,1,30,,4849,9,,,1,70,,4856,9,,,1,30,,4837,9,,,1,70,,4855,9,,,1,30,,4839,9,,,1,70,,4838,9,,,1,30,,4850,9,,,1,70,,4858,9,,,1,30,,4852,9,,,1,70,,4847,9,,,1,30,,4844,9,,,1,70,,4845,9,,,1,30,,4846,9,,,1,70,,4853,9,,,1,30,,4841,9,,,1
11000,'20',635,,4878,9,,,1,70,,4864,9,,,1,30,,4860,9,,,1,70,,4861,9,,,1,30,,4875,9,,,1,70,,4872,9,,,1,30,,4870,9,,,1,70,,4880,9,,,1,30,,4865,9,,,1,70,,4866,9,,,1,30,,719,9,,,1,70,,4877,9,,,1,30,,335,9,,,1,70,,4876,9,,,1,30,,4863,9,,,1,70,,4862,9,,,1,30,,4871,9,,,1,70,,4879,9,,,1,30,,4873,9,,,1,70,,4869,9,,,1,30,,4867,9,,,1,70,,4868,9,,,1,30,,104,9,,,1,70,,4874,9,,,1,30,,234,9,,,1
11000,'8',635,,4903,9,,,1,70,,4886,9,,,1,30,,4881,9,,,1,70,,4882,9,,,1,30,,4900,9,,,1,70,,4897,9,,,1,30,,4894,9,,,1,70,,4905,9,,,1,30,,4888,9,,,1,70,,4889,9,,,1,30,,4895,9,,,1,70,,4902,9,,,1,30,,4883,9,,,1,70,,4901,9,,,1,30,,4885,9,,,1,70,,4884,9,,,1,30,,4896,9,,,1,70,,4904,9,,,1,30,,4898,9,,,1,70,,4893,9,,,1,30,,4890,9,,,1,70,,4891,9,,,1,30,,4892,9,,,1,70,,4899,9,,,1,30,,4887,9,,,1
21000,'11',733,,7318,7,,,1,70,,7307,7,,,1,30,,7310,7,,,1,70,,7325,7,,,1,30,,7323,7,,,1,70,,7308,7,,,1,30,,7326,7,,,1,70,,7317,7,,,1,30,,7313,7,,,1,70,,7316,7,,,1,30,,7324,7,,,1,70,,7322,7,,,1,30,,7328,7,,,1,70,,7320,7,,,1,30,,7327,7,,,1,70,,7321,7,,,1,30,,7333,7,,,1,70,,7329,7,,,1,30,,7331,7,,,1,70,,7309,7,,,1,30,,7332,7,,,1,70,,7314,7,,,1,30,,7319,7,,,1,70,,7330,7,,,1,30,,7312,7,,,1,70,,7315,7,,,1,30,,7311,7,,,1
21000,'14',1903,,7336,7,,,1,30,,7338,7,,,1,70,,7341,7,,,1,30,,7334,7,,,1,70,,7339,7,,,1,30,,7335,7,,,1,70,,2757,7,,,1,30,,7340,7,,,1,70,,7337,7,,,1
21000,'18',1903,,7344,7,,,1,30,,7347,7,,,1,70,,7350,7,,,1,30,,7342,7,,,1,70,,7348,7,,,1,30,,7343,7,,,1,70,,7346,7,,,1,30,,7349,7,,,1,70,,7345,7,,,1
21000,'20',1903,,7353,7,,,1,30,,7355,7,,,1,70,,7358,7,,,1,30,,7351,7,,,1,70,,7356,7,,,1,30,,7352,7,,,1,70,,2675,7,,,1,30,,7357,7,,,1,70,,7354,7,,,1
21000,'4',733,,7370,7,,,1,70,,7359,7,,,1,30,,7362,7,,,1,70,,7377,7,,,1,30,,7375,7,,,1,70,,7360,7,,,1,30,,7378,7,,,1,70,,7369,7,,,1,30,,7365,7,,,1,70,,7368,7,,,1,30,,7376,7,,,1,70,,7374,7,,,1,30,,7380,7,,,1,70,,7372,7,,,1,30,,7379,7,,,1,70,,7373,7,,,1,30,,7385,7,,,1,70,,7381,7,,,1,30,,7383,7,,,1,70,,7361,7,,,1,30,,7384,7,,,1,70,,7366,7,,,1,30,,7371,7,,,1,70,,7382,7,,,1,30,,7364,7,,,1,70,,7367,7,,,1,30,,7363,7,,,1
21000,'8',1903,,7388,7,,,1,30,,7391,7,,,1,70,,7394,7,,,1,30,,7386,7,,,1,70,,7392,7,,,1,30,,7387,7,,,1,70,,7390,7,,,1,30,,7393,7,,,1,70,,7389,7,,,1
