10400,'12',634,,5394,7,0,11 12,1,70,,8704,7,0,11 12,1,30,,8705,7,0,11 12,1,70,,8710,7,0,11 12,1,30,,8715,7,0,11 12,1,70,,8712,7,0,11 12,1,30,,8709,7,0,11 12,1,70,,8701,7,0,11 12,1,30,,8700,7,0,11 12,1,70,,8707,7,0,11 12,1,30,,8699,7,0,11 12,1,70,,8698,7,0,11 12,1,30,,8714,7,0,11 12,1,70,,8703,7,0,11 12,1,30,,8720,7,0,11 12,1,70,,8716,7,0,11 12,1,30,,8706,7,0,11 12,1,70,,8718,7,0,11 12,1,30,,8713,7,0,11 12,1,70,,8702,7,0,11 12,1,30,,8719,7,0,11 12,1,70,,8717,7,0,11 12,1,30,,8711,7,0,11 12,1,70,,8708,7,0,11 12,1,30,,8721,7,0,11 12,1
10400,'5',634,,8728,7,0,11 12,1,70,,8729,7,0,11 12,1,30,,8730,7,0,11 12,1,70,,8735,7,0,11 12,1,30,,8740,7,0,11 12,1,70,,8737,7,0,11 12,1,30,,8734,7,0,11 12,1,70,,8725,7,0,11 12,1,30,,8724,7,0,11 12,1,70,,8732,7,0,11 12,1,30,,8723,7,0,11 12,1,70,,8722,7,0,11 12,1,30,,8739,7,0,11 12,1,70,,8727,7,0,11 12,1,30,,8745,7,0,11 12,1,70,,8741,7,0,11 12,1,30,,8731,7,0,11 12,1,70,,8743,7,0,11 12,1,30,,8738,7,0,11 12,1,70,,8726,7,0,11 12,1,30,,8744,7,0,11 12,1,70,,8742,7,0,11 12,1,30,,8736,7,0,11 12,1,70,,8733,7,0,11 12,1,30,,8746,7,0,11 12,1
10400,'9',634,,5322,7,0,11 12,1,70,,8753,7,0,11 12,1,30,,8754,7,0,11 12,1,70,,8759,7,0,11 12,1,30,,8764,7,0,11 12,1,70,,8761,7,0,11 12,1,30,,8758,7,0,11 12,1,70,,8750,7,0,11 12,1,30,,8749,7,0,11 12,1,70,,8756,7,0,11 12,1,30,,8748,7,0,11 12,1,70,,8747,7,0,11 12,1,30,,8763,7,0,11 12,1,70,,8752,7,0,11 12,1,30,,8769,7,0,11 12,1,70,,8765,7,0,11 12,1,30,,8755,7,0,11 12,1,70,,8767,7,0,11 12,1,30,,8762,7,0,11 12,1,70,,8751,7,0,11 12,1,30,,8768,7,0,11 12,1,70,,8766,7,0,11 12,1,30,,8760,7,0,11 12,1,70,,8757,7,0,11 12,1,30,,8770,7,0,11 12,1
20301,'12',2403,,10812,8,,,1
20301,'5',2403,,10822,8,,,1
20301,'9',2403,,10856,8,,,1
20400,'12',1905,,10868,8,,,1,30,,10867,8,,,1,70,,10870,8,,,1,30,,10871,8,,,1,70,,10863,8,,,1,30,,10864,8,,,1,70,,10865,8,,,1,30,,10869,8,,,1,70,,10866,8,,,1,30,,10872,8,,,1
20400,'5',1905,,10878,8,,,1,30,,10877,8,,,1,70,,10880,8,,,1,30,,10881,8,,,1,70,,10873,8,,,1,30,,10874,8,,,1,70,,10875,8,,,1,30,,10879,8,,,1,70,,10876,8,,,1,30,,10882,8,,,1
20400,'7',735,,10904,8,,,1,70,,6840,8,,,1,30,,10905,8,,,1,70,,10885,8,,,1,30,,7137,8,,,1,70,,10892,8,,,1,30,,10900,8,,,1,70,,10901,8,,,1,30,,10908,8,,,1,70,,10899,8,,,1,30,,10886,8,,,1,70,,10893,8,,,1,30,,10883,8,,,1,70,,10894,8,,,1,30,,10906,8,,,1,70,,10907,8,,,1,30,,10897,8,,,1,70,,10890,8,,,1,30,,10887,8,,,1,70,,10903,8,,,1,30,,10884,8,,,1,70,,10895,8,,,1,30,,10888,8,,,1,70,,10889,8,,,1,30,,10891,8,,,1,70,,10896,8,,,1,30,,10898,8,,,1,70,,10902,8,,,1
20400,'9',1905,,10914,8,,,1,30,,10913,8,,,1,70,,10916,8,,,1,30,,10917,8,,,1,70,,10909,8,,,1,30,,10910,8,,,1,70,,10911,8,,,1,30,,10915,8,,,1,70,,10912,8,,,1,30,,10918,8,,,1
