10600,'10',646,,12513,16,,,1,100,,12520,16,,,1,70,,12515,16,,,1,30,,9816,16,,,1,70,,12522,16,,,1,30,,12508,16,,,1,100,,12519,16,,,1,100,,12521,16,,,1,100,,12509,16,,,1,100,,12511,16,,,1,100,,12516,16,,,1,70,,12517,16,,,1,30,,12510,16,,,1,70,,12518,16,,,1,32,,12514,16,,,1,68,,12507,16,,,1,32,,12512,16,,,1
10600,'13',646,,12529,16,,,1,100,,12536,16,,,1,70,,12531,16,,,1,30,,9770,16,,,1,70,,12538,16,,,1,30,,12524,16,,,1,100,,12535,16,,,1,100,,12537,16,,,1,100,,12525,16,,,1,100,,12527,16,,,1,100,,12532,16,,,1,70,,12533,16,,,1,30,,12526,16,,,1,70,,12534,16,,,1,32,,12530,16,,,1,68,,12523,16,,,1,32,,12528,16,,,1
10601,'10',609,,12554,22,,,1,100,,12543,22,,,1,30,,12549,22,,,1,70,,12557,22,,,1,30,,12541,22,,,1,70,,12555,22,,,1,100,,12546,22,,,1,100,,12544,22,,,1,100,,12552,22,,,1,100,,12553,22,,,1,100,,12539,22,,,1,30,,12556,22,,,1,70,,12548,22,,,1,30,,12558,22,,,1,70,,12540,22,,,1,30,,12547,22,,,1,70,,12551,22,,,1,30,,12545,22,,,1,70,,12550,22,,,1
10601,'13',609,,12574,22,,,1,100,,12563,22,,,1,30,,12569,22,,,1,70,,12577,22,,,1,30,,12561,22,,,1,70,,12575,22,,,1,100,,12566,22,,,1,100,,12564,22,,,1,100,,12572,22,,,1,100,,12573,22,,,1,100,,12559,22,,,1,30,,12576,22,,,1,70,,12568,22,,,1,30,,12578,22,,,1,70,,12560,22,,,1,30,,12567,22,,,1,70,,12571,22,,,1,30,,12565,22,,,1,70,,12570,22,,,1
20600,'10',1815,,13906,21,,,1,29,,13905,21,,,1,71,,13899,21,,,1,31,,13900,21,,,1,70,,9397,21,,,1,30,,13898,21,,,1,69,,13903,21,,,1,30,,13902,21,,,1,70,,13904,21,,,1,30,,13901,21,,,1
20600,'13',1815,,13915,21,,,1,29,,13914,21,,,1,71,,13912,21,,,1,31,,13908,21,,,1,70,,9284,21,,,1,30,,13907,21,,,1,69,,13911,21,,,1,30,,13910,21,,,1,70,,13913,21,,,1,30,,13909,21,,,1
20600,'7',744,,13938,21,,,1,70,,13921,21,,,1,30,,13920,21,,,1,70,,13941,21,,,1,30,,13928,21,,,1,70,,13919,21,,,1,30,,13923,21,,,1,71,,13929,21,,,1,29,,13934,21,,,1,70,,13927,21,,,1,30,,13925,21,,,1,70,,13926,21,,,1,30,,13937,21,,,1,71,,13936,21,,,1,29,,13932,21,,,1,70,,13924,21,,,1,30,,13933,21,,,1,70,,13940,21,,,1,30,,13917,21,,,1,70,,13931,21,,,1,30,,13939,21,,,1,70,,13918,21,,,1,31,,13916,21,,,1,70,,13935,21,,,1,30,,13922,21,,,1,70,,13930,21,,,1
20601,'10',1839,,13952,12,,,1,70,,13948,12,,,1,30,,13960,12,,,1,70,,13959,12,,,1,30,,13951,12,,,1,70,,13949,12,,,1,30,,13942,12,,,1,70,,13955,12,,,1,30,,13946,12,,,1,70,,13945,12,,,1
20601,'13',1839,,13972,12,,,1,70,,13968,12,,,1,30,,10407,12,,,1,70,,13978,12,,,1,30,,13971,12,,,1,70,,13969,12,,,1,30,,13962,12,,,1,70,,13975,12,,,1,30,,13966,12,,,1,70,,13965,12,,,1
20601,'7',709,,13994,12,,,1,30,,14020,12,,,1,70,,14014,12,,,1,30,,14026,12,,,1,70,,13989,12,,,1,30,,11941,12,,,1,70,,13995,12,,,1,30,,14022,12,,,1,70,,14009,12,,,1,30,,14017,12,,,1,70,,14012,12,,,1,30,,13982,12,,,1,70,,13981,12,,,1,30,,14008,12,,,1,70,,13991,12,,,1,30,,11217,12,,,1,70,,13985,12,,,1,30,,13999,12,,,1,70,,14025,12,,,1,30,,13980,12,,,1,70,,13996,12,,,1,30,,14021,12,,,1,70,,14016,12,,,1,30,,14003,12,,,1,70,,14002,12,,,1,30,,13988,12,,,1,70,,13997,12,,,1,30,,14000,12,,,1
