10101,'12',643,,8375,6,,,1,70,,8371,6,,,1,30,,8379,6,,,1,70,,8383,6,,,1,30,,8382,6,,,1,70,,8386,6,,,1,30,,8376,6,,,1,100,,8380,6,,,1,100,,8373,6,,,1,100,,8372,6,,,1,100,,8384,6,,,1,101,,8387,6,,,1,70,,8374,6,,,1,30,,8381,6,,,1,70,,8385,6,,,1,30,,8378,6,,,1,70,,8377,6,,,1,30,,5551,6,,,1
10101,'5',643,,8392,6,,,1,70,,8388,6,,,1,30,,8396,6,,,1,70,,8400,6,,,1,30,,8399,6,,,1,70,,8404,6,,,1,30,,8393,6,,,1,100,,8397,6,,,1,100,,8390,6,,,1,100,,8389,6,,,1,100,,8401,6,,,1,101,,8405,6,,,1,70,,8391,6,,,1,30,,8398,6,,,1,70,,8403,6,,,1,30,,8395,6,,,1,70,,8394,6,,,1,30,,8402,6,,,1
10101,'9',643,,8410,6,,,1,70,,8406,6,,,1,30,,8414,6,,,1,70,,8418,6,,,1,30,,8417,6,,,1,70,,8421,6,,,1,30,,8411,6,,,1,100,,8415,6,,,1,100,,8408,6,,,1,100,,8407,6,,,1,100,,8419,6,,,1,101,,8422,6,,,1,70,,8409,6,,,1,30,,8416,6,,,1,70,,8420,6,,,1,30,,8413,6,,,1,70,,8412,6,,,1,30,,5480,6,,,1
10301,'12',609,,8646,5,,,1,100,,8658,5,,,1,30,,6106,5,,,1,70,,7444,5,,,1,30,,8656,5,,,1,70,,8660,5,,,1,30,,8651,5,,,1,70,,8648,5,,,1,100,,8645,5,,,1,100,,8659,5,,,1,100,,8654,5,,,1,100,,8649,5,,,1,100,,8657,5,,,1,30,,8655,5,,,1,70,,8652,5,,,1,30,,3425,5,,,1,70,,8647,5,,,1,30,,8650,5,,,1,70,,1506,5,,,1,30,,8653,5,,,1
10301,'5',609,,8662,5,,,1,100,,8676,5,,,1,30,,8679,5,,,1,70,,8675,5,,,1,30,,8678,5,,,1,70,,8680,5,,,1,30,,8668,5,,,1,70,,8665,5,,,1,100,,8661,5,,,1,100,,8677,5,,,1,100,,8670,5,,,1,100,,8666,5,,,1,100,,8674,5,,,1,30,,8672,5,,,1,70,,8669,5,,,1,30,,8671,5,,,1,70,,8664,5,,,1,30,,8667,5,,,1,70,,8663,5,,,1,30,,8673,5,,,1
10301,'9',609,,8682,5,,,1,100,,8693,5,,,1,30,,8696,5,,,1,70,,7424,5,,,1,30,,8695,5,,,1,70,,8697,5,,,1,30,,8687,5,,,1,70,,8684,5,,,1,100,,8681,5,,,1,100,,8694,5,,,1,100,,8689,5,,,1,100,,8685,5,,,1,100,,8692,5,,,1,30,,8690,5,,,1,70,,8688,5,,,1,30,,3376,5,,,1,70,,8683,5,,,1,30,,8686,5,,,1,70,,1542,5,,,1,30,,8691,5,,,1
11101,'12',619,,9967,3,,,1,30,,9958,3,,,1,70,,9963,3,,,1,30,,9964,3,,,1,70,,9959,3,,,1,30,,9954,3,,,1,70,,9968,3,,,1,30,,9961,3,,,1,70,,9960,3,,,1,30,,9956,3,,,1,70,,9950,3,,,1,30,,9957,3,,,1,70,,9955,3,,,1,30,,9969,3,,,1,70,,9966,3,,,1,30,,9948,3,,,1,70,,9952,3,,,1,30,,9965,3,,,1,70,,3419,3,,,1,30,,6994,3,,,1,70,,9951,3,,,1,30,,9949,3,,,1,70,,9953,3,,,1,30,,4114,3,,,1,70,,9962,3,,,1
11101,'5',619,,9993,3,,,1,30,,9982,3,,,1,70,,9989,3,,,1,30,,9991,3,,,1,70,,9983,3,,,1,30,,9978,3,,,1,70,,9994,3,,,1,30,,9987,3,,,1,70,,9984,3,,,1,30,,9971,3,,,1,70,,9974,3,,,1,30,,9986,3,,,1,70,,9979,3,,,1,30,,9975,3,,,1,70,,9977,3,,,1,30,,9990,3,,,1,70,,9976,3,,,1,30,,9980,3,,,1,70,,9985,3,,,1,30,,9981,3,,,1,70,,9988,3,,,1,30,,9992,3,,,1,70,,9970,3,,,1,30,,9972,3,,,1,70,,9973,3,,,1
11101,'9',619,,10015,3,,,1,30,,10004,3,,,1,70,,10011,3,,,1,30,,10013,3,,,1,70,,10005,3,,,1,30,,5329,3,,,1,70,,10016,3,,,1,30,,10008,3,,,1,70,,10006,3,,,1,30,,3009,3,,,1,70,,9996,3,,,1,30,,10000,3,,,1,70,,10001,3,,,1,30,,9997,3,,,1,70,,10009,3,,,1,30,,10007,3,,,1,70,,9998,3,,,1,30,,7182,3,,,1,70,,10002,3,,,1,30,,9999,3,,,1,70,,10010,3,,,1,30,,10014,3,,,1,70,,10003,3,,,1,30,,10012,3,,,1,70,,9995,3,,,1
11200,'12',652,,10017,5,,,1,100,,10020,5,,,1,100,,10018,5,,,1,100,,10022,5,,,1,100,,10019,5,,,1,100,,5393,5,,,1,100,,3126,5,,,1,100,,10024,5,,,1,102,,10021,5,,,1,98,,10025,5,,,1,100,,10023,5,,,1
11200,'5',652,,10026,5,,,1,100,,10027,5,,,1,100,,10031,5,,,1,100,,10032,5,,,1,100,,10029,5,,,1,100,,10028,5,,,1,100,,10030,5,,,1,100,,10035,5,,,1,102,,10033,5,,,1,98,,10036,5,,,1,100,,10034,5,,,1
11200,'9',652,,10041,5,,,1,100,,10039,5,,,1,100,,10044,5,,,1,100,,5664,5,,,1,100,,10037,5,,,1,100,,5321,5,,,1,100,,3018,5,,,1,100,,10042,5,,,1,102,,10038,5,,,1,98,,10043,5,,,1,100,,10040,5,,,1
20301,'12',1910,,6995,5,0,9 3 10,1,30,,10815,5,0,9 3 10,1,70,,10809,5,0,9 3 10,1,30,,10816,5,0,9 3 10,1,70,,10813,5,0,9 3 10,1,30,,10811,5,0,9 3 10,1,70,,510,5,0,9 3 10,1,30,,10808,5,0,9 3 10,1,70,,10814,5,0,9 3 10,1,30,,10810,5,0,9 3 10,1
20301,'5',1910,,10819,5,0,9 3 10,1,30,,10826,5,0,9 3 10,1,70,,10818,5,0,9 3 10,1,30,,10827,5,0,9 3 10,1,70,,10823,5,0,9 3 10,1,30,,10821,5,0,9 3 10,1,70,,10824,5,0,9 3 10,1,30,,10817,5,0,9 3 10,1,70,,10825,5,0,9 3 10,1,30,,10820,5,0,9 3 10,1
20301,'7',710,,10834,5,0,9 3 10,1,30,,10836,5,0,9 3 10,1,70,,10851,5,0,9 3 10,1,30,,10843,5,0,9 3 10,1,70,,10840,5,0,9 3 10,1,30,,10852,5,0,9 3 10,1,70,,10837,5,0,9 3 10,1,30,,10842,5,0,9 3 10,1,70,,10830,5,0,9 3 10,1,30,,10841,5,0,9 3 10,1,70,,10848,5,0,9 3 10,1,30,,10845,5,0,9 3 10,1,70,,6941,5,0,9 3 10,1,30,,10844,5,0,9 3 10,1,70,,10847,5,0,9 3 10,1,30,,6490,5,0,9 3 10,1,70,,10838,5,0,9 3 10,1,30,,10835,5,0,9 3 10,1,70,,10829,5,0,9 3 10,1,30,,10833,5,0,9 3 10,1,70,,10846,5,0,9 3 10,1,30,,10849,5,0,9 3 10,1,70,,10850,5,0,9 3 10,1,30,,7663,5,0,9 3 10,1,70,,10831,5,0,9 3 10,1,30,,10839,5,0,9 3 10,1,70,,10832,5,0,9 3 10,1,30,,10828,5,0,9 3 10,1
20301,'9',1910,,6958,5,0,9 3 10,1,30,,10861,5,0,9 3 10,1,70,,10857,5,0,9 3 10,1,30,,10862,5,0,9 3 10,1,70,,10858,5,0,9 3 10,1,30,,10855,5,0,9 3 10,1,70,,10859,5,0,9 3 10,1,30,,10853,5,0,9 3 10,1,70,,10860,5,0,9 3 10,1,30,,10854,5,0,9 3 10,1
21101,'12',1849,,11563,3,,,1,70,,2910,3,,,1,30,,11561,3,,,1,70,,2670,3,,,1,30,,11559,3,,,1,70,,11560,3,,,1,30,,11562,3,,,1,70,,11558,3,,,1,30,,109,3,,,1
21101,'5',1849,,11568,3,,,1,70,,11567,3,,,1,30,,11569,3,,,1,70,,11570,3,,,1,30,,11565,3,,,1,70,,11566,3,,,1,30,,11572,3,,,1,70,,11564,3,,,1,30,,11571,3,,,1
21101,'7',719,,11580,3,,,1,30,,11590,3,,,1,70,,11588,3,,,1,30,,11598,3,,,1,70,,11591,3,,,1,30,,11586,3,,,1,70,,11581,3,,,1,30,,11593,3,,,1,70,,11597,3,,,1,30,,11594,3,,,1,70,,11592,3,,,1,30,,11576,3,,,1,70,,11596,3,,,1,30,,11575,3,,,1,70,,11587,3,,,1,30,,11584,3,,,1,70,,11582,3,,,1,30,,11599,3,,,1,70,,11577,3,,,1,30,,11579,3,,,1,70,,11574,3,,,1,30,,11595,3,,,1,70,,11585,3,,,1,30,,11573,3,,,1,70,,11578,3,,,1,30,,11583,3,,,1,70,,11589,3,,,1
21101,'9',1849,,11603,3,,,1,70,,2876,3,,,1,30,,11604,3,,,1,70,,2752,3,,,1,30,,11601,3,,,1,70,,11602,3,,,1,30,,11605,3,,,1,70,,11600,3,,,1,30,,166,3,,,1
