10101,'14',649,,3000,,,1,70,,5462,,,1,30,,5473,,,1,70,,5468,,,1,30,,5386,,,1,70,,5467,,,1,30,,5471,,,1,100,,5466,,,1,100,,5460,,,1,100,,5463,,,1,100,,5464,,,1,101,,5461,,,1,70,,5470,,,1,30,,5459,,,1,70,,5465,,,1,30,,5469,,,1,70,,5472,,,1,30,,5458,,,1
10101,'18',649,,5479,,,1,70,,5478,,,1,30,,5491,,,1,70,,5485,,,1,30,,5486,,,1,70,,5484,,,1,30,,5489,,,1,100,,5483,,,1,100,,5476,,,1,100,,5480,,,1,100,,5481,,,1,101,,5477,,,1,70,,5488,,,1,30,,5475,,,1,70,,5482,,,1,30,,5487,,,1,70,,5490,,,1,30,,5474,,,1
10101,'20',649,,2951,,,1,70,,5496,,,1,30,,5507,,,1,70,,5502,,,1,30,,5314,,,1,70,,5501,,,1,30,,5505,,,1,100,,5500,,,1,100,,5494,,,1,100,,5497,,,1,100,,5498,,,1,101,,5495,,,1,70,,5504,,,1,30,,5493,,,1,70,,5499,,,1,30,,5503,,,1,70,,5506,,,1,30,,5492,,,1
10101,'8',649,,5513,,,1,70,,5512,,,1,30,,5525,,,1,70,,5519,,,1,30,,5520,,,1,70,,5518,,,1,30,,5523,,,1,100,,5517,,,1,100,,5510,,,1,100,,5514,,,1,100,,5515,,,1,101,,5511,,,1,70,,5522,,,1,30,,5509,,,1,70,,5516,,,1,30,,5521,,,1,70,,5524,,,1,30,,5508,,,1
10601,'14',616,,6534,,,1,100,,6537,,,1,30,,6541,,,1,70,,6530,,,1,30,,6539,,,1,70,,6545,,,1,100,,6542,,,1,100,,4218,,,1,100,,6531,,,1,100,,6543,,,1,100,,4898,,,1,30,,6533,,,1,70,,6544,,,1,30,,6532,,,1,70,,6540,,,1,30,,6529,,,1,70,,3539,,,1,30,,6538,,,1,70,,6535,,,1
10601,'18',616,,6552,,,1,100,,6556,,,1,30,,6561,,,1,70,,6547,,,1,30,,6559,,,1,70,,6565,,,1,100,,6562,,,1,100,,6554,,,1,100,,6549,,,1,100,,6563,,,1,100,,6548,,,1,30,,6551,,,1,70,,6564,,,1,30,,6550,,,1,70,,6560,,,1,30,,6546,,,1,70,,6557,,,1,30,,6558,,,1,70,,6553,,,1
10601,'20',616,,6572,,,1,100,,6575,,,1,30,,6578,,,1,70,,6567,,,1,30,,6576,,,1,70,,6581,,,1,100,,6579,,,1,100,,4186,,,1,100,,6569,,,1,100,,3937,,,1,100,,6568,,,1,30,,6571,,,1,70,,6580,,,1,30,,6570,,,1,70,,6577,,,1,30,,6566,,,1,70,,3490,,,1,30,,4842,,,1,70,,6573,,,1
10601,'8',616,,6588,,,1,100,,6592,,,1,30,,6597,,,1,70,,6583,,,1,30,,6595,,,1,70,,6601,,,1,100,,6598,,,1,100,,6590,,,1,100,,6585,,,1,100,,6599,,,1,100,,6584,,,1,30,,6587,,,1,70,,6600,,,1,30,,6586,,,1,70,,6596,,,1,30,,6582,,,1,70,,6593,,,1,30,,6594,,,1,70,,6589,,,1
20601,'11',715,,9465,,,1,30,,9473,,,1,70,,9469,,,1,30,,9443,,,1,70,,9451,,,1,30,,9448,,,1,70,,9468,,,1,30,,9444,,,1,70,,9442,,,1,30,,9467,,,1,70,,9476,,,1,30,,9428,,,1,70,,9474,,,1,30,,9459,,,1,70,,9446,,,1,30,,5349,,,1,70,,9454,,,1,30,,9471,,,1,70,,9440,,,1,30,,9439,,,1,70,,5053,,,1,30,,9447,,,1,70,,9453,,,1,30,,9478,,,1,70,,9435,,,1,30,,9441,,,1,70,,9456,,,1,30,,9450,,,1
20601,'14',1845,,9483,,,1,70,,9493,,,1,30,,9484,,,1,70,,467,,,1,30,,9487,,,1,70,,9480,,,1,30,,9492,,,1,70,,9486,,,1,30,,9481,,,1,70,,9479,,,1
20601,'18',1845,,9501,,,1,70,,9513,,,1,30,,9502,,,1,70,,9506,,,1,30,,9505,,,1,70,,9497,,,1,30,,9512,,,1,70,,9504,,,1,30,,9499,,,1,70,,9496,,,1
20601,'20',1845,,9520,,,1,70,,9530,,,1,30,,9521,,,1,70,,429,,,1,30,,9524,,,1,70,,9517,,,1,30,,9529,,,1,70,,9523,,,1,30,,9518,,,1,70,,9516,,,1
20601,'4',715,,9575,,,1,30,,9583,,,1,70,,9579,,,1,30,,9548,,,1,70,,9558,,,1,30,,9554,,,1,70,,9578,,,1,30,,9549,,,1,70,,9547,,,1,30,,9577,,,1,70,,9586,,,1,30,,9533,,,1,70,,9584,,,1,30,,9567,,,1,70,,9552,,,1,30,,9565,,,1,70,,9561,,,1,30,,9581,,,1,70,,9545,,,1,30,,9544,,,1,70,,9551,,,1,30,,9553,,,1,70,,9560,,,1,30,,9588,,,1,70,,9540,,,1,30,,9546,,,1,70,,9563,,,1,30,,9556,,,1
20601,'8',1845,,9594,,,1,70,,9606,,,1,30,,9595,,,1,70,,9599,,,1,30,,9598,,,1,70,,9590,,,1,30,,9605,,,1,70,,9597,,,1,30,,9592,,,1,70,,9589,,,1
