11200,'14',655,,7723,,,1,100,,7719,,,1,100,,3024,,,1,100,,7717,,,1,100,,4118,,,1,100,,7721,,,1,100,,4903,,,1,100,,7724,,,1,102,,7720,,,1,98,,7722,,,1,100,,7718,,,1
11200,'18',655,,7734,,,1,100,,7727,,,1,100,,7732,,,1,100,,7725,,,1,100,,7730,,,1,100,,7731,,,1,100,,7728,,,1,100,,7735,,,1,102,,7729,,,1,98,,7733,,,1,100,,7726,,,1
11200,'20',655,,7738,,,1,100,,7741,,,1,100,,7744,,,1,100,,7737,,,1,100,,4086,,,1,100,,7740,,,1,100,,4837,,,1,100,,7743,,,1,102,,7739,,,1,98,,7742,,,1,100,,7736,,,1
11200,'8',655,,7748,,,1,100,,7752,,,1,100,,7755,,,1,100,,7747,,,1,100,,7750,,,1,100,,7751,,,1,100,,7746,,,1,100,,7754,,,1,102,,7749,,,1,98,,7753,,,1,100,,7745,,,1
20300,'11',738,,8736,,,1,70,,8726,,,1,30,,5142,,,1,70,,8727,,,1,30,,8737,,,1,70,,8731,,,1,30,,8741,,,1,70,,4446,,,1,30,,8739,,,1,70,,8734,,,1,30,,8728,,,1,70,,8723,,,1,30,,8732,,,1,70,,8722,,,1,30,,8738,,,1,70,,8735,,,1,30,,8721,,,1,70,,8720,,,1,30,,8718,,,1,70,,8733,,,1,30,,8725,,,1,70,,8724,,,1,30,,8729,,,1,70,,8730,,,1,30,,8740,,,1,70,,8719,,,1,30,,8717,,,1
20300,'14',1908,,8746,,,1,30,,8748,,,1,70,,8742,,,1,30,,8743,,,1,70,,5149,,,1,30,,8749,,,1,70,,8745,,,1,30,,8747,,,1,70,,8744,,,1
20300,'18',1908,,8754,,,1,30,,8757,,,1,70,,8750,,,1,30,,8751,,,1,70,,8755,,,1,30,,8758,,,1,70,,8753,,,1,30,,8756,,,1,70,,8752,,,1
20300,'20',1908,,8763,,,1,30,,8765,,,1,70,,8759,,,1,30,,8760,,,1,70,,5101,,,1,30,,8766,,,1,70,,8762,,,1,30,,8764,,,1,70,,8761,,,1
20300,'4',738,,8787,,,1,70,,8777,,,1,30,,8790,,,1,70,,8778,,,1,30,,8788,,,1,70,,8782,,,1,30,,8793,,,1,70,,8772,,,1,30,,8791,,,1,70,,8785,,,1,30,,8779,,,1,70,,8774,,,1,30,,8783,,,1,70,,8773,,,1,30,,8789,,,1,70,,8786,,,1,30,,8771,,,1,70,,8770,,,1,30,,8768,,,1,70,,8784,,,1,30,,8776,,,1,70,,8775,,,1,30,,8780,,,1,70,,8781,,,1,30,,8792,,,1,70,,8769,,,1,30,,8767,,,1
20300,'8',1908,,8798,,,1,30,,8801,,,1,70,,8794,,,1,30,,8795,,,1,70,,8799,,,1,30,,8802,,,1,70,,8797,,,1,30,,8800,,,1,70,,8796,,,1
