10801,'10',650,,15410,34,,,1,70,,15420,34,,,1,30,,15414,34,,,1,70,,15423,34,,,1,30,,15411,34,,,1,70,,15425,34,,,1,100,,15413,34,,,1,100,,15419,34,,,1,100,,15422,34,,,1,100,,15412,34,,,1,100,,13861,34,,,1,30,,15426,34,,,1,70,,13134,34,,,1,30,,15421,34,,,1,70,,15424,34,,,1,30,,15418,34,,,1,70,,15416,34,,,1
10801,'15',650,,15428,34,,,1,70,,15436,34,,,1,30,,15433,34,,,1,70,,15439,34,,,1,30,,15427,34,,,1,70,,15441,34,,,1,100,,15430,34,,,1,100,,15435,34,,,1,100,,15438,34,,,1,100,,15429,34,,,1,100,,13867,34,,,1,30,,15443,34,,,1,70,,13155,34,,,1,30,,15437,34,,,1,70,,15440,34,,,1,30,,15434,34,,,1,70,,15431,34,,,1
10901,'10',621,,15500,9,,,1,100,,15483,9,,,1,100,,15473,9,,,1,100,,15487,9,,,1,100,,15492,9,,,1,100,,13078,9,,,1,100,,15499,9,,,1,100,,15486,9,,,1,100,,15480,9,,,1,100,,15478,9,,,1,100,,15475,9,,,1,100,,15488,9,,,1
10901,'15',621,,15544,9,,,1,100,,15527,9,,,1,100,,15517,9,,,1,100,,15531,9,,,1,100,,15536,9,,,1,100,,15546,9,,,1,100,,15543,9,,,1,100,,15530,9,,,1,100,,15524,9,,,1,100,,15522,9,,,1,100,,15519,9,,,1,100,,15532,9,,,1
11401,'10',654,,15967,33,,,1,100,,15966,33,,,1,100,,12868,33,,,1,100,,15969,33,,,1,100,,15971,33,,,1,100,,15965,33,,,1,100,,15963,33,,,1,100,,15968,33,,,1,100,,15970,33,,,1,100,,15972,33,,,1,100,,15964,33,,,1,100,,13453,33,,,1
11401,'15',654,,15977,33,,,1,100,,15976,33,,,1,100,,12910,33,,,1,100,,15979,33,,,1,100,,15981,33,,,1,100,,15975,33,,,1,100,,15973,33,,,1,100,,15978,33,,,1,100,,15980,33,,,1,100,,15982,33,,,1,100,,15974,33,,,1,100,,13495,33,,,1
20901,'10',1820,,16677,9,,,1,100,,16673,9,,,1,100,,16667,9,,,1,100,,16666,9,,,1,100,,16675,9,,,1
20901,'15',1820,,16695,9,,,1,100,,16692,9,,,1,100,,16690,9,,,1,100,,16688,9,,,1,100,,16689,9,,,1
20901,'7',720,,16723,9,,,1,100,,14231,9,,,1,100,,16719,9,,,1,100,,16736,9,,,1,100,,16716,9,,,1,100,,16715,9,,,1,100,,16745,9,,,1,100,,13683,9,,,1,100,,16727,9,,,1,100,,16707,9,,,1,100,,16699,9,,,1,100,,16717,9,,,1,100,,16701,9,,,1,100,,16725,9,,,1
21401,'10',1853,,17023,39,,,1,100,,17024,39,,,1,100,,17026,39,,,1,100,,17025,39,,,1,100,,13318,39,,,1
21401,'15',1853,,17028,39,,,1,100,,17030,39,,,1,100,,17027,39,,,1,100,,17031,39,,,1,100,,17029,39,,,1
21401,'7',753,,17034,39,,,1,100,,17038,39,,,1,100,,17042,39,,,1,100,,17033,39,,,1,100,,17040,39,,,1,100,,17036,39,,,1,100,,17037,39,,,1,100,,17043,39,,,1,100,,17039,39,,,1,100,,17044,39,,,1,100,,17032,39,,,1,100,,17041,39,,,1,100,,17035,39,,,1
