10500,'14',601,,6205,,,1,100,,6191,,,1,30,,6172,,,1,70,,6202,,,1,30,,6173,,,1,70,,6201,,,1,30,,6188,,,1,70,,6171,,,1,100,,6187,,,1,100,,263,,,1,100,,6185,,,1,100,,6184,,,1,100,,6180,,,1,30,,6176,,,1,70,,6190,,,1,30,,6194,,,1,70,,862,,,1,30,,6183,,,1,70,,6203,,,1
10500,'18',601,,6243,,,1,100,,6227,,,1,30,,6207,,,1,70,,6240,,,1,30,,6208,,,1,70,,6239,,,1,30,,6223,,,1,70,,6206,,,1,100,,6222,,,1,100,,6230,,,1,100,,6220,,,1,100,,6219,,,1,100,,6215,,,1,30,,6211,,,1,70,,6226,,,1,30,,6232,,,1,70,,6228,,,1,30,,6218,,,1,70,,6241,,,1
10500,'20',601,,6278,,,1,100,,6263,,,1,30,,6245,,,1,70,,6275,,,1,30,,6246,,,1,70,,6274,,,1,30,,6260,,,1,70,,6244,,,1,100,,6259,,,1,100,,6265,,,1,100,,6257,,,1,100,,6256,,,1,100,,6252,,,1,30,,3565,,,1,70,,6262,,,1,30,,6267,,,1,70,,829,,,1,30,,6255,,,1,70,,6276,,,1
10500,'8',601,,6316,,,1,100,,6300,,,1,30,,6280,,,1,70,,6313,,,1,30,,6281,,,1,70,,6312,,,1,30,,6296,,,1,70,,6279,,,1,100,,6295,,,1,100,,6303,,,1,100,,6293,,,1,100,,6292,,,1,100,,6288,,,1,30,,6284,,,1,70,,6299,,,1,30,,6305,,,1,70,,6301,,,1,30,,6291,,,1,70,,6314,,,1
10501,'14',620,,6322,0,14 15 16,1,100,,6320,0,14 15 16,1,30,,6324,0,14 15 16,1,70,,6350,0,14 15 16,1,30,,4367,0,14 15 16,1,70,,3871,0,14 15 16,1,30,,6326,0,14 15 16,1,70,,6323,0,14 15 16,1,100,,6340,0,14 15 16,1,100,,6338,0,14 15 16,1,100,,6333,0,14 15 16,1,100,,6328,0,14 15 16,1,100,,6330,0,14 15 16,1,30,,6332,0,14 15 16,1,70,,6331,0,14 15 16,1,30,,6327,0,14 15 16,1,70,,6325,0,14 15 16,1,30,,6347,0,14 15 16,1,70,,6318,0,14 15 16,1
10501,'18',620,,6358,0,14 15 16,1,100,,6356,0,14 15 16,1,30,,6360,0,14 15 16,1,70,,6388,0,14 15 16,1,30,,6374,0,14 15 16,1,70,,6361,0,14 15 16,1,30,,6363,0,14 15 16,1,70,,6359,0,14 15 16,1,100,,6378,0,14 15 16,1,100,,6376,0,14 15 16,1,100,,6370,0,14 15 16,1,100,,6365,0,14 15 16,1,100,,6367,0,14 15 16,1,30,,6369,0,14 15 16,1,70,,6368,0,14 15 16,1,30,,6364,0,14 15 16,1,70,,6362,0,14 15 16,1,30,,6385,0,14 15 16,1,70,,6354,0,14 15 16,1
10501,'20',620,,6396,0,14 15 16,1,100,,6394,0,14 15 16,1,30,,6398,0,14 15 16,1,70,,6424,0,14 15 16,1,30,,4326,0,14 15 16,1,70,,3846,0,14 15 16,1,30,,6400,0,14 15 16,1,70,,6397,0,14 15 16,1,100,,6414,0,14 15 16,1,100,,6412,0,14 15 16,1,100,,6407,0,14 15 16,1,100,,6402,0,14 15 16,1,100,,6404,0,14 15 16,1,30,,6406,0,14 15 16,1,70,,6405,0,14 15 16,1,30,,6401,0,14 15 16,1,70,,6399,0,14 15 16,1,30,,6421,0,14 15 16,1,70,,6392,0,14 15 16,1
10501,'8',620,,6432,0,14 15 16,1,100,,6430,0,14 15 16,1,30,,6434,0,14 15 16,1,70,,6462,0,14 15 16,1,30,,6448,0,14 15 16,1,70,,6435,0,14 15 16,1,30,,6437,0,14 15 16,1,70,,6433,0,14 15 16,1,100,,6452,0,14 15 16,1,100,,6450,0,14 15 16,1,100,,6444,0,14 15 16,1,100,,6439,0,14 15 16,1,100,,6441,0,14 15 16,1,30,,6443,0,14 15 16,1,70,,6442,0,14 15 16,1,30,,6438,0,14 15 16,1,70,,6436,0,14 15 16,1,30,,6459,0,14 15 16,1,70,,6428,0,14 15 16,1
20500,'11',700,,9171,,,1,100,,9181,,,1,100,,9177,,,1,100,,9185,,,1,100,,9190,,,1,100,,9170,,,1,100,,9191,,,1,100,,9186,,,1,100,,9192,,,1,100,,9169,,,1,100,,5270,,,1,100,,9188,,,1,100,,5183,,,1,100,,9173,,,1
20500,'14',1900,,9194,,,1,100,,9195,,,1,100,,4369,,,1,100,,9200,,,1
20500,'18',1900,,9201,,,1,100,,9202,,,1,100,,9205,,,1,100,,9208,,,1
20500,'20',1900,,9209,,,1,100,,9210,,,1,100,,4328,,,1,100,,9215,,,1
20500,'4',700,,9219,,,1,100,,9230,,,1,100,,9226,,,1,100,,9234,,,1,100,,9240,,,1,100,,9218,,,1,100,,9241,,,1,100,,9235,,,1,100,,9242,,,1,100,,9216,,,1,100,,9236,,,1,100,,9238,,,1,100,,9217,,,1,100,,9222,,,1
20500,'8',1900,,9244,,,1,100,,9245,,,1,100,,9248,,,1,100,,9251,,,1
