11301,'14',652,,5474,14,,,1,100,,2215,14,,,1,100,,5477,14,,,1,100,,5490,14,,,1,100,,5482,14,,,1,100,,5459,14,,,1,100,,5461,14,,,1,100,,5464,14,,,1,100,,5479,14,,,1,100,,5483,14,,,1,100,,5463,14,,,1,100,,5484,14,,,1,100,,5466,14,,,1
11301,'18',652,,5513,14,,,1,100,,5502,14,,,1,100,,5516,14,,,1,100,,5531,14,,,1,100,,5522,14,,,1,100,,5496,14,,,1,100,,5498,14,,,1,100,,5501,14,,,1,100,,5518,14,,,1,100,,5523,14,,,1,100,,5500,14,,,1,100,,5525,14,,,1,100,,5504,14,,,1
11301,'20',652,,5545,14,,,1,100,,2139,14,,,1,100,,5548,14,,,1,100,,5566,14,,,1,100,,5552,14,,,1,100,,5537,14,,,1,100,,5568,14,,,1,100,,5540,14,,,1,100,,5556,14,,,1,100,,5564,14,,,1,100,,5571,14,,,1,100,,5567,14,,,1,100,,5542,14,,,1
11301,'8',652,,5585,14,,,1,100,,5579,14,,,1,100,,5588,14,,,1,100,,5607,14,,,1,100,,5592,14,,,1,100,,5575,14,,,1,100,,5609,14,,,1,100,,5578,14,,,1,100,,5597,14,,,1,100,,5605,14,,,1,100,,5612,14,,,1,100,,5608,14,,,1,100,,5581,14,,,1
21301,'11',752,,7709,14,,,1,100,,7712,14,,,1,100,,7732,14,,,1,100,,7726,14,,,1,100,,7710,14,,,1,100,,7734,14,,,1,100,,7738,14,,,1,100,,7720,14,,,1,100,,7725,14,,,1,100,,7730,14,,,1,100,,7705,14,,,1,100,,7711,14,,,1,100,,7706,14,,,1
21301,'14',1952,,7743,14,,,1,100,,7747,14,,,1,100,,7750,14,,,1,100,,7749,14,,,1
21301,'18',1952,,7753,14,,,1,100,,7757,14,,,1,100,,7761,14,,,1,100,,7760,14,,,1
21301,'20',1952,,7764,14,,,1,100,,7768,14,,,1,100,,7771,14,,,1,100,,7770,14,,,1
21301,'4',752,,7779,14,,,1,100,,7782,14,,,1,100,,7803,14,,,1,100,,7797,14,,,1,100,,7780,14,,,1,100,,7805,14,,,1,100,,7809,14,,,1,100,,7790,14,,,1,100,,7796,14,,,1,100,,7801,14,,,1,100,,7775,14,,,1,100,,7781,14,,,1,100,,7776,14,,,1
21301,'8',1952,,7814,14,,,1,100,,7818,14,,,1,100,,7822,14,,,1,100,,7821,14,,,1
