11100,'14',602,,7530,,,1,30,,7533,,,1,70,,7540,,,1,30,,7539,,,1,70,,1466,,,1,30,,7541,,,1,70,,7547,,,1,30,,3982,,,1,70,,7543,,,1,30,,7537,,,1,70,,7542,,,1,30,,7528,,,1,70,,7527,,,1,30,,7526,,,1,70,,7536,,,1,30,,7546,,,1,70,,7544,,,1,30,,7531,,,1,70,,7532,,,1,30,,7538,,,1,70,,7529,,,1,30,,7525,,,1,70,,7545,,,1,30,,7535,,,1,70,,7534,,,1,30,,3981,,,1
11100,'18',602,,7553,,,1,30,,7556,,,1,70,,7564,,,1,30,,7563,,,1,70,,7562,,,1,30,,7567,,,1,70,,7573,,,1,30,,7566,,,1,70,,7569,,,1,30,,7560,,,1,70,,7568,,,1,30,,7551,,,1,70,,7550,,,1,30,,7549,,,1,70,,7559,,,1,30,,7572,,,1,70,,7570,,,1,30,,7554,,,1,70,,7555,,,1,30,,7561,,,1,70,,7552,,,1,30,,7548,,,1,70,,7571,,,1,30,,7558,,,1,70,,7557,,,1,30,,7565,,,1
11100,'20',602,,7582,,,1,30,,7585,,,1,70,,7590,,,1,30,,7588,,,1,70,,1454,,,1,30,,7591,,,1,70,,7597,,,1,30,,3966,,,1,70,,7593,,,1,30,,7586,,,1,70,,7592,,,1,30,,7577,,,1,70,,7579,,,1,30,,7574,,,1,70,,7587,,,1,30,,7596,,,1,70,,7581,,,1,30,,7583,,,1,70,,7589,,,1,30,,7575,,,1,70,,7580,,,1,30,,7578,,,1,70,,7584,,,1,30,,7595,,,1,70,,7576,,,1,30,,7594,,,1
11100,'8',602,,7606,,,1,30,,7609,,,1,70,,7615,,,1,30,,7613,,,1,70,,7612,,,1,30,,7617,,,1,70,,7623,,,1,30,,7616,,,1,70,,7619,,,1,30,,7610,,,1,70,,7618,,,1,30,,7601,,,1,70,,7603,,,1,30,,7598,,,1,70,,7611,,,1,30,,7622,,,1,70,,7605,,,1,30,,7607,,,1,70,,7614,,,1,30,,7599,,,1,70,,7604,,,1,30,,7602,,,1,70,,7608,,,1,30,,7621,,,1,70,,7600,,,1,30,,7620,,,1
21100,'11',732,,10016,,,1,70,,10029,,,1,30,,10012,,,1,70,,10031,,,1,30,,10015,,,1,70,,10014,,,1,30,,10024,,,1,70,,10019,,,1,30,,10035,,,1,70,,5054,,,1,30,,10013,,,1,70,,10027,,,1,30,,10018,,,1,70,,10026,,,1,30,,10022,,,1,70,,10028,,,1,30,,10025,,,1,70,,10020,,,1,30,,10030,,,1,70,,10032,,,1,30,,10034,,,1,70,,4928,,,1,30,,10023,,,1,70,,10017,,,1,30,,10033,,,1,70,,10021,,,1,30,,10011,,,1
21100,'14',1902,,10038,,,1,30,,10044,,,1,70,,10037,,,1,30,,10036,,,1,70,,10040,,,1,30,,10043,,,1,70,,10041,,,1,30,,10039,,,1,70,,10042,,,1
21100,'18',1902,,10047,,,1,30,,10053,,,1,70,,10046,,,1,30,,10045,,,1,70,,10049,,,1,30,,10052,,,1,70,,10050,,,1,30,,10048,,,1,70,,10051,,,1
21100,'20',1902,,10061,,,1,30,,10062,,,1,70,,10055,,,1,30,,10054,,,1,70,,10057,,,1,30,,10060,,,1,70,,10058,,,1,30,,10056,,,1,70,,10059,,,1
21100,'4',732,,10069,,,1,70,,10083,,,1,30,,10064,,,1,70,,10085,,,1,30,,10068,,,1,70,,10067,,,1,30,,10078,,,1,70,,10072,,,1,30,,10089,,,1,70,,10076,,,1,30,,10065,,,1,70,,10081,,,1,30,,10071,,,1,70,,10080,,,1,30,,10075,,,1,70,,10082,,,1,30,,10079,,,1,70,,10073,,,1,30,,10084,,,1,70,,10086,,,1,30,,10088,,,1,70,,10066,,,1,30,,10077,,,1,70,,10070,,,1,30,,10087,,,1,70,,10074,,,1,30,,10063,,,1
21100,'8',1902,,10097,,,1,30,,10098,,,1,70,,10091,,,1,30,,10090,,,1,70,,10093,,,1,30,,10096,,,1,70,,10094,,,1,30,,10092,,,1,70,,10095,,,1
