10501,'14',616,,3799,3,0,14 15 16,1,100,,3797,3,0,14 15 16,1,30,,3801,3,0,14 15 16,1,70,,3827,3,0,14 15 16,1,30,,1733,3,0,14 15 16,1,70,,1161,3,0,14 15 16,1,30,,3803,3,0,14 15 16,1,70,,3800,3,0,14 15 16,1,100,,3817,3,0,14 15 16,1,100,,3815,3,0,14 15 16,1,100,,3810,3,0,14 15 16,1,100,,3805,3,0,14 15 16,1,100,,3807,3,0,14 15 16,1,30,,3809,3,0,14 15 16,1,70,,3808,3,0,14 15 16,1,30,,3804,3,0,14 15 16,1,70,,3802,3,0,14 15 16,1,30,,3824,3,0,14 15 16,1,70,,3795,3,0,14 15 16,1
10501,'18',616,,3835,3,0,14 15 16,1,100,,3833,3,0,14 15 16,1,30,,3837,3,0,14 15 16,1,70,,3865,3,0,14 15 16,1,30,,3851,3,0,14 15 16,1,70,,3838,3,0,14 15 16,1,30,,3840,3,0,14 15 16,1,70,,3836,3,0,14 15 16,1,100,,3855,3,0,14 15 16,1,100,,3853,3,0,14 15 16,1,100,,3847,3,0,14 15 16,1,100,,3842,3,0,14 15 16,1,100,,3844,3,0,14 15 16,1,30,,3846,3,0,14 15 16,1,70,,3845,3,0,14 15 16,1,30,,3841,3,0,14 15 16,1,70,,3839,3,0,14 15 16,1,30,,3862,3,0,14 15 16,1,70,,3831,3,0,14 15 16,1
10501,'20',616,,3873,3,0,14 15 16,1,100,,3871,3,0,14 15 16,1,30,,3875,3,0,14 15 16,1,70,,3901,3,0,14 15 16,1,30,,1685,3,0,14 15 16,1,70,,1133,3,0,14 15 16,1,30,,3877,3,0,14 15 16,1,70,,3874,3,0,14 15 16,1,100,,3891,3,0,14 15 16,1,100,,3889,3,0,14 15 16,1,100,,3884,3,0,14 15 16,1,100,,3879,3,0,14 15 16,1,100,,3881,3,0,14 15 16,1,30,,3883,3,0,14 15 16,1,70,,3882,3,0,14 15 16,1,30,,3878,3,0,14 15 16,1,70,,3876,3,0,14 15 16,1,30,,3898,3,0,14 15 16,1,70,,3869,3,0,14 15 16,1
10501,'8',616,,3909,3,0,14 15 16,1,100,,3907,3,0,14 15 16,1,30,,3911,3,0,14 15 16,1,70,,3939,3,0,14 15 16,1,30,,3925,3,0,14 15 16,1,70,,3912,3,0,14 15 16,1,30,,3914,3,0,14 15 16,1,70,,3910,3,0,14 15 16,1,100,,3929,3,0,14 15 16,1,100,,3927,3,0,14 15 16,1,100,,3921,3,0,14 15 16,1,100,,3916,3,0,14 15 16,1,100,,3918,3,0,14 15 16,1,30,,3920,3,0,14 15 16,1,70,,3919,3,0,14 15 16,1,30,,3915,3,0,14 15 16,1,70,,3913,3,0,14 15 16,1,30,,3936,3,0,14 15 16,1,70,,3905,3,0,14 15 16,1
20501,'11',716,,6737,3,,,1,100,,6733,3,,,1,100,,6731,3,,,1,100,,6729,3,,,1,100,,6754,3,,,1,100,,6739,3,,,1,100,,6744,3,,,1,100,,6746,3,,,1,100,,6736,3,,,1,100,,2688,3,,,1,100,,6745,3,,,1,100,,6749,3,,,1,100,,6743,3,,,1,100,,6741,3,,,1
20501,'14',1916,,6761,3,,,1,100,,6757,3,,,1,100,,6758,3,,,1,100,,6759,3,,,1
20501,'18',1916,,6769,3,,,1,100,,6765,3,,,1,100,,6766,3,,,1,100,,6767,3,,,1
20501,'20',1916,,6777,3,,,1,100,,6773,3,,,1,100,,6774,3,,,1,100,,6775,3,,,1
20501,'4',716,,6788,3,,,1,100,,6784,3,,,1,100,,6782,3,,,1,100,,6779,3,,,1,100,,6806,3,,,1,100,,6790,3,,,1,100,,6795,3,,,1,100,,6798,3,,,1,100,,6787,3,,,1,100,,6781,3,,,1,100,,6797,3,,,1,100,,6801,3,,,1,100,,6794,3,,,1,100,,6792,3,,,1
20501,'8',1916,,6813,3,,,1,100,,6809,3,,,1,100,,6810,3,,,1,100,,6811,3,,,1
