10401,'10',642,,12283,6,,,1,70,,12281,6,,,1,30,,9941,6,,,1,70,,12299,6,,,1,30,,12286,6,,,1,70,,12308,6,,,1,30,,12280,6,,,1,70,,9433,6,,,1,30,,12287,6,,,1,70,,12289,6,,,1,30,,12311,6,,,1,70,,12315,6,,,1,30,,12304,6,,,1,70,,12292,6,,,1,30,,12278,6,,,1,70,,12301,6,,,1,30,,12277,6,,,1,70,,12279,6,,,1,30,,12303,6,,,1,70,,12293,6,,,1,30,,12297,6,,,1,70,,12314,6,,,1,30,,12312,6,,,1,70,,12282,6,,,1,30,,12309,6,,,1
10401,'13',642,,12327,6,,,1,70,,12325,6,,,1,30,,9899,6,,,1,70,,12342,6,,,1,30,,12330,6,,,1,70,,12351,6,,,1,30,,12324,6,,,1,70,,9319,6,,,1,30,,12331,6,,,1,70,,10018,6,,,1,30,,12354,6,,,1,70,,12358,6,,,1,30,,12347,6,,,1,70,,12335,6,,,1,30,,12322,6,,,1,70,,12344,6,,,1,30,,12321,6,,,1,70,,12323,6,,,1,30,,12346,6,,,1,70,,12336,6,,,1,30,,12340,6,,,1,70,,12357,6,,,1,30,,12355,6,,,1,70,,12326,6,,,1,30,,12352,6,,,1
10800,'10',727,,12748,19,,,1,30,,11022,19,,,1,70,,12747,19,,,1,30,,12742,19,,,1,70,,12732,19,,,1,30,,12722,19,,,1,100,,12737,19,,,1,100,,12740,19,,,1,100,,12736,19,,,1,100,,12727,19,,,1,100,,12751,19,,,1,70,,12730,19,,,1,30,,12739,19,,,1,70,,12725,19,,,1,30,,12729,19,,,1,70,,12723,19,,,1,30,,12752,19,,,1
10800,'13',727,,9541,19,,,1,30,,10934,19,,,1,70,,12781,19,,,1,30,,10140,19,,,1,70,,12774,19,,,1,30,,12755,19,,,1,100,,12770,19,,,1,100,,12773,19,,,1,100,,12769,19,,,1,100,,12760,19,,,1,100,,12783,19,,,1,70,,12763,19,,,1,30,,12772,19,,,1,70,,12758,19,,,1,30,,12762,19,,,1,70,,12756,19,,,1,30,,12784,19,,,1
10801,'10',627,,12793,7,,,1,30,,12797,7,,,1
10801,'13',627,,12813,7,,,1,30,,12815,7,,,1
20301,'10',2409,,13642,19,,,1
20301,'13',2409,,13653,19,,,1
20401,'10',1913,,13741,6,,,1,30,,13746,6,,,1,70,,13732,6,,,1,30,,6400,6,,,1,70,,13736,6,,,1,30,,13739,6,,,1,70,,13745,6,,,1,30,,13747,6,,,1,70,,13737,6,,,1,30,,13744,6,,,1
20401,'13',1913,,13758,6,,,1,30,,13763,6,,,1,70,,13749,6,,,1,30,,6417,6,,,1,70,,13754,6,,,1,30,,11306,6,,,1,70,,13762,6,,,1,30,,13764,6,,,1,70,,13755,6,,,1,30,,13761,6,,,1
20401,'7',743,,13765,6,,,1,70,,13788,6,,,1,30,,13810,6,,,1,70,,11937,6,,,1,30,,13777,6,,,1,70,,13772,6,,,1,30,,13781,6,,,1,70,,13811,6,,,1,30,,13793,6,,,1,70,,13775,6,,,1,30,,11674,6,,,1,70,,13770,6,,,1,30,,13807,6,,,1,70,,13771,6,,,1,30,,13815,6,,,1,70,,13789,6,,,1,30,,13806,6,,,1,70,,13782,6,,,1,30,,13797,6,,,1,70,,13805,6,,,1,30,,13813,6,,,1,70,,13795,6,,,1,30,,13779,6,,,1,70,,11233,6,,,1,30,,13780,6,,,1,70,,13799,6,,,1,30,,13773,6,,,1,70,,13792,6,,,1
