10901,'12',612,,9653,1,,,1,100,,9644,1,,,1,100,,9652,1,,,1,100,,9634,1,,,1,100,,9621,1,,,1,100,,9649,1,,,1,100,,6130,1,,,1,100,,9623,1,,,1,100,,9631,1,,,1,100,,9648,1,,,1,100,,9625,1,,,1,100,,9626,1,,,1
10901,'5',612,,9698,1,,,1,100,,9688,1,,,1,100,,9697,1,,,1,100,,9678,1,,,1,100,,9665,1,,,1,100,,9693,1,,,1,100,,9696,1,,,1,100,,9667,1,,,1,100,,9675,1,,,1,100,,9692,1,,,1,100,,9669,1,,,1,100,,9670,1,,,1
10901,'9',612,,9744,1,,,1,100,,9735,1,,,1,100,,9743,1,,,1,100,,9725,1,,,1,100,,9712,1,,,1,100,,9740,1,,,1,100,,6040,1,,,1,100,,9714,1,,,1,100,,9722,1,,,1,100,,9739,1,,,1,100,,9716,1,,,1,100,,9717,1,,,1
11300,'12',642,,10121,1,0,14 15 16,1,100,,10137,1,0,14 15 16,1,100,,10126,1,0,14 15 16,1,100,,10118,1,0,14 15 16,1,100,,10130,1,0,14 15 16,1,100,,10141,1,0,14 15 16,1,100,,10143,1,0,14 15 16,1,100,,10127,1,0,14 15 16,1,100,,10122,1,0,14 15 16,1,100,,10116,1,0,14 15 16,1,100,,10133,1,0,14 15 16,1,100,,10136,1,0,14 15 16,1,100,,10125,1,0,14 15 16,1
11300,'5',642,,10164,1,0,14 15 16,1,100,,10177,1,0,14 15 16,1,100,,10167,1,0,14 15 16,1,100,,10158,1,0,14 15 16,1,100,,10170,1,0,14 15 16,1,100,,10180,1,0,14 15 16,1,100,,10150,1,0,14 15 16,1,100,,10168,1,0,14 15 16,1,100,,10173,1,0,14 15 16,1,100,,10161,1,0,14 15 16,1,100,,10160,1,0,14 15 16,1,100,,10153,1,0,14 15 16,1,100,,10179,1,0,14 15 16,1
11300,'9',642,,10196,1,0,14 15 16,1,100,,10209,1,0,14 15 16,1,100,,10201,1,0,14 15 16,1,100,,10191,1,0,14 15 16,1,100,,10204,1,0,14 15 16,1,100,,10212,1,0,14 15 16,1,100,,10199,1,0,14 15 16,1,100,,10202,1,0,14 15 16,1,100,,10216,1,0,14 15 16,1,100,,10192,1,0,14 15 16,1,100,,10195,1,0,14 15 16,1,100,,10188,1,0,14 15 16,1,100,,10208,1,0,14 15 16,1
20901,'12',1812,,5156,1,,,1,100,,11305,1,,,1,100,,11307,1,,,1,100,,11297,1,,,1,100,,11303,1,,,1
20901,'5',1812,,11318,1,,,1,100,,11322,1,,,1,100,,11325,1,,,1,100,,11327,1,,,1,100,,11324,1,,,1
20901,'7',712,,11336,1,,,1,100,,11355,1,,,1,100,,11371,1,,,1,100,,11382,1,,,1,100,,11339,1,,,1,100,,11348,1,,,1,100,,11353,1,,,1,100,,11383,1,,,1,100,,11334,1,,,1,100,,11368,1,,,1,100,,11370,1,,,1,100,,6202,1,,,1,100,,11380,1,,,1,100,,11351,1,,,1
20901,'9',1812,,11393,1,,,1,100,,11396,1,,,1,100,,11387,1,,,1,100,,4914,1,,,1,100,,7746,1,,,1
