10601,'14',556,,6534,,,1,100,,6537,,,1,70,,6541,,,1,30,,6530,,,1,70,,6539,,,1,30,,6545,,,1,70,,6536,0,17,1,30,,6542,,,1,100,,4218,,,1,100,,6531,,,1,100,,6543,,,1,100,,4898,,,1,70,,6533,,,1,30,,6544,,,1,70,,6532,,,1,30,,6540,,,1,70,,6529,,,1,30,,3539,,,1,70,,6538,,,1,30,,6535,,,1
10601,'18',556,,6552,,,1,100,,6556,,,1,70,,6561,,,1,30,,6547,,,1,70,,6559,,,1,30,,6565,,,1,70,,6555,0,17,1,30,,6562,,,1,100,,6554,,,1,100,,6549,,,1,100,,6563,,,1,100,,6548,,,1,70,,6551,,,1,30,,6564,,,1,70,,6550,,,1,30,,6560,,,1,70,,6546,,,1,30,,6557,,,1,70,,6558,,,1,30,,6553,,,1
10601,'20',556,,6572,,,1,100,,6575,,,1,70,,6578,,,1,30,,6567,,,1,70,,6576,,,1,30,,6581,,,1,70,,6574,0,17,1,30,,6579,,,1,100,,4186,,,1,100,,6569,,,1,100,,3937,,,1,100,,6568,,,1,70,,6571,,,1,30,,6580,,,1,70,,6570,,,1,30,,6577,,,1,70,,6566,,,1,30,,3490,,,1,70,,4842,,,1,30,,6573,,,1
10601,'8',556,,6588,,,1,100,,6592,,,1,70,,6597,,,1,30,,6583,,,1,70,,6595,,,1,30,,6601,,,1,70,,6591,0,17,1,30,,6598,,,1,100,,6590,,,1,100,,6585,,,1,100,,6599,,,1,100,,6584,,,1,70,,6587,,,1,30,,6600,,,1,70,,6586,,,1,30,,6596,,,1,70,,6582,,,1,30,,6593,,,1,70,,6594,,,1,30,,6589,,,1
20601,'11',653,,9437,,,1,70,,9431,,,1,30,,9457,,,1,70,,5119,,,1,30,,9461,,,1,70,,9449,,,1,30,,9438,,,1,70,,9434,,,1,30,,9430,,,1,70,,9462,,,1,30,,9429,,,1,70,,9475,,,1,30,,9472,,,1,70,,9458,,,1,30,,9432,,,1,70,,9466,,,1,30,,9452,,,1,70,,9477,,,1,30,,9470,,,1,70,,2244,,,1,30,,9455,,,1,70,,9460,,,1,30,,9464,,,1,70,,9463,,,1,30,,9445,,,1,70,,9433,,,1,30,,5131,,,1,70,,9436,,,1
20601,'14',1823,,9495,,,1,30,,3345,,,1,70,,9485,,,1,30,,9494,,,1,70,,9491,,,1,30,,9490,,,1,70,,9488,,,1,30,,3190,,,1,70,,9489,,,1,30,,9482,,,1
20601,'18',1823,,9515,,,1,30,,9507,,,1,70,,9503,,,1,30,,9514,,,1,70,,9511,,,1,30,,9510,,,1,70,,9508,,,1,30,,9498,,,1,70,,9509,,,1,30,,9500,,,1
20601,'20',1823,,9532,,,1,30,,3310,,,1,70,,9522,,,1,30,,9531,,,1,70,,9528,,,1,30,,9527,,,1,70,,9525,,,1,30,,3145,,,1,70,,9526,,,1,30,,9519,,,1
20601,'4',653,,9542,,,1,70,,9536,,,1,30,,9564,,,1,70,,9557,,,1,30,,9569,,,1,70,,9555,,,1,30,,9543,,,1,70,,9539,,,1,30,,9535,,,1,70,,9570,,,1,30,,9534,,,1,70,,9585,,,1,30,,9582,,,1,70,,9566,,,1,30,,9537,,,1,70,,9576,,,1,30,,9559,,,1,70,,9587,,,1,30,,9580,,,1,70,,9573,,,1,30,,9562,,,1,70,,9568,,,1,30,,9574,,,1,70,,9572,,,1,30,,9550,,,1,70,,9538,,,1,30,,9571,,,1,70,,9541,,,1
20601,'8',1823,,9608,,,1,30,,9600,,,1,70,,9596,,,1,30,,9607,,,1,70,,9604,,,1,30,,9603,,,1,70,,9601,,,1,30,,9591,,,1,70,,9602,,,1,30,,9593,,,1
