11601,'14',614,,6042,14,0,9 3 10 16,1,30,,6019,14,0,9 3 10 16,1,70,,6021,14,0,9 3 10 16,1,30,,6051,14,0,9 3 10 16,1,70,,6043,14,0,9 3 10 16,1,30,,262,14,0,9 3 10 16,1,70,,6018,14,0,9 3 10 16,1,30,,6035,14,0,9 3 10 16,1,70,,6027,14,0,9 3 10 16,1,30,,6053,14,0,9 3 10 16,1,70,,6047,14,0,9 3 10 16,1,30,,6046,14,0,9 3 10 16,1,70,,6024,14,0,9 3 10 16,1,30,,6031,14,0,9 3 10 16,1,70,,6044,14,0,9 3 10 16,1,30,,1209,14,0,9 3 10 16,1,70,,6020,14,0,9 3 10 16,1,30,,6032,14,0,9 3 10 16,1,70,,6052,14,0,9 3 10 16,1,30,,6040,14,0,9 3 10 16,1,70,,6034,14,0,9 3 10 16,1,30,,6033,14,0,9 3 10 16,1,70,,6026,14,0,9 3 10 16,1,30,,6025,14,0,9 3 10 16,1
11601,'18',614,,6089,14,0,9 3 10 16,1,30,,6062,14,0,9 3 10 16,1,70,,6064,14,0,9 3 10 16,1,30,,6099,14,0,9 3 10 16,1,70,,6090,14,0,9 3 10 16,1,30,,6092,14,0,9 3 10 16,1,70,,6061,14,0,9 3 10 16,1,30,,6081,14,0,9 3 10 16,1,70,,6071,14,0,9 3 10 16,1,30,,6101,14,0,9 3 10 16,1,70,,6095,14,0,9 3 10 16,1,30,,6094,14,0,9 3 10 16,1,70,,6068,14,0,9 3 10 16,1,30,,6076,14,0,9 3 10 16,1,70,,6091,14,0,9 3 10 16,1,30,,6067,14,0,9 3 10 16,1,70,,6063,14,0,9 3 10 16,1,30,,6077,14,0,9 3 10 16,1,70,,6100,14,0,9 3 10 16,1,30,,6087,14,0,9 3 10 16,1,70,,6080,14,0,9 3 10 16,1,30,,6078,14,0,9 3 10 16,1,70,,6070,14,0,9 3 10 16,1,30,,6069,14,0,9 3 10 16,1
11601,'20',614,,6132,14,0,9 3 10 16,1,30,,6109,14,0,9 3 10 16,1,70,,6111,14,0,9 3 10 16,1,30,,6141,14,0,9 3 10 16,1,70,,6133,14,0,9 3 10 16,1,30,,242,14,0,9 3 10 16,1,70,,6108,14,0,9 3 10 16,1,30,,6124,14,0,9 3 10 16,1,70,,6118,14,0,9 3 10 16,1,30,,6143,14,0,9 3 10 16,1,70,,6137,14,0,9 3 10 16,1,30,,6136,14,0,9 3 10 16,1,70,,6115,14,0,9 3 10 16,1,30,,6121,14,0,9 3 10 16,1,70,,6134,14,0,9 3 10 16,1,30,,6114,14,0,9 3 10 16,1,70,,6110,14,0,9 3 10 16,1,30,,1189,14,0,9 3 10 16,1,70,,6142,14,0,9 3 10 16,1,30,,6130,14,0,9 3 10 16,1,70,,6123,14,0,9 3 10 16,1,30,,6122,14,0,9 3 10 16,1,70,,6117,14,0,9 3 10 16,1,30,,6116,14,0,9 3 10 16,1
11601,'8',614,,6179,14,0,9 3 10 16,1,30,,6152,14,0,9 3 10 16,1,70,,6154,14,0,9 3 10 16,1,30,,6189,14,0,9 3 10 16,1,70,,6180,14,0,9 3 10 16,1,30,,6182,14,0,9 3 10 16,1,70,,6151,14,0,9 3 10 16,1,30,,6171,14,0,9 3 10 16,1,70,,6161,14,0,9 3 10 16,1,30,,6191,14,0,9 3 10 16,1,70,,6185,14,0,9 3 10 16,1,30,,6184,14,0,9 3 10 16,1,70,,6158,14,0,9 3 10 16,1,30,,6166,14,0,9 3 10 16,1,70,,6181,14,0,9 3 10 16,1,30,,6157,14,0,9 3 10 16,1,70,,6153,14,0,9 3 10 16,1,30,,6167,14,0,9 3 10 16,1,70,,6190,14,0,9 3 10 16,1,30,,6177,14,0,9 3 10 16,1,70,,6170,14,0,9 3 10 16,1,30,,6168,14,0,9 3 10 16,1,70,,6160,14,0,9 3 10 16,1,30,,6159,14,0,9 3 10 16,1
21601,'11',644,,8171,14,0,9 3 10 16,1,70,,8153,14,0,9 3 10 16,1,30,,8160,14,0,9 3 10 16,1,70,,8148,14,0,9 3 10 16,1,30,,8155,14,0,9 3 10 16,1,70,,8173,14,0,9 3 10 16,1,30,,8147,14,0,9 3 10 16,1,70,,8150,14,0,9 3 10 16,1,30,,8125,14,0,9 3 10 16,1,70,,8169,14,0,9 3 10 16,1,30,,8143,14,0,9 3 10 16,1,70,,8158,14,0,9 3 10 16,1,30,,8165,14,0,9 3 10 16,1,70,,8178,14,0,9 3 10 16,1,30,,8170,14,0,9 3 10 16,1,70,,8167,14,0,9 3 10 16,1,30,,8137,14,0,9 3 10 16,1,70,,8152,14,0,9 3 10 16,1,30,,8133,14,0,9 3 10 16,1,70,,8142,14,0,9 3 10 16,1,30,,8151,14,0,9 3 10 16,1,70,,8132,14,0,9 3 10 16,1,30,,8177,14,0,9 3 10 16,1,70,,8145,14,0,9 3 10 16,1,30,,8179,14,0,9 3 10 16,1,70,,2575,14,0,9 3 10 16,1,30,,8130,14,0,9 3 10 16,1,70,,8140,14,0,9 3 10 16,1,30,,8164,14,0,9 3 10 16,1
21601,'14',1814,,8184,14,0,9 3 10 16,1,30,,8196,14,0,9 3 10 16,1,70,,8189,14,0,9 3 10 16,1,30,,8186,14,0,9 3 10 16,1,70,,1655,14,0,9 3 10 16,1,30,,8187,14,0,9 3 10 16,1,70,,8198,14,0,9 3 10 16,1,30,,8192,14,0,9 3 10 16,1,70,,8194,14,0,9 3 10 16,1,30,,8181,14,0,9 3 10 16,1,70,,8195,14,0,9 3 10 16,1
21601,'18',1814,,8205,14,0,9 3 10 16,1,30,,8218,14,0,9 3 10 16,1,70,,8210,14,0,9 3 10 16,1,30,,8207,14,0,9 3 10 16,1,70,,8215,14,0,9 3 10 16,1,30,,8208,14,0,9 3 10 16,1,70,,8220,14,0,9 3 10 16,1,30,,8213,14,0,9 3 10 16,1,70,,8216,14,0,9 3 10 16,1,30,,8202,14,0,9 3 10 16,1,70,,8217,14,0,9 3 10 16,1
21601,'20',1814,,8226,14,0,9 3 10 16,1,30,,8238,14,0,9 3 10 16,1,70,,8231,14,0,9 3 10 16,1,30,,8228,14,0,9 3 10 16,1,70,,1609,14,0,9 3 10 16,1,30,,8229,14,0,9 3 10 16,1,70,,8240,14,0,9 3 10 16,1,30,,8234,14,0,9 3 10 16,1,70,,8236,14,0,9 3 10 16,1,30,,8223,14,0,9 3 10 16,1,70,,8237,14,0,9 3 10 16,1
21601,'4',644,,8291,14,0,9 3 10 16,1,70,,8273,14,0,9 3 10 16,1,30,,8280,14,0,9 3 10 16,1,70,,8267,14,0,9 3 10 16,1,30,,8275,14,0,9 3 10 16,1,70,,8293,14,0,9 3 10 16,1,30,,8266,14,0,9 3 10 16,1,70,,8270,14,0,9 3 10 16,1,30,,8244,14,0,9 3 10 16,1,70,,8289,14,0,9 3 10 16,1,30,,8262,14,0,9 3 10 16,1,70,,8278,14,0,9 3 10 16,1,30,,8285,14,0,9 3 10 16,1,70,,8298,14,0,9 3 10 16,1,30,,8290,14,0,9 3 10 16,1,70,,8287,14,0,9 3 10 16,1,30,,8256,14,0,9 3 10 16,1,70,,8272,14,0,9 3 10 16,1,30,,8252,14,0,9 3 10 16,1,70,,8261,14,0,9 3 10 16,1,30,,8271,14,0,9 3 10 16,1,70,,8251,14,0,9 3 10 16,1,30,,8297,14,0,9 3 10 16,1,70,,8264,14,0,9 3 10 16,1,30,,8299,14,0,9 3 10 16,1,70,,8268,14,0,9 3 10 16,1,30,,8249,14,0,9 3 10 16,1,70,,8259,14,0,9 3 10 16,1,30,,8284,14,0,9 3 10 16,1
21601,'8',1814,,8305,14,0,9 3 10 16,1,30,,8318,14,0,9 3 10 16,1,70,,8310,14,0,9 3 10 16,1,30,,8307,14,0,9 3 10 16,1,70,,8315,14,0,9 3 10 16,1,30,,8308,14,0,9 3 10 16,1,70,,8320,14,0,9 3 10 16,1,30,,8313,14,0,9 3 10 16,1,70,,8316,14,0,9 3 10 16,1,30,,8302,14,0,9 3 10 16,1,70,,8317,14,0,9 3 10 16,1
