10600,'10',643,,15147,12,,,1,100,,15142,12,,,1,70,,12100,12,,,1,30,,15146,12,,,1,70,,12732,12,,,1,30,,15144,12,,,1,100,,15151,12,,,1,100,,15149,12,,,1,100,,15150,12,,,1,100,,15139,12,,,1,100,,15141,12,,,1,70,,15143,12,,,1,30,,15145,12,,,1,70,,15137,12,,,1,32,,15138,12,,,1,68,,15148,12,,,1,32,,15140,12,,,1
10600,'15',643,,15163,12,,,1,100,,15158,12,,,1,70,,12153,12,,,1,30,,15162,12,,,1,70,,15156,12,,,1,30,,15160,12,,,1,100,,15167,12,,,1,100,,15165,12,,,1,100,,15166,12,,,1,100,,15154,12,,,1,100,,15157,12,,,1,70,,15159,12,,,1,30,,15161,12,,,1,70,,15152,12,,,1,32,,15153,12,,,1,68,,15164,12,,,1,32,,15155,12,,,1
10601,'10',607,,15169,18,,,1,100,,15185,18,,,1,30,,15174,18,,,1,70,,15182,18,,,1,30,,15171,18,,,1,70,,15172,18,,,1,100,,15180,18,,,1,100,,15177,18,,,1,100,,12822,18,,,1,100,,15178,18,,,1,100,,15179,18,,,1,30,,15176,18,,,1,70,,15168,18,,,1,30,,15184,18,,,1,70,,15175,18,,,1,30,,15181,18,,,1,70,,15183,18,,,1,30,,15173,18,,,1,70,,12933,18,,,1
10601,'15',607,,15187,18,,,1,100,,15202,18,,,1,30,,15192,18,,,1,70,,15199,18,,,1,30,,15189,18,,,1,70,,15190,18,,,1,100,,15197,18,,,1,100,,15194,18,,,1,100,,12833,18,,,1,100,,15195,18,,,1,100,,15196,18,,,1,30,,13119,18,,,1,70,,15186,18,,,1,30,,15201,18,,,1,70,,15193,18,,,1,30,,15198,18,,,1,70,,15200,18,,,1,30,,15191,18,,,1,70,,12953,18,,,1
20600,'10',1813,,16526,17,,,1,29,,16523,17,,,1,71,,16521,17,,,1,31,,16520,17,,,1,70,,12073,17,,,1,30,,11998,17,,,1,69,,16522,17,,,1,30,,16524,17,,,1,70,,13603,17,,,1,30,,16525,17,,,1
20600,'15',1813,,16532,17,,,1,29,,16528,17,,,1,71,,16530,17,,,1,31,,16527,17,,,1,70,,12126,17,,,1,30,,12016,17,,,1,69,,13146,17,,,1,30,,16529,17,,,1,70,,13612,17,,,1,30,,16531,17,,,1
20600,'7',742,,16547,17,,,1,70,,16535,17,,,1,30,,16550,17,,,1,70,,16548,17,,,1,30,,16538,17,,,1,70,,14174,17,,,1,30,,16534,17,,,1,71,,16551,17,,,1,29,,16536,17,,,1,70,,16549,17,,,1,30,,16552,17,,,1,70,,16542,17,,,1,30,,16543,17,,,1,71,,14427,17,,,1,29,,16553,17,,,1,70,,13787,17,,,1,30,,16546,17,,,1,70,,16537,17,,,1,30,,13774,17,,,1,70,,16541,17,,,1,30,,16540,17,,,1,70,,16533,17,,,1,31,,14488,17,,,1,70,,16539,17,,,1,30,,16544,17,,,1,70,,16545,17,,,1
20601,'10',1837,,16557,8,,,1,70,,16562,8,,,1,30,,16558,8,,,1,70,,16559,8,,,1,30,,16563,8,,,1,70,,16561,8,,,1,30,,16560,8,,,1,70,,16568,8,,,1,30,,16564,8,,,1,70,,16573,8,,,1
20601,'15',1837,,16577,8,,,1,70,,16581,8,,,1,30,,16592,8,,,1,70,,16578,8,,,1,30,,16582,8,,,1,70,,16580,8,,,1,30,,16579,8,,,1,70,,16587,8,,,1,30,,16584,8,,,1,70,,16593,8,,,1
20601,'7',707,,16594,8,,,1,30,,16605,8,,,1,70,,16618,8,,,1,30,,16636,8,,,1,70,,16640,8,,,1,30,,16643,8,,,1,70,,16641,8,,,1,30,,16595,8,,,1,70,,16609,8,,,1,30,,16607,8,,,1,70,,16598,8,,,1,30,,16603,8,,,1,70,,16637,8,,,1,30,,16634,8,,,1,70,,16606,8,,,1,30,,16633,8,,,1,70,,16599,8,,,1,30,,16630,8,,,1,70,,16624,8,,,1,30,,16626,8,,,1,70,,14408,8,,,1,30,,16629,8,,,1,70,,16615,8,,,1,30,,16622,8,,,1,70,,16604,8,,,1,30,,16623,8,,,1,70,,16610,8,,,1,30,,14014,8,,,1
