10601,'14',557,,4011,4,,,1,100,,4014,4,,,1,70,,4018,4,,,1,30,,4007,4,,,1,70,,4016,4,,,1,30,,4022,4,,,1,70,,4013,4,0,17,1,30,,4019,4,,,1,100,,1560,4,,,1,100,,4008,4,,,1,100,,4020,4,,,1,100,,2330,4,,,1,70,,4010,4,,,1,30,,4021,4,,,1,70,,4009,4,,,1,30,,4017,4,,,1,70,,4006,4,,,1,30,,773,4,,,1,70,,4015,4,,,1,30,,4012,4,,,1
10601,'18',557,,4029,4,,,1,100,,4033,4,,,1,70,,4038,4,,,1,30,,4024,4,,,1,70,,4036,4,,,1,30,,4042,4,,,1,70,,4032,4,0,17,1,30,,4039,4,,,1,100,,4031,4,,,1,100,,4026,4,,,1,100,,4040,4,,,1,100,,4025,4,,,1,70,,4028,4,,,1,30,,4041,4,,,1,70,,4027,4,,,1,30,,4037,4,,,1,70,,4023,4,,,1,30,,4034,4,,,1,70,,4035,4,,,1,30,,4030,4,,,1
10601,'20',557,,4049,4,,,1,100,,4052,4,,,1,70,,4055,4,,,1,30,,4044,4,,,1,70,,4053,4,,,1,30,,4058,4,,,1,70,,4051,4,0,17,1,30,,4056,4,,,1,100,,1524,4,,,1,100,,4046,4,,,1,100,,1237,4,,,1,100,,4045,4,,,1,70,,4048,4,,,1,30,,4057,4,,,1,70,,4047,4,,,1,30,,4054,4,,,1,70,,4043,4,,,1,30,,713,4,,,1,70,,2265,4,,,1,30,,4050,4,,,1
10601,'8',557,,4065,4,,,1,100,,4069,4,,,1,70,,4074,4,,,1,30,,4060,4,,,1,70,,4072,4,,,1,30,,4078,4,,,1,70,,4068,4,0,17,1,30,,4075,4,,,1,100,,4067,4,,,1,100,,4062,4,,,1,100,,4076,4,,,1,100,,4061,4,,,1,70,,4064,4,,,1,30,,4077,4,,,1,70,,4063,4,,,1,30,,4073,4,,,1,70,,4059,4,,,1,30,,4070,4,,,1,70,,4071,4,,,1,30,,4066,4,,,1
20601,'11',654,,6914,4,,,1,70,,6908,4,,,1,30,,6934,4,,,1,70,,2574,4,,,1,30,,6938,4,,,1,70,,6926,4,,,1,30,,6915,4,,,1,70,,6911,4,,,1,30,,6907,4,,,1,70,,6939,4,,,1,30,,6906,4,,,1,70,,6952,4,,,1,30,,6949,4,,,1,70,,6935,4,,,1,30,,6909,4,,,1,70,,6943,4,,,1,30,,6929,4,,,1,70,,6954,4,,,1,30,,6947,4,,,1,70,,2825,4,,,1,30,,6932,4,,,1,70,,6937,4,,,1,30,,6941,4,,,1,70,,6940,4,,,1,30,,6922,4,,,1,70,,6910,4,,,1,30,,2586,4,,,1,70,,6913,4,,,1
20601,'14',1824,,6972,4,,,1,30,,544,4,,,1,70,,6962,4,,,1,30,,6971,4,,,1,70,,6968,4,,,1,30,,6967,4,,,1,70,,6965,4,,,1,30,,367,4,,,1,70,,6966,4,,,1,30,,6959,4,,,1
20601,'18',1824,,6992,4,,,1,30,,6984,4,,,1,70,,6980,4,,,1,30,,6991,4,,,1,70,,6988,4,,,1,30,,6987,4,,,1,70,,6985,4,,,1,30,,6975,4,,,1,70,,6986,4,,,1,30,,6977,4,,,1
20601,'20',1824,,7009,4,,,1,30,,506,4,,,1,70,,6999,4,,,1,30,,7008,4,,,1,70,,7005,4,,,1,30,,7004,4,,,1,70,,7002,4,,,1,30,,317,4,,,1,70,,7003,4,,,1,30,,6996,4,,,1
20601,'4',654,,7019,4,,,1,70,,7013,4,,,1,30,,7041,4,,,1,70,,7034,4,,,1,30,,7046,4,,,1,70,,7032,4,,,1,30,,7020,4,,,1,70,,7016,4,,,1,30,,7012,4,,,1,70,,7047,4,,,1,30,,7011,4,,,1,70,,7062,4,,,1,30,,7059,4,,,1,70,,7043,4,,,1,30,,7014,4,,,1,70,,7053,4,,,1,30,,7036,4,,,1,70,,7064,4,,,1,30,,7057,4,,,1,70,,7050,4,,,1,30,,7039,4,,,1,70,,7045,4,,,1,30,,7051,4,,,1,70,,7049,4,,,1,30,,7027,4,,,1,70,,7015,4,,,1,30,,7048,4,,,1,70,,7018,4,,,1
20601,'8',1824,,7085,4,,,1,30,,7077,4,,,1,70,,7073,4,,,1,30,,7084,4,,,1,70,,7081,4,,,1,30,,7080,4,,,1,70,,7078,4,,,1,30,,7068,4,,,1,70,,7079,4,,,1,30,,7070,4,,,1
