10600,'12',650,,9122,18,,,1,100,,9120,18,,,1,70,,9127,18,,,1,30,,9130,18,,,1,70,,6107,18,,,1,30,,9121,18,,,1,100,,9119,18,,,1,100,,9129,18,,,1,100,,9124,18,,,1,100,,9123,18,,,1,100,,9126,18,,,1,70,,5402,18,,,1,30,,9118,18,,,1,70,,4049,18,,,1,33,,9125,18,,,1,67,,3333,18,,,1,32,,9128,18,,,1
10600,'5',650,,9136,18,,,1,100,,9134,18,,,1,70,,9144,18,,,1,30,,9147,18,,,1,70,,9131,18,,,1,30,,9135,18,,,1,100,,9133,18,,,1,100,,9146,18,,,1,100,,9138,18,,,1,100,,9137,18,,,1,100,,9143,18,,,1,70,,9141,18,,,1,30,,9132,18,,,1,70,,9139,18,,,1,33,,9142,18,,,1,67,,9140,18,,,1,32,,9145,18,,,1
10600,'9',650,,9152,18,,,1,100,,9150,18,,,1,70,,9158,18,,,1,30,,9161,18,,,1,70,,6017,18,,,1,30,,9151,18,,,1,100,,9149,18,,,1,100,,9160,18,,,1,100,,9154,18,,,1,100,,9153,18,,,1,100,,9157,18,,,1,70,,5335,18,,,1,30,,9148,18,,,1,70,,4011,18,,,1,33,,9156,18,,,1,67,,9155,18,,,1,32,,9159,18,,,1
11200,'12',702,,10017,25,,,1,100,,10020,25,,,1,100,,10018,25,,,1,100,,10022,25,,,1,100,,10019,25,,,1,100,,5393,25,,,1,100,,3126,25,,,1,100,,10024,25,,,1,102,,10021,25,,,1,98,,10025,25,,,1,100,,10023,25,,,1
11200,'5',702,,10026,25,,,1,100,,10027,25,,,1,100,,10031,25,,,1,100,,10032,25,,,1,100,,10029,25,,,1,100,,10028,25,,,1,100,,10030,25,,,1,100,,10035,25,,,1,102,,10033,25,,,1,98,,10036,25,,,1,100,,10034,25,,,1
11200,'9',702,,10041,25,,,1,100,,10039,25,,,1,100,,10044,25,,,1,100,,5664,25,,,1,100,,10037,25,,,1,100,,5321,25,,,1,100,,3018,25,,,1,100,,10042,25,,,1,102,,10038,25,,,1,98,,10043,25,,,1,100,,10040,25,,,1
20600,'12',1819,,11125,23,,,1,29,,11116,23,,,1,71,,11120,23,,,1,31,,11122,23,,,1,70,,11119,23,,,1,30,,11117,23,,,1,69,,11118,23,,,1,30,,11124,23,,,1,70,,11123,23,,,1,30,,11121,23,,,1
20600,'5',1819,,11134,23,,,1,29,,11126,23,,,1,71,,11135,23,,,1,31,,11131,23,,,1,70,,11129,23,,,1,30,,11127,23,,,1,69,,11128,23,,,1,30,,11133,23,,,1,70,,11132,23,,,1,30,,11130,23,,,1
20600,'7',748,,11158,23,,,1,70,,11155,23,,,1,30,,11156,23,,,1,70,,11137,23,,,1,30,,11147,23,,,1,70,,11138,23,,,1,30,,11149,23,,,1,71,,6301,23,,,1,29,,11150,23,,,1,70,,11144,23,,,1,30,,11139,23,,,1,70,,11160,23,,,1,30,,11159,23,,,1,71,,11153,23,,,1,29,,11141,23,,,1,70,,11154,23,,,1,30,,11140,23,,,1,70,,11136,23,,,1,30,,11146,23,,,1,70,,11145,23,,,1,30,,11148,23,,,1,70,,11151,23,,,1,31,,11143,23,,,1,70,,11152,23,,,1,30,,11157,23,,,1,70,,11142,23,,,1
20600,'9',1819,,11168,23,,,1,29,,11161,23,,,1,71,,11169,23,,,1,31,,11165,23,,,1,70,,11163,23,,,1,30,,11162,23,,,1,69,,4514,23,,,1,30,,11167,23,,,1,70,,11166,23,,,1,30,,11164,23,,,1
