11600,'14',645,,5859,15,,,1,70,,5870,15,,,1,30,,5842,15,,,1,70,,5846,15,,,1,30,,5865,15,,,1,70,,5838,15,,,1,30,,402,15,,,1,70,,5862,15,,,1,30,,5866,15,,,1,70,,5874,15,,,1,30,,5849,15,,,1,70,,5878,15,,,1,30,,5850,15,,,1,70,,5871,15,,,1,30,,5847,15,,,1,70,,5844,15,,,1,30,,5869,15,,,1,70,,5863,15,,,1,30,,5854,15,,,1,70,,627,15,,,1,30,,5843,15,,,1,70,,5851,15,,,1,30,,5839,15,,,1
11600,'18',645,,5904,15,,,1,70,,5916,15,,,1,30,,5884,15,,,1,70,,5888,15,,,1,30,,5911,15,,,1,70,,5880,15,,,1,30,,5908,15,,,1,70,,5907,15,,,1,30,,5912,15,,,1,70,,5920,15,,,1,30,,5892,15,,,1,70,,5924,15,,,1,30,,5893,15,,,1,70,,5917,15,,,1,30,,5889,15,,,1,70,,5886,15,,,1,30,,5915,15,,,1,70,,5909,15,,,1,30,,5899,15,,,1,70,,5896,15,,,1,30,,5885,15,,,1,70,,5894,15,,,1,30,,5881,15,,,1
11600,'20',645,,5947,15,,,1,70,,5958,15,,,1,30,,5930,15,,,1,70,,5934,15,,,1,30,,5953,15,,,1,70,,5926,15,,,1,30,,352,15,,,1,70,,5950,15,,,1,30,,5954,15,,,1,70,,5962,15,,,1,30,,5937,15,,,1,70,,5966,15,,,1,30,,5938,15,,,1,70,,5959,15,,,1,30,,5935,15,,,1,70,,5932,15,,,1,30,,5957,15,,,1,70,,5951,15,,,1,30,,5942,15,,,1,70,,607,15,,,1,30,,5931,15,,,1,70,,5939,15,,,1,30,,5927,15,,,1
11600,'8',645,,5992,15,,,1,70,,6004,15,,,1,30,,5972,15,,,1,70,,5976,15,,,1,30,,5999,15,,,1,70,,5968,15,,,1,30,,5996,15,,,1,70,,5995,15,,,1,30,,6000,15,,,1,70,,6008,15,,,1,30,,5980,15,,,1,70,,6012,15,,,1,30,,5981,15,,,1,70,,6005,15,,,1,30,,5977,15,,,1,70,,5974,15,,,1,30,,6003,15,,,1,70,,5997,15,,,1,30,,5987,15,,,1,70,,5984,15,,,1,30,,5973,15,,,1,70,,5982,15,,,1,30,,5969,15,,,1
21600,'11',715,,7922,15,,,1,30,,7962,15,,,1,70,,7944,15,,,1,30,,7924,15,,,1,70,,7945,15,,,1,30,,7929,15,,,1,70,,7958,15,,,1,30,,7965,15,,,1,70,,7931,15,,,1,30,,7955,15,,,1,70,,7913,15,,,1,30,,1971,15,,,1,70,,7950,15,,,1,30,,7941,15,,,1,70,,7916,15,,,1,30,,7928,15,,,1,70,,7938,15,,,1,30,,7957,15,,,1,70,,7946,15,,,1,30,,7921,15,,,1,70,,7940,15,,,1,30,,7949,15,,,1,70,,7926,15,,,1,30,,7915,15,,,1,70,,7964,15,,,1,30,,7943,15,,,1,70,,7963,15,,,1,30,,7966,15,,,1,70,,7917,15,,,1
21600,'14',1815,,7992,15,,,1,30,,7976,15,,,1,70,,7977,15,,,1,30,,7985,15,,,1,70,,7984,15,,,1,30,,7981,15,,,1,70,,7974,15,,,1,30,,7988,15,,,1,70,,7982,15,,,1,30,,7986,15,,,1,70,,7975,15,,,1,30,,7979,15,,,1
21600,'18',1815,,8016,15,,,1,30,,7999,15,,,1,70,,8000,15,,,1,30,,8009,15,,,1,70,,8008,15,,,1,30,,8005,15,,,1,70,,7997,15,,,1,30,,8012,15,,,1,70,,8006,15,,,1,30,,8010,15,,,1,70,,7998,15,,,1,30,,8002,15,,,1
21600,'20',1815,,8040,15,,,1,30,,8023,15,,,1,70,,8024,15,,,1,30,,8033,15,,,1,70,,8032,15,,,1,30,,8029,15,,,1,70,,8021,15,,,1,30,,8036,15,,,1,70,,8030,15,,,1,30,,8034,15,,,1,70,,8022,15,,,1,30,,8026,15,,,1
21600,'4',715,,8050,15,,,1,30,,8091,15,,,1,70,,8072,15,,,1,30,,8052,15,,,1,70,,8073,15,,,1,30,,8057,15,,,1,70,,8087,15,,,1,30,,8094,15,,,1,70,,8059,15,,,1,30,,8084,15,,,1,70,,8041,15,,,1,30,,8074,15,,,1,70,,8079,15,,,1,30,,8069,15,,,1,70,,8044,15,,,1,30,,8056,15,,,1,70,,8066,15,,,1,30,,8086,15,,,1,70,,8075,15,,,1,30,,8049,15,,,1,70,,8068,15,,,1,30,,8078,15,,,1,70,,8054,15,,,1,30,,8043,15,,,1,70,,8093,15,,,1,30,,8071,15,,,1,70,,8092,15,,,1,30,,8095,15,,,1,70,,8045,15,,,1
21600,'8',1815,,8122,15,,,1,30,,8105,15,,,1,70,,8106,15,,,1,30,,8115,15,,,1,70,,8114,15,,,1,30,,8111,15,,,1,70,,8103,15,,,1,30,,8118,15,,,1,70,,8112,15,,,1,30,,8116,15,,,1,70,,8104,15,,,1,30,,8108,15,,,1
