10201,'12',631,,8467,2,0,7 1 8,1,70,,8440,2,0,7 1 8,1,30,,8433,2,0,7 1 8,1,70,,8454,2,0,7 1 8,1,30,,8435,2,0,7 1 8,1,70,,7351,2,0,7 1 8,1,30,,8462,2,0,7 1 8,1,100,,8448,2,0,7 1 8,1,100,,8442,2,0,7 1 8,1,100,,8447,2,0,7 1 8,1,100,,8475,2,0,7 1 8,1,100,,8446,2,0,7 1 8,1,70,,8436,2,0,7 1 8,1,30,,8424,2,0,7 1 8,1,70,,8451,2,0,7 1 8,1,30,,6123,2,0,7 1 8,1,70,,8468,2,0,7 1 8,1,30,,8463,2,0,7 1 8,1
10201,'5',631,,8524,2,0,7 1 8,1,70,,8496,2,0,7 1 8,1,30,,8489,2,0,7 1 8,1,70,,8511,2,0,7 1 8,1,30,,8491,2,0,7 1 8,1,70,,8480,2,0,7 1 8,1,30,,8519,2,0,7 1 8,1,100,,8504,2,0,7 1 8,1,100,,8498,2,0,7 1 8,1,100,,8503,2,0,7 1 8,1,100,,8532,2,0,7 1 8,1,100,,8502,2,0,7 1 8,1,70,,8492,2,0,7 1 8,1,30,,8479,2,0,7 1 8,1,70,,8507,2,0,7 1 8,1,30,,8510,2,0,7 1 8,1,70,,8525,2,0,7 1 8,1,30,,8520,2,0,7 1 8,1
10201,'9',631,,8579,2,0,7 1 8,1,70,,8552,2,0,7 1 8,1,30,,8545,2,0,7 1 8,1,70,,8566,2,0,7 1 8,1,30,,8547,2,0,7 1 8,1,70,,7334,2,0,7 1 8,1,30,,8574,2,0,7 1 8,1,100,,8560,2,0,7 1 8,1,100,,8554,2,0,7 1 8,1,100,,8559,2,0,7 1 8,1,100,,8587,2,0,7 1 8,1,100,,8558,2,0,7 1 8,1,70,,8548,2,0,7 1 8,1,30,,8536,2,0,7 1 8,1,70,,8563,2,0,7 1 8,1,30,,6034,2,0,7 1 8,1,70,,8580,2,0,7 1 8,1,30,,8575,2,0,7 1 8,1
10401,'12',616,,8774,2,,,1,30,,8809,2,,,1,70,,8799,2,,,1,30,,8792,2,,,1,70,,8806,2,,,1,30,,8801,2,,,1,70,,8808,2,,,1,30,,8787,2,,,1,70,,8786,2,,,1,30,,8771,2,,,1,70,,441,2,,,1,30,,8782,2,,,1,70,,8805,2,,,1,30,,8811,2,,,1,70,,8794,2,,,1,30,,8802,2,,,1,70,,5289,2,,,1,30,,8777,2,,,1,70,,8791,2,,,1,30,,8778,2,,,1,70,,8783,2,,,1,30,,8789,2,,,1,70,,8781,2,,,1,30,,8788,2,,,1,70,,8784,2,,,1
10401,'5',616,,8817,2,,,1,30,,8857,2,,,1,70,,8843,2,,,1,30,,8835,2,,,1,70,,8854,2,,,1,30,,8847,2,,,1,70,,8856,2,,,1,30,,8830,2,,,1,70,,8829,2,,,1,30,,8814,2,,,1,70,,8850,2,,,1,30,,8825,2,,,1,70,,8853,2,,,1,30,,8859,2,,,1,70,,8837,2,,,1,30,,8849,2,,,1,70,,8862,2,,,1,30,,8820,2,,,1,70,,8834,2,,,1,30,,8821,2,,,1,70,,8826,2,,,1,30,,8832,2,,,1,70,,8824,2,,,1,30,,8831,2,,,1,70,,8827,2,,,1
10401,'9',616,,8867,2,,,1,30,,8903,2,,,1,70,,8892,2,,,1,30,,8885,2,,,1,70,,8900,2,,,1,30,,8895,2,,,1,70,,8902,2,,,1,30,,8880,2,,,1,70,,8879,2,,,1,30,,8864,2,,,1,70,,479,2,,,1,30,,8875,2,,,1,70,,8899,2,,,1,30,,8905,2,,,1,70,,8887,2,,,1,30,,8896,2,,,1,70,,8908,2,,,1,30,,8870,2,,,1,70,,8884,2,,,1,30,,8871,2,,,1,70,,8876,2,,,1,30,,8882,2,,,1,70,,8874,2,,,1,30,,8881,2,,,1,70,,8877,2,,,1
20401,'12',1846,,5160,2,,,1,70,,10919,2,,,1,30,,10920,2,,,1,70,,5408,2,,,1,30,,10929,2,,,1,70,,6236,2,,,1,30,,10933,2,,,1,70,,10921,2,,,1,30,,10926,2,,,1,70,,10928,2,,,1
20401,'5',1846,,10954,2,,,1,70,,10936,2,,,1,30,,10937,2,,,1,70,,10953,2,,,1,30,,10947,2,,,1,70,,10938,2,,,1,30,,10951,2,,,1,70,,10939,2,,,1,30,,10944,2,,,1,70,,10946,2,,,1
20401,'7',716,,10979,2,,,1,30,,10992,2,,,1,70,,10962,2,,,1,30,,10993,2,,,1,70,,10999,2,,,1,30,,11000,2,,,1,70,,10994,2,,,1,30,,10958,2,,,1,70,,10965,2,,,1,30,,11006,2,,,1,70,,11004,2,,,1,30,,10986,2,,,1,70,,7720,2,,,1,30,,10960,2,,,1,70,,10998,2,,,1,30,,10995,2,,,1,70,,10984,2,,,1,30,,10982,2,,,1,70,,10956,2,,,1,30,,10970,2,,,1,70,,10977,2,,,1,30,,10969,2,,,1,70,,10974,2,,,1,30,,7919,2,,,1,70,,10996,2,,,1,30,,11005,2,,,1,70,,7869,2,,,1,30,,10966,2,,,1
20401,'9',1846,,5114,2,,,1,70,,11007,2,,,1,30,,11008,2,,,1,70,,11023,2,,,1,30,,11017,2,,,1,70,,6219,2,,,1,30,,11021,2,,,1,70,,11009,2,,,1,30,,11014,2,,,1,70,,11016,2,,,1
