11600,'14',642,,5859,9,0,21 22,1,70,,5870,9,0,21 22,1,30,,5842,9,0,21 22,1,70,,5846,9,0,21 22,1,30,,5865,9,0,21 22,1,70,,5838,9,0,21 22,1,30,,402,9,0,21 22,1,70,,5862,9,0,21 22,1,30,,5866,9,0,21 22,1,70,,5874,9,0,21 22,1,30,,5849,9,0,21 22,1,70,,5878,9,0,21 22,1,30,,5850,9,0,21 22,1,70,,5871,9,0,21 22,1,30,,5847,9,0,21 22,1,70,,5844,9,0,21 22,1,30,,5869,9,0,21 22,1,70,,5863,9,0,21 22,1,30,,5854,9,0,21 22,1,70,,627,9,0,21 22,1,30,,5843,9,0,21 22,1,70,,5851,9,0,21 22,1,30,,5839,9,0,21 22,1
11600,'18',642,,5904,9,0,21 22,1,70,,5916,9,0,21 22,1,30,,5884,9,0,21 22,1,70,,5888,9,0,21 22,1,30,,5911,9,0,21 22,1,70,,5880,9,0,21 22,1,30,,5908,9,0,21 22,1,70,,5907,9,0,21 22,1,30,,5912,9,0,21 22,1,70,,5920,9,0,21 22,1,30,,5892,9,0,21 22,1,70,,5924,9,0,21 22,1,30,,5893,9,0,21 22,1,70,,5917,9,0,21 22,1,30,,5889,9,0,21 22,1,70,,5886,9,0,21 22,1,30,,5915,9,0,21 22,1,70,,5909,9,0,21 22,1,30,,5899,9,0,21 22,1,70,,5896,9,0,21 22,1,30,,5885,9,0,21 22,1,70,,5894,9,0,21 22,1,30,,5881,9,0,21 22,1
11600,'20',642,,5947,9,0,21 22,1,70,,5958,9,0,21 22,1,30,,5930,9,0,21 22,1,70,,5934,9,0,21 22,1,30,,5953,9,0,21 22,1,70,,5926,9,0,21 22,1,30,,352,9,0,21 22,1,70,,5950,9,0,21 22,1,30,,5954,9,0,21 22,1,70,,5962,9,0,21 22,1,30,,5937,9,0,21 22,1,70,,5966,9,0,21 22,1,30,,5938,9,0,21 22,1,70,,5959,9,0,21 22,1,30,,5935,9,0,21 22,1,70,,5932,9,0,21 22,1,30,,5957,9,0,21 22,1,70,,5951,9,0,21 22,1,30,,5942,9,0,21 22,1,70,,607,9,0,21 22,1,30,,5931,9,0,21 22,1,70,,5939,9,0,21 22,1,30,,5927,9,0,21 22,1
11600,'8',642,,5992,9,0,21 22,1,70,,6004,9,0,21 22,1,30,,5972,9,0,21 22,1,70,,5976,9,0,21 22,1,30,,5999,9,0,21 22,1,70,,5968,9,0,21 22,1,30,,5996,9,0,21 22,1,70,,5995,9,0,21 22,1,30,,6000,9,0,21 22,1,70,,6008,9,0,21 22,1,30,,5980,9,0,21 22,1,70,,6012,9,0,21 22,1,30,,5981,9,0,21 22,1,70,,6005,9,0,21 22,1,30,,5977,9,0,21 22,1,70,,5974,9,0,21 22,1,30,,6003,9,0,21 22,1,70,,5997,9,0,21 22,1,30,,5987,9,0,21 22,1,70,,5984,9,0,21 22,1,30,,5973,9,0,21 22,1,70,,5982,9,0,21 22,1,30,,5969,9,0,21 22,1
21600,'11',712,,7922,9,0,21 22,1,30,,7962,9,0,21 22,1,70,,7944,9,0,21 22,1,30,,7924,9,0,21 22,1,70,,7945,9,0,21 22,1,30,,7929,9,0,21 22,1,70,,7958,9,0,21 22,1,30,,7965,9,0,21 22,1,70,,7931,9,0,21 22,1,30,,7955,9,0,21 22,1,70,,7913,9,0,21 22,1,30,,1971,9,0,21 22,1,70,,7950,9,0,21 22,1,30,,7941,9,0,21 22,1,70,,7916,9,0,21 22,1,30,,7928,9,0,21 22,1,70,,7938,9,0,21 22,1,30,,7957,9,0,21 22,1,70,,7946,9,0,21 22,1,30,,7921,9,0,21 22,1,70,,7940,9,0,21 22,1,30,,7949,9,0,21 22,1,70,,7926,9,0,21 22,1,30,,7915,9,0,21 22,1,70,,7964,9,0,21 22,1,30,,7943,9,0,21 22,1,70,,7963,9,0,21 22,1,30,,7966,9,0,21 22,1,70,,7917,9,0,21 22,1
21600,'14',1812,,7992,9,0,21 22,1,30,,7976,9,0,21 22,1,70,,7977,9,0,21 22,1,30,,7985,9,0,21 22,1,70,,7984,9,0,21 22,1,30,,7981,9,0,21 22,1,70,,7974,9,0,21 22,1,30,,7988,9,0,21 22,1,70,,7982,9,0,21 22,1,30,,7986,9,0,21 22,1,70,,7975,9,0,21 22,1,30,,7979,9,0,21 22,1
21600,'18',1812,,8016,9,0,21 22,1,30,,7999,9,0,21 22,1,70,,8000,9,0,21 22,1,30,,8009,9,0,21 22,1,70,,8008,9,0,21 22,1,30,,8005,9,0,21 22,1,70,,7997,9,0,21 22,1,30,,8012,9,0,21 22,1,70,,8006,9,0,21 22,1,30,,8010,9,0,21 22,1,70,,7998,9,0,21 22,1,30,,8002,9,0,21 22,1
21600,'20',1812,,8040,9,0,21 22,1,30,,8023,9,0,21 22,1,70,,8024,9,0,21 22,1,30,,8033,9,0,21 22,1,70,,8032,9,0,21 22,1,30,,8029,9,0,21 22,1,70,,8021,9,0,21 22,1,30,,8036,9,0,21 22,1,70,,8030,9,0,21 22,1,30,,8034,9,0,21 22,1,70,,8022,9,0,21 22,1,30,,8026,9,0,21 22,1
21600,'4',712,,8050,9,0,21 22,1,30,,8091,9,0,21 22,1,70,,8072,9,0,21 22,1,30,,8052,9,0,21 22,1,70,,8073,9,0,21 22,1,30,,8057,9,0,21 22,1,70,,8087,9,0,21 22,1,30,,8094,9,0,21 22,1,70,,8059,9,0,21 22,1,30,,8084,9,0,21 22,1,70,,8041,9,0,21 22,1,30,,8074,9,0,21 22,1,70,,8079,9,0,21 22,1,30,,8069,9,0,21 22,1,70,,8044,9,0,21 22,1,30,,8056,9,0,21 22,1,70,,8066,9,0,21 22,1,30,,8086,9,0,21 22,1,70,,8075,9,0,21 22,1,30,,8049,9,0,21 22,1,70,,8068,9,0,21 22,1,30,,8078,9,0,21 22,1,70,,8054,9,0,21 22,1,30,,8043,9,0,21 22,1,70,,8093,9,0,21 22,1,30,,8071,9,0,21 22,1,70,,8092,9,0,21 22,1,30,,8095,9,0,21 22,1,70,,8045,9,0,21 22,1
21600,'8',1812,,8122,9,0,21 22,1,30,,8105,9,0,21 22,1,70,,8106,9,0,21 22,1,30,,8115,9,0,21 22,1,70,,8114,9,0,21 22,1,30,,8111,9,0,21 22,1,70,,8103,9,0,21 22,1,30,,8118,9,0,21 22,1,70,,8112,9,0,21 22,1,30,,8116,9,0,21 22,1,70,,8104,9,0,21 22,1,30,,8108,9,0,21 22,1
