10100,'10',717,,12005,22,,,1,30,,11998,22,,,1,70,,12007,22,,,1,30,,12003,22,,,1,70,,12010,22,,,1,29,,12006,22,,,1,71,,11996,22,,,1,100,,12000,22,,,1,100,,12004,22,,,1,100,,12001,22,,,1,101,,11993,22,,,1,100,,12008,22,,,1,30,,11999,22,,,1,70,,11995,22,,,1,30,,11997,22,,,1,70,,11994,22,,,1,30,,12009,22,,,1,70,,12002,22,,,1
10100,'13',717,,12023,22,,,1,30,,12016,22,,,1,70,,12025,22,,,1,30,,12021,22,,,1,70,,12028,22,,,1,29,,12024,22,,,1,71,,12014,22,,,1,100,,12018,22,,,1,100,,12022,22,,,1,100,,12019,22,,,1,101,,12011,22,,,1,100,,12026,22,,,1,30,,12017,22,,,1,70,,12013,22,,,1,30,,12015,22,,,1,70,,12012,22,,,1,30,,12027,22,,,1,70,,12020,22,,,1
10300,'10',650,,12182,28,,,1,100,,12174,28,,,1,70,,12181,28,,,1,30,,12175,28,,,1,70,,12185,28,,,1,30,,12184,28,,,1,70,,12173,28,,,1,30,,12176,28,,,1,100,,12168,28,,,1,100,,12167,28,,,1,100,,12169,28,,,1,100,,12179,28,,,1,100,,12178,28,,,1,70,,12177,28,,,1,30,,12183,28,,,1,70,,12170,28,,,1,30,,12172,28,,,1,70,,12171,28,,,1,30,,12180,28,,,1
10300,'13',650,,12201,28,,,1,100,,12192,28,,,1,70,,12199,28,,,1,30,,12193,28,,,1,70,,10634,28,,,1,30,,12203,28,,,1,70,,12195,28,,,1,30,,12194,28,,,1,100,,12187,28,,,1,100,,12186,28,,,1,100,,12188,28,,,1,100,,12198,28,,,1,100,,12197,28,,,1,70,,12196,28,,,1,30,,12202,28,,,1,70,,12189,28,,,1,30,,12191,28,,,1,70,,12190,28,,,1,30,,12200,28,,,1
10501,'10',637,,12464,19,,,1,100,,12450,19,,,1,70,,12459,19,,,1,30,,12466,19,,,1,70,,12465,19,,,1,30,,12445,19,,,1,70,,12469,19,,,1,30,,12437,19,,,1,100,,12439,19,,,1,100,,12443,19,,,1,100,,12460,19,,,1,100,,8866,19,,,1,100,,12468,19,,,1,70,,12457,19,,,1,30,,12447,19,,,1,70,,8563,19,,,1,30,,12456,19,,,1,70,,12441,19,,,1,30,,12452,19,,,1
10501,'13',637,,12499,19,,,1,100,,12485,19,,,1,70,,12494,19,,,1,30,,12501,19,,,1,70,,12500,19,,,1,30,,12480,19,,,1,70,,12504,19,,,1,30,,12472,19,,,1,100,,12474,19,,,1,100,,12478,19,,,1,100,,12495,19,,,1,100,,8773,19,,,1,100,,12503,19,,,1,70,,12492,19,,,1,30,,12482,19,,,1,70,,8451,19,,,1,30,,12491,19,,,1,70,,12476,19,,,1,30,,12487,19,,,1
11100,'10',610,,13018,15,,,1,30,,13013,15,,,1,70,,13025,15,,,1,30,,13032,15,,,1,70,,13027,15,,,1,30,,13024,15,,,1,70,,13010,15,,,1,30,,13029,15,,,1,70,,13017,15,,,1,30,,13019,15,,,1,70,,13016,15,,,1,30,,13026,15,,,1,70,,13028,15,,,1,30,,13015,15,,,1,70,,13023,15,,,1,30,,13020,15,,,1,70,,13031,15,,,1,30,,13034,15,,,1,70,,13033,15,,,1,30,,13022,15,,,1,70,,13030,15,,,1,30,,8868,15,,,1,70,,13011,15,,,1,30,,13014,15,,,1,70,,13012,15,,,1,30,,13021,15,,,1
11100,'13',610,,13046,15,,,1,30,,13039,15,,,1,70,,13050,15,,,1,30,,13056,15,,,1,70,,13053,15,,,1,30,,10132,15,,,1,70,,13035,15,,,1,30,,13054,15,,,1,70,,13044,15,,,1,30,,13047,15,,,1,70,,13041,15,,,1,30,,13043,15,,,1,70,,13048,15,,,1,30,,13040,15,,,1,70,,13037,15,,,1,30,,13052,15,,,1,70,,13042,15,,,1,30,,13058,15,,,1,70,,13045,15,,,1,30,,13051,15,,,1,70,,13059,15,,,1,30,,13057,15,,,1,70,,13049,15,,,1,30,,13055,15,,,1,70,,13036,15,,,1,30,,13038,15,,,1
11201,'10',735,,13127,32,,,1,100,,13130,32,,,1,100,,13129,32,,,1,100,,13143,32,,,1,100,,13145,32,,,1,100,,13139,32,,,1,100,,13141,32,,,1,105,,13136,32,,,1,95,,9009,32,,,1,100,,13132,32,,,1,100,,1542,32,,,1
11201,'13',735,,13150,32,,,1,100,,13148,32,,,1,100,,13147,32,,,1,100,,13149,32,,,1,100,,13164,32,,,1,100,,13160,32,,,1,100,,13162,32,,,1,105,,13157,32,,,1,95,,8935,32,,,1,100,,13152,32,,,1,100,,1506,32,,,1
11301,'10',655,,13268,20,,,1,100,,10007,20,,,1,100,,13267,20,,,1,100,,13263,20,,,1,100,,13258,20,,,1,100,,13239,20,,,1,100,,13252,20,,,1,100,,13256,20,,,1,100,,13273,20,,,1,100,,13272,20,,,1,100,,13240,20,,,1,100,,13246,20,,,1,100,,13251,20,,,1
11301,'13',655,,13311,20,,,1,100,,13293,20,,,1,100,,13310,20,,,1,100,,13307,20,,,1,100,,13302,20,,,1,100,,13276,20,,,1,100,,13312,20,,,1,100,,13300,20,,,1,100,,13275,20,,,1,100,,13305,20,,,1,100,,13296,20,,,1,100,,13279,20,,,1,100,,13295,20,,,1
20300,'10',1919,,13599,29,,,1,30,,9722,29,,,1,70,,13604,29,,,1,30,,13600,29,,,1,70,,13597,29,,,1,30,,13603,29,,,1,70,,13601,29,,,1,30,,13602,29,,,1,70,,13598,29,,,1
20300,'13',1919,,13607,29,,,1,30,,9631,29,,,1,70,,13611,29,,,1,30,,13608,29,,,1,70,,13605,29,,,1,30,,13612,29,,,1,70,,13609,29,,,1,30,,13610,29,,,1,70,,13606,29,,,1
20300,'7',749,,13629,29,,,1,70,,13625,29,,,1,30,,13619,29,,,1,70,,13617,29,,,1,30,,13631,29,,,1,70,,13623,29,,,1,30,,13639,29,,,1,70,,13624,29,,,1,30,,13613,29,,,1,70,,13632,29,,,1,30,,13630,29,,,1,70,,13636,29,,,1,30,,13628,29,,,1,70,,13618,29,,,1,30,,13635,29,,,1,70,,13621,29,,,1,30,,13627,29,,,1,70,,13633,29,,,1,30,,13622,29,,,1,70,,13620,29,,,1,30,,13637,29,,,1,70,,13638,29,,,1,30,,13614,29,,,1,70,,13626,29,,,1,30,,13634,29,,,1,70,,13615,29,,,1,30,,13616,29,,,1
20501,'10',1936,,13861,19,,,1,100,,9573,19,,,1,100,,8422,19,,,1,100,,13863,19,,,1
20501,'13',1936,,13867,19,,,1,100,,9538,19,,,1,100,,8387,19,,,1,100,,13869,19,,,1
20501,'7',736,,13896,19,,,1,100,,13879,19,,,1,100,,13886,19,,,1,100,,13878,19,,,1,100,,13884,19,,,1,100,,13893,19,,,1,100,,13872,19,,,1,100,,13877,19,,,1,100,,13897,19,,,1,100,,13891,19,,,1,100,,13875,19,,,1,100,,13888,19,,,1,100,,13871,19,,,1,100,,13892,19,,,1
21100,'10',1910,,14233,15,,,1,30,,14238,15,,,1,70,,14236,15,,,1,30,,14239,15,,,1,70,,14237,15,,,1,30,,14234,15,,,1,70,,14232,15,,,1,30,,8640,15,,,1,70,,14235,15,,,1
21100,'13',1910,,14245,15,,,1,30,,14246,15,,,1,70,,14243,15,,,1,30,,14247,15,,,1,70,,14244,15,,,1,30,,14241,15,,,1,70,,14240,15,,,1,30,,8603,15,,,1,70,,14242,15,,,1
21100,'7',740,,14264,15,,,1,70,,14268,15,,,1,30,,14253,15,,,1,70,,14249,15,,,1,30,,11442,15,,,1,70,,14254,15,,,1,30,,14248,15,,,1,70,,14259,15,,,1,30,,14267,15,,,1,70,,14251,15,,,1,30,,14258,15,,,1,70,,14269,15,,,1,30,,14257,15,,,1,70,,14250,15,,,1,30,,14265,15,,,1,70,,14262,15,,,1,30,,14272,15,,,1,70,,14252,15,,,1,30,,14261,15,,,1,70,,14256,15,,,1,30,,14263,15,,,1,70,,14273,15,,,1,30,,14255,15,,,1,70,,14266,15,,,1,30,,14270,15,,,1,70,,14260,15,,,1,30,,14271,15,,,1
21301,'10',1955,,14338,20,,,1,100,,14336,20,,,1,100,,14335,20,,,1,100,,14343,20,,,1
21301,'13',1955,,14347,20,,,1,100,,14345,20,,,1,100,,14344,20,,,1,100,,14352,20,,,1
21301,'7',755,,14385,20,,,1,100,,14359,20,,,1,100,,14389,20,,,1,100,,14356,20,,,1,100,,14381,20,,,1,100,,14391,20,,,1,100,,14390,20,,,1,100,,14370,20,,,1,100,,14384,20,,,1,100,,14382,20,,,1,100,,14387,20,,,1,100,,14358,20,,,1,100,,14353,20,,,1
