11300,'14',631,,5334,16,0,18 19 20,1,100,,5322,16,0,18 19 20,1,100,,5344,16,0,18 19 20,1,100,,5319,16,0,18 19 20,1,100,,5320,16,0,18 19 20,1,100,,5316,16,0,18 19 20,1,100,,5324,16,0,18 19 20,1,100,,5338,16,0,18 19 20,1,100,,390,16,0,18 19 20,1,100,,5343,16,0,18 19 20,1,100,,5317,16,0,18 19 20,1,100,,5331,16,0,18 19 20,1,100,,5347,16,0,18 19 20,1
11300,'18',631,,5372,16,0,18 19 20,1,100,,5357,16,0,18 19 20,1,100,,5383,16,0,18 19 20,1,100,,5354,16,0,18 19 20,1,100,,5355,16,0,18 19 20,1,100,,5350,16,0,18 19 20,1,100,,5359,16,0,18 19 20,1,100,,5377,16,0,18 19 20,1,100,,5367,16,0,18 19 20,1,100,,5382,16,0,18 19 20,1,100,,5351,16,0,18 19 20,1,100,,5368,16,0,18 19 20,1,100,,5386,16,0,18 19 20,1
11300,'20',631,,5401,16,0,18 19 20,1,100,,5394,16,0,18 19 20,1,100,,5415,16,0,18 19 20,1,100,,5391,16,0,18 19 20,1,100,,5392,16,0,18 19 20,1,100,,5389,16,0,18 19 20,1,100,,1908,16,0,18 19 20,1,100,,5409,16,0,18 19 20,1,100,,5407,16,0,18 19 20,1,100,,5400,16,0,18 19 20,1,100,,5405,16,0,18 19 20,1,100,,5404,16,0,18 19 20,1,100,,2442,16,0,18 19 20,1
11300,'8',631,,5436,16,0,18 19 20,1,100,,5425,16,0,18 19 20,1,100,,5454,16,0,18 19 20,1,100,,5422,16,0,18 19 20,1,100,,5423,16,0,18 19 20,1,100,,5420,16,0,18 19 20,1,100,,5431,16,0,18 19 20,1,100,,5447,16,0,18 19 20,1,100,,5444,16,0,18 19 20,1,100,,5434,16,0,18 19 20,1,100,,5442,16,0,18 19 20,1,100,,5440,16,0,18 19 20,1,100,,5429,16,0,18 19 20,1
21300,'11',730,,1839,16,,,1,100,,7664,16,,,1,100,,7674,16,,,1,100,,7672,16,,,1,100,,7668,16,,,1,100,,7666,16,,,1,100,,7667,16,,,1,100,,7669,16,,,1,100,,7663,16,,,1,100,,7673,16,,,1,100,,7671,16,,,1,100,,7665,16,,,1,100,,7670,16,,,1
21300,'14',1930,,7676,16,,,1,100,,7677,16,,,1,100,,7675,16,,,1,100,,2747,16,,,1
21300,'18',1930,,7680,16,,,1,100,,7681,16,,,1,100,,7679,16,,,1,100,,7678,16,,,1
21300,'20',1930,,7683,16,,,1,100,,7684,16,,,1,100,,7682,16,,,1,100,,2665,16,,,1
21300,'4',730,,7688,16,,,1,100,,7686,16,,,1,100,,7697,16,,,1,100,,7695,16,,,1,100,,7691,16,,,1,100,,7689,16,,,1,100,,7690,16,,,1,100,,7692,16,,,1,100,,7685,16,,,1,100,,7696,16,,,1,100,,7694,16,,,1,100,,7687,16,,,1,100,,7693,16,,,1
21300,'8',1930,,7700,16,,,1,100,,7701,16,,,1,100,,7699,16,,,1,100,,7698,16,,,1
