10700,'14',633,,1555,6,0,5 6,1,100,,4092,6,0,5 6,1,70,,4091,6,0,5 6,1,30,,4079,6,0,5 6,1,70,,1850,6,0,5 6,1,30,,4080,6,0,5 6,1,100,,4089,6,0,5 6,1,100,,4090,6,0,5 6,1,100,,4087,6,0,5 6,1,100,,4085,6,0,5 6,1,100,,4088,6,0,5 6,1,70,,4082,6,0,5 6,1,30,,479,6,0,5 6,1,70,,4084,6,0,5 6,1,30,,1123,6,0,5 6,1,70,,4083,6,0,5 6,1,30,,4081,6,0,5 6,1,70,,4086,6,0,5 6,1,30,,27,6,0,5 6,1
10700,'18',633,,4098,6,0,5 6,1,100,,4111,6,0,5 6,1,70,,4110,6,0,5 6,1,30,,4093,6,0,5 6,1,70,,4099,6,0,5 6,1,30,,4094,6,0,5 6,1,100,,4107,6,0,5 6,1,100,,4108,6,0,5 6,1,100,,4105,6,0,5 6,1,100,,4102,6,0,5 6,1,100,,4106,6,0,5 6,1,70,,4096,6,0,5 6,1,30,,4104,6,0,5 6,1,70,,4100,6,0,5 6,1,30,,4109,6,0,5 6,1,70,,4097,6,0,5 6,1,30,,4095,6,0,5 6,1,70,,4103,6,0,5 6,1,30,,4101,6,0,5 6,1
10700,'20',633,,1519,6,0,5 6,1,100,,4125,6,0,5 6,1,70,,4124,6,0,5 6,1,30,,4112,6,0,5 6,1,70,,1811,6,0,5 6,1,30,,4113,6,0,5 6,1,100,,4122,6,0,5 6,1,100,,4123,6,0,5 6,1,100,,4120,6,0,5 6,1,100,,4118,6,0,5 6,1,100,,4121,6,0,5 6,1,70,,4115,6,0,5 6,1,30,,441,6,0,5 6,1,70,,4117,6,0,5 6,1,30,,1098,6,0,5 6,1,70,,4116,6,0,5 6,1,30,,4114,6,0,5 6,1,70,,4119,6,0,5 6,1,30,,9,6,0,5 6,1
10700,'8',633,,4131,6,0,5 6,1,100,,4144,6,0,5 6,1,70,,4143,6,0,5 6,1,30,,4126,6,0,5 6,1,70,,4132,6,0,5 6,1,30,,4127,6,0,5 6,1,100,,4140,6,0,5 6,1,100,,4141,6,0,5 6,1,100,,4138,6,0,5 6,1,100,,4135,6,0,5 6,1,100,,4139,6,0,5 6,1,70,,4129,6,0,5 6,1,30,,4137,6,0,5 6,1,70,,4133,6,0,5 6,1,30,,4142,6,0,5 6,1,70,,4130,6,0,5 6,1,30,,4128,6,0,5 6,1,70,,4136,6,0,5 6,1,30,,4134,6,0,5 6,1
21000,'11',733,,7318,6,,,1,70,,7307,6,,,1,30,,7310,6,,,1,70,,7325,6,,,1,30,,7323,6,,,1,70,,7308,6,,,1,30,,7326,6,,,1,70,,7317,6,,,1,30,,7313,6,,,1,70,,7316,6,,,1,30,,7324,6,,,1,70,,7322,6,,,1,30,,7328,6,,,1,70,,7320,6,,,1,30,,7327,6,,,1,70,,7321,6,,,1,30,,7333,6,,,1,70,,7329,6,,,1,30,,7331,6,,,1,70,,7309,6,,,1,30,,7332,6,,,1,70,,7314,6,,,1,30,,7319,6,,,1,70,,7330,6,,,1,30,,7312,6,,,1,70,,7315,6,,,1,30,,7311,6,,,1
21000,'14',1903,,7336,6,,,1,30,,7338,6,,,1,70,,7341,6,,,1,30,,7334,6,,,1,70,,7339,6,,,1,30,,7335,6,,,1,70,,2757,6,,,1,30,,7340,6,,,1,70,,7337,6,,,1
21000,'18',1903,,7344,6,,,1,30,,7347,6,,,1,70,,7350,6,,,1,30,,7342,6,,,1,70,,7348,6,,,1,30,,7343,6,,,1,70,,7346,6,,,1,30,,7349,6,,,1,70,,7345,6,,,1
21000,'20',1903,,7353,6,,,1,30,,7355,6,,,1,70,,7358,6,,,1,30,,7351,6,,,1,70,,7356,6,,,1,30,,7352,6,,,1,70,,2675,6,,,1,30,,7357,6,,,1,70,,7354,6,,,1
21000,'4',733,,7370,6,,,1,70,,7359,6,,,1,30,,7362,6,,,1,70,,7377,6,,,1,30,,7375,6,,,1,70,,7360,6,,,1,30,,7378,6,,,1,70,,7369,6,,,1,30,,7365,6,,,1,70,,7368,6,,,1,30,,7376,6,,,1,70,,7374,6,,,1,30,,7380,6,,,1,70,,7372,6,,,1,30,,7379,6,,,1,70,,7373,6,,,1,30,,7385,6,,,1,70,,7381,6,,,1,30,,7383,6,,,1,70,,7361,6,,,1,30,,7384,6,,,1,70,,7366,6,,,1,30,,7371,6,,,1,70,,7382,6,,,1,30,,7364,6,,,1,70,,7367,6,,,1,30,,7363,6,,,1
21000,'8',1903,,7388,6,,,1,30,,7391,6,,,1,70,,7394,6,,,1,30,,7386,6,,,1,70,,7392,6,,,1,30,,7387,6,,,1,70,,7390,6,,,1,30,,7393,6,,,1,70,,7389,6,,,1
