10100,'10',708,,14638,16,,,1,30,,14639,16,,,1,70,,14636,16,,,1,30,,14640,16,,,1,70,,14634,16,,,1,30,,14643,16,,,1,70,,14633,16,,,1,100,,14632,16,,,1,100,,14635,16,,,1,100,,14644,16,,,1,100,,14628,16,,,1,100,,14631,16,,,1,30,,12078,16,,,1,70,,14629,16,,,1,30,,14641,16,,,1,70,,14637,16,,,1,30,,14630,16,,,1,70,,14642,16,,,1
10100,'15',708,,14655,16,,,1,30,,14656,16,,,1,70,,14653,16,,,1,30,,14657,16,,,1,70,,14651,16,,,1,30,,14660,16,,,1,70,,14650,16,,,1,100,,14649,16,,,1,100,,14652,16,,,1,100,,14661,16,,,1,100,,14645,16,,,1,100,,14648,16,,,1,30,,12131,16,,,1,70,,14646,16,,,1,30,,14658,16,,,1,70,,14654,16,,,1,30,,14647,16,,,1,70,,14659,16,,,1
11100,'10',606,,13531,11,,,1,30,,15654,11,,,1,70,,15666,11,,,1,30,,15665,11,,,1,70,,15667,11,,,1,30,,15660,11,,,1,70,,15656,11,,,1,30,,15647,11,,,1,70,,15651,11,,,1,30,,15663,11,,,1,70,,15658,11,,,1,30,,15652,11,,,1,70,,15657,11,,,1,30,,15650,11,,,1,70,,15664,11,,,1,30,,15662,11,,,1,70,,15659,11,,,1,30,,14537,11,,,1,70,,13744,11,,,1,30,,15655,11,,,1,70,,15661,11,,,1,30,,15646,11,,,1,70,,15648,11,,,1,30,,13077,11,,,1,70,,15649,11,,,1,30,,15653,11,,,1
11100,'15',606,,13577,11,,,1,30,,15675,11,,,1,70,,15687,11,,,1,30,,15686,11,,,1,70,,15689,11,,,1,30,,15679,11,,,1,70,,15676,11,,,1,30,,15668,11,,,1,70,,15672,11,,,1,30,,15685,11,,,1,70,,15678,11,,,1,30,,15682,11,,,1,70,,15688,11,,,1,30,,15671,11,,,1,70,,15683,11,,,1,30,,15669,11,,,1,70,,12262,11,,,1,30,,14559,11,,,1,70,,15684,11,,,1,30,,15681,11,,,1,70,,12221,11,,,1,30,,15674,11,,,1,70,,15670,11,,,1,30,,15673,11,,,1,70,,15680,11,,,1,30,,15677,11,,,1
20300,'10',1906,,16219,12,,,1,30,,16225,12,,,1,70,,16221,12,,,1,30,,16220,12,,,1,70,,16218,12,,,1,30,,16222,12,,,1,70,,16226,12,,,1,30,,16224,12,,,1,70,,16223,12,,,1
20300,'15',1906,,16229,12,,,1,30,,16234,12,,,1,70,,16227,12,,,1,30,,16230,12,,,1,70,,16228,12,,,1,30,,16231,12,,,1,70,,16235,12,,,1,30,,16233,12,,,1,70,,16232,12,,,1
20300,'7',736,,16236,12,,,1,70,,16262,12,,,1,30,,16260,12,,,1,70,,16257,12,,,1,30,,16240,12,,,1,70,,16254,12,,,1,30,,16256,12,,,1,70,,16242,12,,,1,30,,16245,12,,,1,70,,16247,12,,,1,30,,16249,12,,,1,70,,16238,12,,,1,30,,16243,12,,,1,70,,16258,12,,,1,30,,16250,12,,,1,70,,16239,12,,,1,30,,16241,12,,,1,70,,16246,12,,,1,30,,16252,12,,,1,70,,16244,12,,,1,30,,16261,12,,,1,70,,16251,12,,,1,30,,16255,12,,,1,70,,16253,12,,,1,30,,16248,12,,,1,70,,16237,12,,,1,30,,16259,12,,,1
21100,'10',1906,,16842,11,,,1,30,,16837,11,,,1,70,,16843,11,,,1,30,,16844,11,,,1,70,,12938,11,,,1,30,,16841,11,,,1,70,,16838,11,,,1,30,,16839,11,,,1,70,,16840,11,,,1
21100,'15',1906,,13405,11,,,1,30,,16845,11,,,1,70,,16850,11,,,1,30,,16851,11,,,1,70,,12958,11,,,1,30,,16849,11,,,1,70,,16846,11,,,1,30,,16847,11,,,1,70,,16848,11,,,1
21100,'7',736,,16852,11,,,1,70,,16855,11,,,1,30,,16862,11,,,1,70,,16867,11,,,1,30,,16858,11,,,1,70,,16875,11,,,1,30,,14104,11,,,1,70,,16876,11,,,1,30,,16872,11,,,1,70,,16870,11,,,1,30,,16854,11,,,1,70,,16866,11,,,1,30,,16871,11,,,1,70,,16868,11,,,1,30,,16869,11,,,1,70,,16856,11,,,1,30,,16861,11,,,1,70,,16865,11,,,1,30,,16873,11,,,1,70,,16853,11,,,1,30,,16874,11,,,1,70,,16857,11,,,1,30,,16859,11,,,1,70,,16864,11,,,1,30,,16877,11,,,1,70,,16863,11,,,1,30,,16860,11,,,1
