11600,'14',640,,5859,5,0,21 22,1,70,,5870,5,0,21 22,1,30,,5842,5,0,21 22,1,70,,5846,5,0,21 22,1,30,,5865,5,0,21 22,1,70,,5838,5,0,21 22,1,30,,402,5,0,21 22,1,70,,5862,5,0,21 22,1,30,,5866,5,0,21 22,1,70,,5874,5,0,21 22,1,30,,5849,5,0,21 22,1,70,,5878,5,0,21 22,1,30,,5850,5,0,21 22,1,70,,5871,5,0,21 22,1,30,,5847,5,0,21 22,1,70,,5844,5,0,21 22,1,30,,5869,5,0,21 22,1,70,,5863,5,0,21 22,1,30,,5854,5,0,21 22,1,70,,627,5,0,21 22,1,30,,5843,5,0,21 22,1,70,,5851,5,0,21 22,1,30,,5839,5,0,21 22,1
11600,'18',640,,5904,5,0,21 22,1,70,,5916,5,0,21 22,1,30,,5884,5,0,21 22,1,70,,5888,5,0,21 22,1,30,,5911,5,0,21 22,1,70,,5880,5,0,21 22,1,30,,5908,5,0,21 22,1,70,,5907,5,0,21 22,1,30,,5912,5,0,21 22,1,70,,5920,5,0,21 22,1,30,,5892,5,0,21 22,1,70,,5924,5,0,21 22,1,30,,5893,5,0,21 22,1,70,,5917,5,0,21 22,1,30,,5889,5,0,21 22,1,70,,5886,5,0,21 22,1,30,,5915,5,0,21 22,1,70,,5909,5,0,21 22,1,30,,5899,5,0,21 22,1,70,,5896,5,0,21 22,1,30,,5885,5,0,21 22,1,70,,5894,5,0,21 22,1,30,,5881,5,0,21 22,1
11600,'20',640,,5947,5,0,21 22,1,70,,5958,5,0,21 22,1,30,,5930,5,0,21 22,1,70,,5934,5,0,21 22,1,30,,5953,5,0,21 22,1,70,,5926,5,0,21 22,1,30,,352,5,0,21 22,1,70,,5950,5,0,21 22,1,30,,5954,5,0,21 22,1,70,,5962,5,0,21 22,1,30,,5937,5,0,21 22,1,70,,5966,5,0,21 22,1,30,,5938,5,0,21 22,1,70,,5959,5,0,21 22,1,30,,5935,5,0,21 22,1,70,,5932,5,0,21 22,1,30,,5957,5,0,21 22,1,70,,5951,5,0,21 22,1,30,,5942,5,0,21 22,1,70,,607,5,0,21 22,1,30,,5931,5,0,21 22,1,70,,5939,5,0,21 22,1,30,,5927,5,0,21 22,1
11600,'8',640,,5992,5,0,21 22,1,70,,6004,5,0,21 22,1,30,,5972,5,0,21 22,1,70,,5976,5,0,21 22,1,30,,5999,5,0,21 22,1,70,,5968,5,0,21 22,1,30,,5996,5,0,21 22,1,70,,5995,5,0,21 22,1,30,,6000,5,0,21 22,1,70,,6008,5,0,21 22,1,30,,5980,5,0,21 22,1,70,,6012,5,0,21 22,1,30,,5981,5,0,21 22,1,70,,6005,5,0,21 22,1,30,,5977,5,0,21 22,1,70,,5974,5,0,21 22,1,30,,6003,5,0,21 22,1,70,,5997,5,0,21 22,1,30,,5987,5,0,21 22,1,70,,5984,5,0,21 22,1,30,,5973,5,0,21 22,1,70,,5982,5,0,21 22,1,30,,5969,5,0,21 22,1
21600,'11',710,,7922,5,0,21 22,1,30,,7962,5,0,21 22,1,70,,7944,5,0,21 22,1,30,,7924,5,0,21 22,1,70,,7945,5,0,21 22,1,30,,7929,5,0,21 22,1,70,,7958,5,0,21 22,1,30,,7965,5,0,21 22,1,70,,7931,5,0,21 22,1,30,,7955,5,0,21 22,1,70,,7913,5,0,21 22,1,30,,1971,5,0,21 22,1,70,,7950,5,0,21 22,1,30,,7941,5,0,21 22,1,70,,7916,5,0,21 22,1,30,,7928,5,0,21 22,1,70,,7938,5,0,21 22,1,30,,7957,5,0,21 22,1,70,,7946,5,0,21 22,1,30,,7921,5,0,21 22,1,70,,7940,5,0,21 22,1,30,,7949,5,0,21 22,1,70,,7926,5,0,21 22,1,30,,7915,5,0,21 22,1,70,,7964,5,0,21 22,1,30,,7943,5,0,21 22,1,70,,7963,5,0,21 22,1,30,,7966,5,0,21 22,1,70,,7917,5,0,21 22,1
21600,'14',1810,,7992,5,0,21 22,1,30,,7976,5,0,21 22,1,70,,7977,5,0,21 22,1,30,,7985,5,0,21 22,1,70,,7984,5,0,21 22,1,30,,7981,5,0,21 22,1,70,,7974,5,0,21 22,1,30,,7988,5,0,21 22,1,70,,7982,5,0,21 22,1,30,,7986,5,0,21 22,1,70,,7975,5,0,21 22,1,30,,7979,5,0,21 22,1
21600,'18',1810,,8016,5,0,21 22,1,30,,7999,5,0,21 22,1,70,,8000,5,0,21 22,1,30,,8009,5,0,21 22,1,70,,8008,5,0,21 22,1,30,,8005,5,0,21 22,1,70,,7997,5,0,21 22,1,30,,8012,5,0,21 22,1,70,,8006,5,0,21 22,1,30,,8010,5,0,21 22,1,70,,7998,5,0,21 22,1,30,,8002,5,0,21 22,1
21600,'20',1810,,8040,5,0,21 22,1,30,,8023,5,0,21 22,1,70,,8024,5,0,21 22,1,30,,8033,5,0,21 22,1,70,,8032,5,0,21 22,1,30,,8029,5,0,21 22,1,70,,8021,5,0,21 22,1,30,,8036,5,0,21 22,1,70,,8030,5,0,21 22,1,30,,8034,5,0,21 22,1,70,,8022,5,0,21 22,1,30,,8026,5,0,21 22,1
21600,'4',710,,8050,5,0,21 22,1,30,,8091,5,0,21 22,1,70,,8072,5,0,21 22,1,30,,8052,5,0,21 22,1,70,,8073,5,0,21 22,1,30,,8057,5,0,21 22,1,70,,8087,5,0,21 22,1,30,,8094,5,0,21 22,1,70,,8059,5,0,21 22,1,30,,8084,5,0,21 22,1,70,,8041,5,0,21 22,1,30,,8074,5,0,21 22,1,70,,8079,5,0,21 22,1,30,,8069,5,0,21 22,1,70,,8044,5,0,21 22,1,30,,8056,5,0,21 22,1,70,,8066,5,0,21 22,1,30,,8086,5,0,21 22,1,70,,8075,5,0,21 22,1,30,,8049,5,0,21 22,1,70,,8068,5,0,21 22,1,30,,8078,5,0,21 22,1,70,,8054,5,0,21 22,1,30,,8043,5,0,21 22,1,70,,8093,5,0,21 22,1,30,,8071,5,0,21 22,1,70,,8092,5,0,21 22,1,30,,8095,5,0,21 22,1,70,,8045,5,0,21 22,1
21600,'8',1810,,8122,5,0,21 22,1,30,,8105,5,0,21 22,1,70,,8106,5,0,21 22,1,30,,8115,5,0,21 22,1,70,,8114,5,0,21 22,1,30,,8111,5,0,21 22,1,70,,8103,5,0,21 22,1,30,,8118,5,0,21 22,1,70,,8112,5,0,21 22,1,30,,8116,5,0,21 22,1,70,,8104,5,0,21 22,1,30,,8108,5,0,21 22,1
