10501,'14',619,,3799,6,0,14 15 16,1,100,,3797,6,0,14 15 16,1,30,,3801,6,0,14 15 16,1,70,,3827,6,0,14 15 16,1,30,,1733,6,0,14 15 16,1,70,,1161,6,0,14 15 16,1,30,,3803,6,0,14 15 16,1,70,,3800,6,0,14 15 16,1,100,,3817,6,0,14 15 16,1,100,,3815,6,0,14 15 16,1,100,,3810,6,0,14 15 16,1,100,,3805,6,0,14 15 16,1,100,,3807,6,0,14 15 16,1,30,,3809,6,0,14 15 16,1,70,,3808,6,0,14 15 16,1,30,,3804,6,0,14 15 16,1,70,,3802,6,0,14 15 16,1,30,,3824,6,0,14 15 16,1,70,,3795,6,0,14 15 16,1
10501,'18',619,,3835,6,0,14 15 16,1,100,,3833,6,0,14 15 16,1,30,,3837,6,0,14 15 16,1,70,,3865,6,0,14 15 16,1,30,,3851,6,0,14 15 16,1,70,,3838,6,0,14 15 16,1,30,,3840,6,0,14 15 16,1,70,,3836,6,0,14 15 16,1,100,,3855,6,0,14 15 16,1,100,,3853,6,0,14 15 16,1,100,,3847,6,0,14 15 16,1,100,,3842,6,0,14 15 16,1,100,,3844,6,0,14 15 16,1,30,,3846,6,0,14 15 16,1,70,,3845,6,0,14 15 16,1,30,,3841,6,0,14 15 16,1,70,,3839,6,0,14 15 16,1,30,,3862,6,0,14 15 16,1,70,,3831,6,0,14 15 16,1
10501,'20',619,,3873,6,0,14 15 16,1,100,,3871,6,0,14 15 16,1,30,,3875,6,0,14 15 16,1,70,,3901,6,0,14 15 16,1,30,,1685,6,0,14 15 16,1,70,,1133,6,0,14 15 16,1,30,,3877,6,0,14 15 16,1,70,,3874,6,0,14 15 16,1,100,,3891,6,0,14 15 16,1,100,,3889,6,0,14 15 16,1,100,,3884,6,0,14 15 16,1,100,,3879,6,0,14 15 16,1,100,,3881,6,0,14 15 16,1,30,,3883,6,0,14 15 16,1,70,,3882,6,0,14 15 16,1,30,,3878,6,0,14 15 16,1,70,,3876,6,0,14 15 16,1,30,,3898,6,0,14 15 16,1,70,,3869,6,0,14 15 16,1
10501,'8',619,,3909,6,0,14 15 16,1,100,,3907,6,0,14 15 16,1,30,,3911,6,0,14 15 16,1,70,,3939,6,0,14 15 16,1,30,,3925,6,0,14 15 16,1,70,,3912,6,0,14 15 16,1,30,,3914,6,0,14 15 16,1,70,,3910,6,0,14 15 16,1,100,,3929,6,0,14 15 16,1,100,,3927,6,0,14 15 16,1,100,,3921,6,0,14 15 16,1,100,,3916,6,0,14 15 16,1,100,,3918,6,0,14 15 16,1,30,,3920,6,0,14 15 16,1,70,,3919,6,0,14 15 16,1,30,,3915,6,0,14 15 16,1,70,,3913,6,0,14 15 16,1,30,,3936,6,0,14 15 16,1,70,,3905,6,0,14 15 16,1
20501,'11',719,,6737,6,,,1,100,,6733,6,,,1,100,,6731,6,,,1,100,,6729,6,,,1,100,,6754,6,,,1,100,,6739,6,,,1,100,,6744,6,,,1,100,,6746,6,,,1,100,,6736,6,,,1,100,,2688,6,,,1,100,,6745,6,,,1,100,,6749,6,,,1,100,,6743,6,,,1,100,,6741,6,,,1
20501,'14',1919,,6761,6,,,1,100,,6757,6,,,1,100,,6758,6,,,1,100,,6759,6,,,1
20501,'18',1919,,6769,6,,,1,100,,6765,6,,,1,100,,6766,6,,,1,100,,6767,6,,,1
20501,'20',1919,,6777,6,,,1,100,,6773,6,,,1,100,,6774,6,,,1,100,,6775,6,,,1
20501,'4',719,,6788,6,,,1,100,,6784,6,,,1,100,,6782,6,,,1,100,,6779,6,,,1,100,,6806,6,,,1,100,,6790,6,,,1,100,,6795,6,,,1,100,,6798,6,,,1,100,,6787,6,,,1,100,,6781,6,,,1,100,,6797,6,,,1,100,,6801,6,,,1,100,,6794,6,,,1,100,,6792,6,,,1
20501,'8',1919,,6813,6,,,1,100,,6809,6,,,1,100,,6810,6,,,1,100,,6811,6,,,1
