10100,'12',716,,8325,21,,,1,30,,8324,21,,,1,70,,8334,21,,,1,30,,3120,21,,,1,70,,8326,21,,,1,30,,8327,21,,,1,70,,8333,21,,,1,100,,8322,21,,,1,100,,8336,21,,,1,100,,8335,21,,,1,101,,5276,21,,,1,100,,8332,21,,,1,30,,8330,21,,,1,70,,8328,21,,,1,30,,8337,21,,,1,70,,8331,21,,,1,30,,8329,21,,,1,70,,8323,21,,,1
10100,'5',716,,8343,21,,,1,30,,8342,21,,,1,70,,8352,21,,,1,30,,8341,21,,,1,70,,8344,21,,,1,30,,8345,21,,,1,70,,8351,21,,,1,100,,8338,21,,,1,100,,8354,21,,,1,100,,8353,21,,,1,101,,8340,21,,,1,100,,8350,21,,,1,30,,8348,21,,,1,70,,8346,21,,,1,30,,8355,21,,,1,70,,8349,21,,,1,30,,8347,21,,,1,70,,8339,21,,,1
10100,'9',716,,8358,21,,,1,30,,8357,21,,,1,70,,8367,21,,,1,30,,3012,21,,,1,70,,8359,21,,,1,30,,8360,21,,,1,70,,8366,21,,,1,100,,5004,21,,,1,100,,8369,21,,,1,100,,8368,21,,,1,101,,5234,21,,,1,100,,8365,21,,,1,30,,8363,21,,,1,70,,8361,21,,,1,30,,8370,21,,,1,70,,8364,21,,,1,30,,8362,21,,,1,70,,8356,21,,,1
10101,'12',635,,8375,3,,,1,70,,8371,3,,,1,30,,8379,3,,,1,70,,8383,3,,,1,30,,8382,3,,,1,70,,8386,3,,,1,30,,8376,3,,,1,100,,8380,3,,,1,100,,8373,3,,,1,100,,8372,3,,,1,100,,8384,3,,,1,101,,8387,3,,,1,70,,8374,3,,,1,30,,8381,3,,,1,70,,8385,3,,,1,30,,8378,3,,,1,70,,8377,3,,,1,30,,5551,3,,,1
10101,'5',635,,8392,3,,,1,70,,8388,3,,,1,30,,8396,3,,,1,70,,8400,3,,,1,30,,8399,3,,,1,70,,8404,3,,,1,30,,8393,3,,,1,100,,8397,3,,,1,100,,8390,3,,,1,100,,8389,3,,,1,100,,8401,3,,,1,101,,8405,3,,,1,70,,8391,3,,,1,30,,8398,3,,,1,70,,8403,3,,,1,30,,8395,3,,,1,70,,8394,3,,,1,30,,8402,3,,,1
10101,'9',635,,8410,3,,,1,70,,8406,3,,,1,30,,8414,3,,,1,70,,8418,3,,,1,30,,8417,3,,,1,70,,8421,3,,,1,30,,8411,3,,,1,100,,8415,3,,,1,100,,8408,3,,,1,100,,8407,3,,,1,100,,8419,3,,,1,101,,8422,3,,,1,70,,8409,3,,,1,30,,8416,3,,,1,70,,8420,3,,,1,30,,8413,3,,,1,70,,8412,3,,,1,30,,5480,3,,,1
11300,'12',628,,10142,12,,,1,100,,10124,12,,,1,100,,4550,12,,,1,100,,10120,12,,,1,100,,10123,12,,,1,100,,10112,12,,,1,100,,10119,12,,,1,100,,4956,12,,,1,100,,10111,12,,,1,100,,10139,12,,,1,100,,10117,12,,,1,100,,10131,12,,,1,100,,10110,12,,,1
11300,'5',628,,10181,12,,,1,100,,10166,12,,,1,100,,10156,12,,,1,100,,10163,12,,,1,100,,10165,12,,,1,100,,10148,12,,,1,100,,10174,12,,,1,100,,10151,12,,,1,100,,10162,12,,,1,100,,10182,12,,,1,100,,10146,12,,,1,100,,10169,12,,,1,100,,10159,12,,,1
11300,'9',628,,10213,12,,,1,100,,10200,12,,,1,100,,10189,12,,,1,100,,10194,12,,,1,100,,10198,12,,,1,100,,10185,12,,,1,100,,10211,12,,,1,100,,4907,12,,,1,100,,10193,12,,,1,100,,10214,12,,,1,100,,10197,12,,,1,100,,10203,12,,,1,100,,10207,12,,,1
21300,'12',1928,,11608,12,,,1,100,,11606,12,,,1,100,,11609,12,,,1,100,,11607,12,,,1
21300,'5',1928,,11612,12,,,1,100,,11610,12,,,1,100,,11613,12,,,1,100,,11611,12,,,1
21300,'7',728,,11614,12,,,1,100,,11617,12,,,1,100,,11621,12,,,1,100,,11616,12,,,1,100,,11615,12,,,1,100,,11625,12,,,1,100,,11618,12,,,1,100,,11622,12,,,1,100,,11623,12,,,1,100,,11624,12,,,1,100,,11620,12,,,1,100,,7157,12,,,1,100,,11619,12,,,1
21300,'9',1928,,11628,12,,,1,100,,11626,12,,,1,100,,11629,12,,,1,100,,11627,12,,,1
