10501,'14',624,,3799,14,,,1,100,,3797,14,,,1,30,,3801,14,,,1,70,,3827,14,,,1,30,,1733,14,,,1,70,,1161,14,,,1,30,,3803,14,,,1,70,,3800,14,,,1,100,,3817,14,,,1,100,,3815,14,,,1,100,,3810,14,,,1,100,,3805,14,,,1,100,,3807,14,,,1,30,,3809,14,,,1,70,,3808,14,,,1,30,,3804,14,,,1,70,,3802,14,,,1,30,,3824,14,,,1,70,,3795,14,,,1
10501,'18',624,,3835,14,,,1,100,,3833,14,,,1,30,,3837,14,,,1,70,,3865,14,,,1,30,,3851,14,,,1,70,,3838,14,,,1,30,,3840,14,,,1,70,,3836,14,,,1,100,,3855,14,,,1,100,,3853,14,,,1,100,,3847,14,,,1,100,,3842,14,,,1,100,,3844,14,,,1,30,,3846,14,,,1,70,,3845,14,,,1,30,,3841,14,,,1,70,,3839,14,,,1,30,,3862,14,,,1,70,,3831,14,,,1
10501,'20',624,,3873,14,,,1,100,,3871,14,,,1,30,,3875,14,,,1,70,,3901,14,,,1,30,,1685,14,,,1,70,,1133,14,,,1,30,,3877,14,,,1,70,,3874,14,,,1,100,,3891,14,,,1,100,,3889,14,,,1,100,,3884,14,,,1,100,,3879,14,,,1,100,,3881,14,,,1,30,,3883,14,,,1,70,,3882,14,,,1,30,,3878,14,,,1,70,,3876,14,,,1,30,,3898,14,,,1,70,,3869,14,,,1
10501,'8',624,,3909,14,,,1,100,,3907,14,,,1,30,,3911,14,,,1,70,,3939,14,,,1,30,,3925,14,,,1,70,,3912,14,,,1,30,,3914,14,,,1,70,,3910,14,,,1,100,,3929,14,,,1,100,,3927,14,,,1,100,,3921,14,,,1,100,,3916,14,,,1,100,,3918,14,,,1,30,,3920,14,,,1,70,,3919,14,,,1,30,,3915,14,,,1,70,,3913,14,,,1,30,,3936,14,,,1,70,,3905,14,,,1
20501,'11',722,,6737,12,,,1,100,,6733,12,,,1,100,,6731,12,,,1,100,,6729,12,,,1,100,,6754,12,,,1,100,,6739,12,,,1,100,,6744,12,,,1,100,,6746,12,,,1,100,,6736,12,,,1,100,,2688,12,,,1,100,,6745,12,,,1,100,,6749,12,,,1,100,,6743,12,,,1,100,,6741,12,,,1
20501,'14',1922,,6761,12,,,1,100,,6757,12,,,1,100,,6758,12,,,1,100,,6759,12,,,1
20501,'18',1922,,6769,12,,,1,100,,6765,12,,,1,100,,6766,12,,,1,100,,6767,12,,,1
20501,'20',1922,,6777,12,,,1,100,,6773,12,,,1,100,,6774,12,,,1,100,,6775,12,,,1
20501,'4',722,,6788,12,,,1,100,,6784,12,,,1,100,,6782,12,,,1,100,,6779,12,,,1,100,,6806,12,,,1,100,,6790,12,,,1,100,,6795,12,,,1,100,,6798,12,,,1,100,,6787,12,,,1,100,,6781,12,,,1,100,,6797,12,,,1,100,,6801,12,,,1,100,,6794,12,,,1,100,,6792,12,,,1
20501,'8',1922,,6813,12,,,1,100,,6809,12,,,1,100,,6810,12,,,1,100,,6811,12,,,1
