10701,'14',556,,4195,5,0,5 6,1,100,,4151,5,0,5 6,1,70,,4179,5,0,5 6,1,30,,4160,5,0,5 6,1,70,,4198,5,0,5 6,1,30,,4201,5,0,5 6,1,100,,4176,5,0,5 6,1,100,,4170,5,0,5 6,1,100,,4171,5,0,5 6,1,100,,4199,5,0,5 6,1,100,,4158,5,0,5 6,1,70,,4200,5,0,5 6,1,30,,4175,5,0,5 6,1,70,,1246,5,0,5 6,1,30,,4157,5,0,5 6,1,70,,4182,5,0,5 6,1,30,,4172,5,0,5 6,1,70,,4146,5,0,5 6,1,30,,4192,5,0,5 6,1,100,,4186,5,0,5 6,1
10701,'18',556,,4255,5,0,5 6,1,100,,4208,5,0,5 6,1,70,,4238,5,0,5 6,1,30,,4217,5,0,5 6,1,70,,4258,5,0,5 6,1,30,,4261,5,0,5 6,1,100,,4234,5,0,5 6,1,100,,4227,5,0,5 6,1,100,,4228,5,0,5 6,1,100,,4259,5,0,5 6,1,100,,4215,5,0,5 6,1,70,,4260,5,0,5 6,1,30,,4233,5,0,5 6,1,70,,4239,5,0,5 6,1,30,,4214,5,0,5 6,1,70,,4242,5,0,5 6,1,30,,4230,5,0,5 6,1,70,,4203,5,0,5 6,1,30,,4252,5,0,5 6,1,100,,4246,5,0,5 6,1
10701,'20',556,,4312,5,0,5 6,1,100,,4268,5,0,5 6,1,70,,4296,5,0,5 6,1,30,,4277,5,0,5 6,1,70,,4315,5,0,5 6,1,30,,4318,5,0,5 6,1,100,,4293,5,0,5 6,1,100,,4287,5,0,5 6,1,100,,4288,5,0,5 6,1,100,,4316,5,0,5 6,1,100,,4275,5,0,5 6,1,70,,4317,5,0,5 6,1,30,,4292,5,0,5 6,1,70,,1233,5,0,5 6,1,30,,4274,5,0,5 6,1,70,,4300,5,0,5 6,1,30,,4289,5,0,5 6,1,70,,4263,5,0,5 6,1,30,,4309,5,0,5 6,1,100,,4303,5,0,5 6,1
10701,'8',556,,4372,5,0,5 6,1,100,,4325,5,0,5 6,1,70,,4355,5,0,5 6,1,30,,4334,5,0,5 6,1,70,,4375,5,0,5 6,1,30,,4378,5,0,5 6,1,100,,4351,5,0,5 6,1,100,,4344,5,0,5 6,1,100,,4345,5,0,5 6,1,100,,4376,5,0,5 6,1,100,,4332,5,0,5 6,1,70,,4377,5,0,5 6,1,30,,4350,5,0,5 6,1,70,,4356,5,0,5 6,1,30,,4331,5,0,5 6,1,70,,4359,5,0,5 6,1,30,,4347,5,0,5 6,1,70,,4320,5,0,5 6,1,30,,4369,5,0,5 6,1,100,,4363,5,0,5 6,1
21401,'11',737,,7872,5,,,1,100,,7880,5,,,1,100,,7876,5,,,1,100,,7871,5,,,1,100,,7873,5,,,1,100,,7879,5,,,1,100,,7878,5,,,1,100,,7869,5,,,1,100,,7875,5,,,1,100,,7868,5,,,1,100,,7877,5,,,1,100,,7874,5,,,1,100,,7870,5,,,1
21401,'14',1837,,7885,5,,,1,100,,7883,5,,,1,100,,7881,5,,,1,100,,7884,5,,,1,100,,7882,5,,,1
21401,'18',1837,,7890,5,,,1,100,,7888,5,,,1,100,,7886,5,,,1,100,,7889,5,,,1,100,,7887,5,,,1
21401,'20',1837,,7893,5,,,1,100,,81,5,,,1,100,,7891,5,,,1,100,,7892,5,,,1,100,,7894,5,,,1
21401,'4',737,,7899,5,,,1,100,,7907,5,,,1,100,,7903,5,,,1,100,,7898,5,,,1,100,,7900,5,,,1,100,,7906,5,,,1,100,,7905,5,,,1,100,,7896,5,,,1,100,,7902,5,,,1,100,,7895,5,,,1,100,,7904,5,,,1,100,,7901,5,,,1,100,,7897,5,,,1
21401,'8',1837,,7911,5,,,1,100,,7909,5,,,1,100,,7908,5,,,1,100,,7910,5,,,1,100,,7912,5,,,1
