10601,'14',556,,4011,2,0,9 3 10,1,100,,4014,2,0,9 3 10,1,70,,4018,2,0,9 3 10,1,30,,4007,2,0,9 3 10,1,70,,4016,2,0,9 3 10,1,30,,4022,2,0,9 3 10,1,70,,4013,2,0,17,1,30,,4019,2,0,9 3 10,1,100,,1560,2,0,9 3 10,1,100,,4008,2,0,9 3 10,1,100,,4020,2,0,9 3 10,1,100,,2330,2,0,9 3 10,1,70,,4010,2,0,9 3 10,1,30,,4021,2,0,9 3 10,1,70,,4009,2,0,9 3 10,1,30,,4017,2,0,9 3 10,1,70,,4006,2,0,9 3 10,1,30,,773,2,0,9 3 10,1,70,,4015,2,0,9 3 10,1,30,,4012,2,0,9 3 10,1
10601,'18',556,,4029,2,0,9 3 10,1,100,,4033,2,0,9 3 10,1,70,,4038,2,0,9 3 10,1,30,,4024,2,0,9 3 10,1,70,,4036,2,0,9 3 10,1,30,,4042,2,0,9 3 10,1,70,,4032,2,0,17,1,30,,4039,2,0,9 3 10,1,100,,4031,2,0,9 3 10,1,100,,4026,2,0,9 3 10,1,100,,4040,2,0,9 3 10,1,100,,4025,2,0,9 3 10,1,70,,4028,2,0,9 3 10,1,30,,4041,2,0,9 3 10,1,70,,4027,2,0,9 3 10,1,30,,4037,2,0,9 3 10,1,70,,4023,2,0,9 3 10,1,30,,4034,2,0,9 3 10,1,70,,4035,2,0,9 3 10,1,30,,4030,2,0,9 3 10,1
10601,'20',556,,4049,2,0,9 3 10,1,100,,4052,2,0,9 3 10,1,70,,4055,2,0,9 3 10,1,30,,4044,2,0,9 3 10,1,70,,4053,2,0,9 3 10,1,30,,4058,2,0,9 3 10,1,70,,4051,2,0,17,1,30,,4056,2,0,9 3 10,1,100,,1524,2,0,9 3 10,1,100,,4046,2,0,9 3 10,1,100,,1237,2,0,9 3 10,1,100,,4045,2,0,9 3 10,1,70,,4048,2,0,9 3 10,1,30,,4057,2,0,9 3 10,1,70,,4047,2,0,9 3 10,1,30,,4054,2,0,9 3 10,1,70,,4043,2,0,9 3 10,1,30,,713,2,0,9 3 10,1,70,,2265,2,0,9 3 10,1,30,,4050,2,0,9 3 10,1
10601,'8',556,,4065,2,0,9 3 10,1,100,,4069,2,0,9 3 10,1,70,,4074,2,0,9 3 10,1,30,,4060,2,0,9 3 10,1,70,,4072,2,0,9 3 10,1,30,,4078,2,0,9 3 10,1,70,,4068,2,0,17,1,30,,4075,2,0,9 3 10,1,100,,4067,2,0,9 3 10,1,100,,4062,2,0,9 3 10,1,100,,4076,2,0,9 3 10,1,100,,4061,2,0,9 3 10,1,70,,4064,2,0,9 3 10,1,30,,4077,2,0,9 3 10,1,70,,4063,2,0,9 3 10,1,30,,4073,2,0,9 3 10,1,70,,4059,2,0,9 3 10,1,30,,4070,2,0,9 3 10,1,70,,4071,2,0,9 3 10,1,30,,4066,2,0,9 3 10,1
20601,'11',653,,6914,2,,,1,70,,6908,2,,,1,30,,6934,2,,,1,70,,2574,2,,,1,30,,6938,2,,,1,70,,6926,2,,,1,30,,6915,2,,,1,70,,6911,2,,,1,30,,6907,2,,,1,70,,6939,2,,,1,30,,6906,2,,,1,70,,6952,2,,,1,30,,6949,2,,,1,70,,6935,2,,,1,30,,6909,2,,,1,70,,6943,2,,,1,30,,6929,2,,,1,70,,6954,2,,,1,30,,6947,2,,,1,70,,2825,2,,,1,30,,6932,2,,,1,70,,6937,2,,,1,30,,6941,2,,,1,70,,6940,2,,,1,30,,6922,2,,,1,70,,6910,2,,,1,30,,2586,2,,,1,70,,6913,2,,,1
20601,'14',1823,,6972,2,,,1,30,,544,2,,,1,70,,6962,2,,,1,30,,6971,2,,,1,70,,6968,2,,,1,30,,6967,2,,,1,70,,6965,2,,,1,30,,367,2,,,1,70,,6966,2,,,1,30,,6959,2,,,1
20601,'18',1823,,6992,2,,,1,30,,6984,2,,,1,70,,6980,2,,,1,30,,6991,2,,,1,70,,6988,2,,,1,30,,6987,2,,,1,70,,6985,2,,,1,30,,6975,2,,,1,70,,6986,2,,,1,30,,6977,2,,,1
20601,'20',1823,,7009,2,,,1,30,,506,2,,,1,70,,6999,2,,,1,30,,7008,2,,,1,70,,7005,2,,,1,30,,7004,2,,,1,70,,7002,2,,,1,30,,317,2,,,1,70,,7003,2,,,1,30,,6996,2,,,1
20601,'4',653,,7019,2,,,1,70,,7013,2,,,1,30,,7041,2,,,1,70,,7034,2,,,1,30,,7046,2,,,1,70,,7032,2,,,1,30,,7020,2,,,1,70,,7016,2,,,1,30,,7012,2,,,1,70,,7047,2,,,1,30,,7011,2,,,1,70,,7062,2,,,1,30,,7059,2,,,1,70,,7043,2,,,1,30,,7014,2,,,1,70,,7053,2,,,1,30,,7036,2,,,1,70,,7064,2,,,1,30,,7057,2,,,1,70,,7050,2,,,1,30,,7039,2,,,1,70,,7045,2,,,1,30,,7051,2,,,1,70,,7049,2,,,1,30,,7027,2,,,1,70,,7015,2,,,1,30,,7048,2,,,1,70,,7018,2,,,1
20601,'8',1823,,7085,2,,,1,30,,7077,2,,,1,70,,7073,2,,,1,30,,7084,2,,,1,70,,7081,2,,,1,30,,7080,2,,,1,70,,7078,2,,,1,30,,7068,2,,,1,70,,7079,2,,,1,30,,7070,2,,,1
