10501,'14',628,,3819,7,0,14 15 16,1,100,,3820,7,0,14 15 16,1,30,,3828,7,0,14 15 16,1,70,,3816,7,0,14 15 16,1,30,,3798,7,0,14 15 16,1,70,,3806,7,0,14 15 16,1,30,,3826,7,0,14 15 16,1,70,,3812,7,0,14 15 16,1,100,,3796,7,0,14 15 16,1,100,,3811,7,0,14 15 16,1,100,,3814,7,0,14 15 16,1,100,,3794,7,0,14 15 16,1,100,,3813,7,0,14 15 16,1,30,,3823,7,0,14 15 16,1,70,,3822,7,0,14 15 16,1,30,,3821,7,0,14 15 16,1,70,,3818,7,0,14 15 16,1,30,,3829,7,0,14 15 16,1,70,,3825,7,0,14 15 16,1
10501,'18',628,,3857,7,0,14 15 16,1,100,,3858,7,0,14 15 16,1,30,,3866,7,0,14 15 16,1,70,,3854,7,0,14 15 16,1,30,,3834,7,0,14 15 16,1,70,,3843,7,0,14 15 16,1,30,,3864,7,0,14 15 16,1,70,,3849,7,0,14 15 16,1,100,,3832,7,0,14 15 16,1,100,,3848,7,0,14 15 16,1,100,,3852,7,0,14 15 16,1,100,,3830,7,0,14 15 16,1,100,,3850,7,0,14 15 16,1,30,,3861,7,0,14 15 16,1,70,,3860,7,0,14 15 16,1,30,,3859,7,0,14 15 16,1,70,,3856,7,0,14 15 16,1,30,,3867,7,0,14 15 16,1,70,,3863,7,0,14 15 16,1
10501,'20',628,,3893,7,0,14 15 16,1,100,,3894,7,0,14 15 16,1,30,,3902,7,0,14 15 16,1,70,,3890,7,0,14 15 16,1,30,,3872,7,0,14 15 16,1,70,,3880,7,0,14 15 16,1,30,,3900,7,0,14 15 16,1,70,,3886,7,0,14 15 16,1,100,,3870,7,0,14 15 16,1,100,,3885,7,0,14 15 16,1,100,,3888,7,0,14 15 16,1,100,,3868,7,0,14 15 16,1,100,,3887,7,0,14 15 16,1,30,,3897,7,0,14 15 16,1,70,,3896,7,0,14 15 16,1,30,,3895,7,0,14 15 16,1,70,,3892,7,0,14 15 16,1,30,,3903,7,0,14 15 16,1,70,,3899,7,0,14 15 16,1
10501,'8',628,,3931,7,0,14 15 16,1,100,,3932,7,0,14 15 16,1,30,,3940,7,0,14 15 16,1,70,,3928,7,0,14 15 16,1,30,,3908,7,0,14 15 16,1,70,,3917,7,0,14 15 16,1,30,,3938,7,0,14 15 16,1,70,,3923,7,0,14 15 16,1,100,,3906,7,0,14 15 16,1,100,,3922,7,0,14 15 16,1,100,,3926,7,0,14 15 16,1,100,,3904,7,0,14 15 16,1,100,,3924,7,0,14 15 16,1,30,,3935,7,0,14 15 16,1,70,,3934,7,0,14 15 16,1,30,,3933,7,0,14 15 16,1,70,,3930,7,0,14 15 16,1,30,,3941,7,0,14 15 16,1,70,,3937,7,0,14 15 16,1
20501,'11',727,,6751,7,,,1,100,,6752,7,,,1,100,,6738,7,,,1,100,,2515,7,,,1,100,,6753,7,,,1,100,,6750,7,,,1,100,,6740,7,,,1,100,,6748,7,,,1,100,,6730,7,,,1,100,,6735,7,,,1,100,,6734,7,,,1,100,,6732,7,,,1,100,,6742,7,,,1,100,,6747,7,,,1
20501,'14',1927,,6756,7,,,1,100,,6762,7,,,1,100,,6755,7,,,1,100,,6760,7,,,1
20501,'18',1927,,6764,7,,,1,100,,6770,7,,,1,100,,6763,7,,,1,100,,6768,7,,,1
20501,'20',1927,,6772,7,,,1,100,,6778,7,,,1,100,,6771,7,,,1,100,,6776,7,,,1
20501,'4',727,,6803,7,,,1,100,,6804,7,,,1,100,,6789,7,,,1,100,,6796,7,,,1,100,,6805,7,,,1,100,,6802,7,,,1,100,,6791,7,,,1,100,,6800,7,,,1,100,,6780,7,,,1,100,,6786,7,,,1,100,,6785,7,,,1,100,,6783,7,,,1,100,,6793,7,,,1,100,,6799,7,,,1
20501,'8',1927,,6808,7,,,1,100,,6814,7,,,1,100,,6807,7,,,1,100,,6812,7,,,1
