11200,'14',655,,5200,11,,,1,100,,5196,11,,,1,100,,179,11,,,1,100,,5194,11,,,1,100,,1448,11,,,1,100,,5198,11,,,1,100,,2335,11,,,1,100,,5201,11,,,1,102,,5197,11,,,1,98,,5199,11,,,1,100,,5195,11,,,1
11200,'18',655,,5211,11,,,1,100,,5204,11,,,1,100,,5209,11,,,1,100,,5202,11,,,1,100,,5207,11,,,1,100,,5208,11,,,1,100,,5205,11,,,1,100,,5212,11,,,1,102,,5206,11,,,1,98,,5210,11,,,1,100,,5203,11,,,1
11200,'20',655,,5215,11,,,1,100,,5218,11,,,1,100,,5221,11,,,1,100,,5214,11,,,1,100,,1411,11,,,1,100,,5217,11,,,1,100,,2259,11,,,1,100,,5220,11,,,1,102,,5216,11,,,1,98,,5219,11,,,1,100,,5213,11,,,1
11200,'8',655,,5225,11,,,1,100,,5229,11,,,1,100,,5232,11,,,1,100,,5224,11,,,1,100,,5227,11,,,1,100,,5228,11,,,1,100,,5223,11,,,1,100,,5231,11,,,1,102,,5226,11,,,1,98,,5230,11,,,1,100,,5222,11,,,1
20300,'11',738,,6213,18,,,1,70,,6203,18,,,1,30,,2599,18,,,1,70,,6204,18,,,1,30,,6214,18,,,1,70,,6208,18,,,1,30,,6218,18,,,1,70,,1827,18,,,1,30,,6216,18,,,1,70,,6211,18,,,1,30,,6205,18,,,1,70,,6200,18,,,1,30,,6209,18,,,1,70,,6199,18,,,1,30,,6215,18,,,1,70,,6212,18,,,1,30,,6198,18,,,1,70,,6197,18,,,1,30,,6195,18,,,1,70,,6210,18,,,1,30,,6202,18,,,1,70,,6201,18,,,1,30,,6206,18,,,1,70,,6207,18,,,1,30,,6217,18,,,1,70,,6196,18,,,1,30,,6194,18,,,1
20300,'14',1908,,6223,18,,,1,30,,6225,18,,,1,70,,6219,18,,,1,30,,6220,18,,,1,70,,2607,18,,,1,30,,6226,18,,,1,70,,6222,18,,,1,30,,6224,18,,,1,70,,6221,18,,,1
20300,'18',1908,,6231,18,,,1,30,,6234,18,,,1,70,,6227,18,,,1,30,,6228,18,,,1,70,,6232,18,,,1,30,,6235,18,,,1,70,,6230,18,,,1,30,,6233,18,,,1,70,,6229,18,,,1
20300,'20',1908,,6240,18,,,1,30,,6242,18,,,1,70,,6236,18,,,1,30,,6237,18,,,1,70,,2556,18,,,1,30,,6243,18,,,1,70,,6239,18,,,1,30,,6241,18,,,1,70,,6238,18,,,1
20300,'4',738,,6264,18,,,1,70,,6254,18,,,1,30,,6267,18,,,1,70,,6255,18,,,1,30,,6265,18,,,1,70,,6259,18,,,1,30,,6270,18,,,1,70,,6249,18,,,1,30,,6268,18,,,1,70,,6262,18,,,1,30,,6256,18,,,1,70,,6251,18,,,1,30,,6260,18,,,1,70,,6250,18,,,1,30,,6266,18,,,1,70,,6263,18,,,1,30,,6248,18,,,1,70,,6247,18,,,1,30,,6245,18,,,1,70,,6261,18,,,1,30,,6253,18,,,1,70,,6252,18,,,1,30,,6257,18,,,1,70,,6258,18,,,1,30,,6269,18,,,1,70,,6246,18,,,1,30,,6244,18,,,1
20300,'8',1908,,6275,18,,,1,30,,6278,18,,,1,70,,6271,18,,,1,30,,6272,18,,,1,70,,6276,18,,,1,30,,6279,18,,,1,70,,6274,18,,,1,30,,6277,18,,,1,70,,6273,18,,,1
