10500,'14',552,,3666,10,,,1,100,,3654,10,,,1,70,,3673,10,,,1,30,,3656,10,,,1,70,,3652,10,,,1,30,,3674,10,,,1,70,,3669,10,,,1,30,,3676,10,,,1,100,,3658,10,,,1,100,,67,10,,,1,100,,3655,10,,,1,100,,3681,10,,,1,100,,3670,10,,,1,70,,3663,10,,,1,30,,3677,10,,,1,70,,3672,10,,,1,30,,3675,10,,,1,70,,3659,10,,,1,30,,3651,10,,,1
10500,'18',552,,3702,10,,,1,100,,3689,10,,,1,70,,3711,10,,,1,30,,3691,10,,,1,70,,3687,10,,,1,30,,3712,10,,,1,70,,3706,10,,,1,30,,3714,10,,,1,100,,3693,10,,,1,100,,3701,10,,,1,100,,3690,10,,,1,100,,3719,10,,,1,100,,3708,10,,,1,70,,3698,10,,,1,30,,3715,10,,,1,70,,3710,10,,,1,30,,3713,10,,,1,70,,3694,10,,,1,30,,3686,10,,,1
10500,'20',552,,3738,10,,,1,100,,3726,10,,,1,70,,3746,10,,,1,30,,3728,10,,,1,70,,3725,10,,,1,30,,3747,10,,,1,70,,3741,10,,,1,30,,3749,10,,,1,100,,3730,10,,,1,100,,49,10,,,1,100,,3727,10,,,1,100,,3754,10,,,1,100,,3743,10,,,1,70,,3735,10,,,1,30,,3750,10,,,1,70,,3745,10,,,1,30,,3748,10,,,1,70,,3731,10,,,1,30,,3724,10,,,1
10500,'8',552,,3775,10,,,1,100,,3762,10,,,1,70,,3784,10,,,1,30,,3764,10,,,1,70,,3760,10,,,1,30,,3785,10,,,1,70,,3779,10,,,1,30,,3787,10,,,1,100,,3766,10,,,1,100,,3774,10,,,1,100,,3763,10,,,1,100,,3792,10,,,1,100,,3781,10,,,1,70,,3771,10,,,1,30,,3788,10,,,1,70,,3783,10,,,1,30,,3786,10,,,1,70,,3767,10,,,1,30,,3759,10,,,1
20500,'11',652,,6661,10,,,1,100,,6657,10,,,1,100,,6653,10,,,1,100,,6666,10,,,1,100,,6670,10,,,1,100,,2797,10,,,1,100,,6664,10,,,1,100,,6649,10,,,1,100,,6659,10,,,1,100,,6652,10,,,1,100,,6656,10,,,1,100,,6655,10,,,1,100,,6651,10,,,1,100,,6660,10,,,1
20500,'14',1852,,6675,10,,,1,100,,6674,10,,,1,100,,6676,10,,,1,100,,6673,10,,,1
20500,'18',1852,,6683,10,,,1,100,,6681,10,,,1,100,,6684,10,,,1,100,,6680,10,,,1
20500,'20',1852,,6690,10,,,1,100,,6689,10,,,1,100,,6691,10,,,1,100,,6688,10,,,1
20500,'4',652,,6710,10,,,1,100,,6706,10,,,1,100,,6702,10,,,1,100,,6716,10,,,1,100,,6720,10,,,1,100,,6697,10,,,1,100,,6714,10,,,1,100,,6698,10,,,1,100,,6708,10,,,1,100,,6701,10,,,1,100,,6705,10,,,1,100,,6704,10,,,1,100,,6700,10,,,1,100,,6709,10,,,1
20500,'8',1852,,6726,10,,,1,100,,6724,10,,,1,100,,6727,10,,,1,100,,6723,10,,,1
