10701,'14',621,,4184,12,0,9 3 10,1,100,,4174,12,0,9 3 10,1,30,,4150,12,0,9 3 10,1,70,,476,12,0,9 3 10,1,30,,4159,12,0,9 3 10,1,70,,4149,12,0,9 3 10,1,100,,4155,12,0,9 3 10,1,100,,4147,12,0,9 3 10,1,100,,4190,12,0,9 3 10,1,100,,4193,12,0,9 3 10,1,100,,4162,12,0,9 3 10,1,30,,4163,12,0,9 3 10,1,70,,4161,12,0,9 3 10,1,30,,4156,12,0,9 3 10,1,70,,4194,12,0,9 3 10,1,30,,4180,12,0,9 3 10,1,70,,4185,12,0,9 3 10,1,30,,4167,12,0,9 3 10,1,70,,4165,12,0,9 3 10,1,100,,4153,12,0,9 3 10,1
10701,'18',621,,4243,12,0,9 3 10,1,100,,4232,12,0,9 3 10,1,30,,4207,12,0,9 3 10,1,70,,4236,12,0,9 3 10,1,30,,4216,12,0,9 3 10,1,70,,4206,12,0,9 3 10,1,100,,4212,12,0,9 3 10,1,100,,4204,12,0,9 3 10,1,100,,4250,12,0,9 3 10,1,100,,4253,12,0,9 3 10,1,100,,4219,12,0,9 3 10,1,30,,4220,12,0,9 3 10,1,70,,4218,12,0,9 3 10,1,30,,4213,12,0,9 3 10,1,70,,4254,12,0,9 3 10,1,30,,4240,12,0,9 3 10,1,70,,4245,12,0,9 3 10,1,30,,4224,12,0,9 3 10,1,70,,4222,12,0,9 3 10,1,100,,4210,12,0,9 3 10,1
10701,'20',621,,4301,12,0,9 3 10,1,100,,4291,12,0,9 3 10,1,30,,4267,12,0,9 3 10,1,70,,438,12,0,9 3 10,1,30,,4276,12,0,9 3 10,1,70,,4266,12,0,9 3 10,1,100,,4272,12,0,9 3 10,1,100,,4264,12,0,9 3 10,1,100,,4307,12,0,9 3 10,1,100,,4310,12,0,9 3 10,1,100,,4279,12,0,9 3 10,1,30,,4280,12,0,9 3 10,1,70,,4278,12,0,9 3 10,1,30,,4273,12,0,9 3 10,1,70,,4311,12,0,9 3 10,1,30,,4297,12,0,9 3 10,1,70,,4302,12,0,9 3 10,1,30,,4284,12,0,9 3 10,1,70,,4282,12,0,9 3 10,1,100,,4270,12,0,9 3 10,1
10701,'8',621,,4360,12,0,9 3 10,1,100,,4349,12,0,9 3 10,1,30,,4324,12,0,9 3 10,1,70,,4353,12,0,9 3 10,1,30,,4333,12,0,9 3 10,1,70,,4323,12,0,9 3 10,1,100,,4329,12,0,9 3 10,1,100,,4321,12,0,9 3 10,1,100,,4367,12,0,9 3 10,1,100,,4370,12,0,9 3 10,1,100,,4336,12,0,9 3 10,1,30,,4337,12,0,9 3 10,1,70,,4335,12,0,9 3 10,1,30,,4330,12,0,9 3 10,1,70,,4371,12,0,9 3 10,1,30,,4357,12,0,9 3 10,1,70,,4362,12,0,9 3 10,1,30,,4341,12,0,9 3 10,1,70,,4339,12,0,9 3 10,1,100,,4327,12,0,9 3 10,1
21001,'11',719,,7406,7,,,1,30,,7399,7,,,1,70,,7407,7,,,1,30,,7396,7,,,1,70,,7414,7,,,1,30,,7415,7,,,1,70,,7395,7,,,1,30,,7400,7,,,1,70,,2572,7,,,1,30,,7417,7,,,1,70,,7404,7,,,1,30,,7411,7,,,1,70,,7418,7,,,1,30,,1974,7,,,1,70,,7401,7,,,1,30,,7397,7,,,1,70,,7402,7,,,1,30,,7419,7,,,1,70,,2600,7,,,1,30,,7409,7,,,1,70,,7410,7,,,1,30,,7412,7,,,1,70,,7403,7,,,1,30,,7416,7,,,1,70,,7398,7,,,1,30,,7413,7,,,1,70,,7405,7,,,1,30,,7408,7,,,1
21001,'14',1849,,7420,7,,,1,70,,7423,7,,,1,30,,7424,7,,,1,70,,7427,7,,,1,30,,7421,7,,,1,70,,7428,7,,,1,30,,7425,7,,,1,70,,7426,7,,,1,30,,7429,7,,,1,70,,7422,7,,,1
21001,'18',1849,,7430,7,,,1,70,,7433,7,,,1,30,,7434,7,,,1,70,,7437,7,,,1,30,,7431,7,,,1,70,,7438,7,,,1,30,,7435,7,,,1,70,,7436,7,,,1,30,,7439,7,,,1,70,,7432,7,,,1
21001,'20',1849,,7440,7,,,1,70,,7443,7,,,1,30,,7444,7,,,1,70,,7447,7,,,1,30,,7441,7,,,1,70,,7448,7,,,1,30,,7445,7,,,1,70,,7446,7,,,1,30,,7449,7,,,1,70,,7442,7,,,1
21001,'4',719,,7462,7,,,1,30,,7454,7,,,1,70,,7463,7,,,1,30,,7451,7,,,1,70,,7470,7,,,1,30,,7471,7,,,1,70,,7450,7,,,1,30,,7455,7,,,1,70,,7458,7,,,1,30,,7475,7,,,1,70,,7460,7,,,1,30,,7467,7,,,1,70,,7476,7,,,1,30,,7472,7,,,1,70,,7456,7,,,1,30,,7452,7,,,1,70,,7457,7,,,1,30,,7477,7,,,1,70,,7474,7,,,1,30,,7465,7,,,1,70,,7466,7,,,1,30,,7468,7,,,1,70,,7459,7,,,1,30,,7473,7,,,1,70,,7453,7,,,1,30,,7469,7,,,1,70,,7461,7,,,1,30,,7464,7,,,1
21001,'8',1849,,7478,7,,,1,70,,7481,7,,,1,30,,7482,7,,,1,70,,7485,7,,,1,30,,7479,7,,,1,70,,7486,7,,,1,30,,7483,7,,,1,70,,7484,7,,,1,30,,7487,7,,,1,70,,7480,7,,,1
