11600,'14',644,,5859,12,0,21 22,1,70,,5870,12,0,21 22,1,30,,5842,12,0,21 22,1,70,,5846,12,0,21 22,1,30,,5865,12,0,21 22,1,70,,5838,12,0,21 22,1,30,,402,12,0,21 22,1,70,,5862,12,0,21 22,1,30,,5866,12,0,21 22,1,70,,5874,12,0,21 22,1,30,,5849,12,0,21 22,1,70,,5878,12,0,21 22,1,30,,5850,12,0,21 22,1,70,,5871,12,0,21 22,1,30,,5847,12,0,21 22,1,70,,5844,12,0,21 22,1,30,,5869,12,0,21 22,1,70,,5863,12,0,21 22,1,30,,5854,12,0,21 22,1,70,,627,12,0,21 22,1,30,,5843,12,0,21 22,1,70,,5851,12,0,21 22,1,30,,5839,12,0,21 22,1
11600,'18',644,,5904,12,0,21 22,1,70,,5916,12,0,21 22,1,30,,5884,12,0,21 22,1,70,,5888,12,0,21 22,1,30,,5911,12,0,21 22,1,70,,5880,12,0,21 22,1,30,,5908,12,0,21 22,1,70,,5907,12,0,21 22,1,30,,5912,12,0,21 22,1,70,,5920,12,0,21 22,1,30,,5892,12,0,21 22,1,70,,5924,12,0,21 22,1,30,,5893,12,0,21 22,1,70,,5917,12,0,21 22,1,30,,5889,12,0,21 22,1,70,,5886,12,0,21 22,1,30,,5915,12,0,21 22,1,70,,5909,12,0,21 22,1,30,,5899,12,0,21 22,1,70,,5896,12,0,21 22,1,30,,5885,12,0,21 22,1,70,,5894,12,0,21 22,1,30,,5881,12,0,21 22,1
11600,'20',644,,5947,12,0,21 22,1,70,,5958,12,0,21 22,1,30,,5930,12,0,21 22,1,70,,5934,12,0,21 22,1,30,,5953,12,0,21 22,1,70,,5926,12,0,21 22,1,30,,352,12,0,21 22,1,70,,5950,12,0,21 22,1,30,,5954,12,0,21 22,1,70,,5962,12,0,21 22,1,30,,5937,12,0,21 22,1,70,,5966,12,0,21 22,1,30,,5938,12,0,21 22,1,70,,5959,12,0,21 22,1,30,,5935,12,0,21 22,1,70,,5932,12,0,21 22,1,30,,5957,12,0,21 22,1,70,,5951,12,0,21 22,1,30,,5942,12,0,21 22,1,70,,607,12,0,21 22,1,30,,5931,12,0,21 22,1,70,,5939,12,0,21 22,1,30,,5927,12,0,21 22,1
11600,'8',644,,5992,12,0,21 22,1,70,,6004,12,0,21 22,1,30,,5972,12,0,21 22,1,70,,5976,12,0,21 22,1,30,,5999,12,0,21 22,1,70,,5968,12,0,21 22,1,30,,5996,12,0,21 22,1,70,,5995,12,0,21 22,1,30,,6000,12,0,21 22,1,70,,6008,12,0,21 22,1,30,,5980,12,0,21 22,1,70,,6012,12,0,21 22,1,30,,5981,12,0,21 22,1,70,,6005,12,0,21 22,1,30,,5977,12,0,21 22,1,70,,5974,12,0,21 22,1,30,,6003,12,0,21 22,1,70,,5997,12,0,21 22,1,30,,5987,12,0,21 22,1,70,,5984,12,0,21 22,1,30,,5973,12,0,21 22,1,70,,5982,12,0,21 22,1,30,,5969,12,0,21 22,1
21600,'11',714,,7922,12,0,21 22,1,30,,7962,12,0,21 22,1,70,,7944,12,0,21 22,1,30,,7924,12,0,21 22,1,70,,7945,12,0,21 22,1,30,,7929,12,0,21 22,1,70,,7958,12,0,21 22,1,30,,7965,12,0,21 22,1,70,,7931,12,0,21 22,1,30,,7955,12,0,21 22,1,70,,7913,12,0,21 22,1,30,,1971,12,0,21 22,1,70,,7950,12,0,21 22,1,30,,7941,12,0,21 22,1,70,,7916,12,0,21 22,1,30,,7928,12,0,21 22,1,70,,7938,12,0,21 22,1,30,,7957,12,0,21 22,1,70,,7946,12,0,21 22,1,30,,7921,12,0,21 22,1,70,,7940,12,0,21 22,1,30,,7949,12,0,21 22,1,70,,7926,12,0,21 22,1,30,,7915,12,0,21 22,1,70,,7964,12,0,21 22,1,30,,7943,12,0,21 22,1,70,,7963,12,0,21 22,1,30,,7966,12,0,21 22,1,70,,7917,12,0,21 22,1
21600,'14',1814,,7992,12,0,21 22,1,30,,7976,12,0,21 22,1,70,,7977,12,0,21 22,1,30,,7985,12,0,21 22,1,70,,7984,12,0,21 22,1,30,,7981,12,0,21 22,1,70,,7974,12,0,21 22,1,30,,7988,12,0,21 22,1,70,,7982,12,0,21 22,1,30,,7986,12,0,21 22,1,70,,7975,12,0,21 22,1,30,,7979,12,0,21 22,1
21600,'18',1814,,8016,12,0,21 22,1,30,,7999,12,0,21 22,1,70,,8000,12,0,21 22,1,30,,8009,12,0,21 22,1,70,,8008,12,0,21 22,1,30,,8005,12,0,21 22,1,70,,7997,12,0,21 22,1,30,,8012,12,0,21 22,1,70,,8006,12,0,21 22,1,30,,8010,12,0,21 22,1,70,,7998,12,0,21 22,1,30,,8002,12,0,21 22,1
21600,'20',1814,,8040,12,0,21 22,1,30,,8023,12,0,21 22,1,70,,8024,12,0,21 22,1,30,,8033,12,0,21 22,1,70,,8032,12,0,21 22,1,30,,8029,12,0,21 22,1,70,,8021,12,0,21 22,1,30,,8036,12,0,21 22,1,70,,8030,12,0,21 22,1,30,,8034,12,0,21 22,1,70,,8022,12,0,21 22,1,30,,8026,12,0,21 22,1
21600,'4',714,,8050,12,0,21 22,1,30,,8091,12,0,21 22,1,70,,8072,12,0,21 22,1,30,,8052,12,0,21 22,1,70,,8073,12,0,21 22,1,30,,8057,12,0,21 22,1,70,,8087,12,0,21 22,1,30,,8094,12,0,21 22,1,70,,8059,12,0,21 22,1,30,,8084,12,0,21 22,1,70,,8041,12,0,21 22,1,30,,8074,12,0,21 22,1,70,,8079,12,0,21 22,1,30,,8069,12,0,21 22,1,70,,8044,12,0,21 22,1,30,,8056,12,0,21 22,1,70,,8066,12,0,21 22,1,30,,8086,12,0,21 22,1,70,,8075,12,0,21 22,1,30,,8049,12,0,21 22,1,70,,8068,12,0,21 22,1,30,,8078,12,0,21 22,1,70,,8054,12,0,21 22,1,30,,8043,12,0,21 22,1,70,,8093,12,0,21 22,1,30,,8071,12,0,21 22,1,70,,8092,12,0,21 22,1,30,,8095,12,0,21 22,1,70,,8045,12,0,21 22,1
21600,'8',1814,,8122,12,0,21 22,1,30,,8105,12,0,21 22,1,70,,8106,12,0,21 22,1,30,,8115,12,0,21 22,1,70,,8114,12,0,21 22,1,30,,8111,12,0,21 22,1,70,,8103,12,0,21 22,1,30,,8118,12,0,21 22,1,70,,8112,12,0,21 22,1,30,,8116,12,0,21 22,1,70,,8104,12,0,21 22,1,30,,8108,12,0,21 22,1
