10600,'10',643,,12513,11,,,1,100,,12520,11,,,1,70,,12515,11,,,1,30,,9816,11,,,1,70,,12522,11,,,1,30,,12508,11,,,1,100,,12519,11,,,1,100,,12521,11,,,1,100,,12509,11,,,1,100,,12511,11,,,1,100,,12516,11,,,1,70,,12517,11,,,1,30,,12510,11,,,1,70,,12518,11,,,1,31,,12514,11,,,1,69,,12507,11,,,1,32,,12512,11,,,1
10600,'13',643,,12529,11,,,1,100,,12536,11,,,1,70,,12531,11,,,1,30,,9770,11,,,1,70,,12538,11,,,1,30,,12524,11,,,1,100,,12535,11,,,1,100,,12537,11,,,1,100,,12525,11,,,1,100,,12527,11,,,1,100,,12532,11,,,1,70,,12533,11,,,1,30,,12526,11,,,1,70,,12534,11,,,1,31,,12530,11,,,1,69,,12523,11,,,1,32,,12528,11,,,1
10601,'10',606,,12554,17,,,1,100,,12543,17,,,1,30,,12549,17,,,1,70,,12557,17,,,1,30,,12541,17,,,1,70,,12555,17,,,1,100,,12546,17,,,1,100,,12544,17,,,1,100,,12552,17,,,1,100,,12553,17,,,1,100,,12539,17,,,1,30,,12556,17,,,1,70,,12548,17,,,1,30,,12558,17,,,1,70,,12540,17,,,1,30,,12547,17,,,1,70,,12551,17,,,1,30,,12545,17,,,1,70,,12550,17,,,1
10601,'13',606,,12574,17,,,1,100,,12563,17,,,1,30,,12569,17,,,1,70,,12577,17,,,1,30,,12561,17,,,1,70,,12575,17,,,1,100,,12566,17,,,1,100,,12564,17,,,1,100,,12572,17,,,1,100,,12573,17,,,1,100,,12559,17,,,1,30,,12576,17,,,1,70,,12568,17,,,1,30,,12578,17,,,1,70,,12560,17,,,1,30,,12567,17,,,1,70,,12571,17,,,1,30,,12565,17,,,1,70,,12570,17,,,1
20600,'10',1813,,13906,16,,,1,29,,13905,16,,,1,70,,13899,16,,,1,31,,13900,16,,,1,70,,9397,16,,,1,30,,13898,16,,,1,69,,13903,16,,,1,30,,13902,16,,,1,70,,13904,16,,,1,30,,13901,16,,,1
20600,'13',1813,,13915,16,,,1,29,,13914,16,,,1,70,,13912,16,,,1,31,,13908,16,,,1,70,,9284,16,,,1,30,,13907,16,,,1,69,,13911,16,,,1,30,,13910,16,,,1,70,,13913,16,,,1,30,,13909,16,,,1
20600,'7',742,,13938,16,,,1,70,,13921,16,,,1,30,,13920,16,,,1,70,,13941,16,,,1,30,,13928,16,,,1,70,,13919,16,,,1,30,,13923,16,,,1,71,,13929,16,,,1,29,,13934,16,,,1,70,,13927,16,,,1,30,,13925,16,,,1,70,,13926,16,,,1,30,,13937,16,,,1,71,,13936,16,,,1,29,,13932,16,,,1,70,,13924,16,,,1,30,,13933,16,,,1,70,,13940,16,,,1,30,,13917,16,,,1,70,,13931,16,,,1,30,,13939,16,,,1,70,,13918,16,,,1,31,,13916,16,,,1,69,,13935,16,,,1,30,,13922,16,,,1,70,,13930,16,,,1
20601,'10',1836,,13952,7,,,1,70,,13948,7,,,1,30,,13960,7,,,1,70,,13959,7,,,1,30,,13951,7,,,1,70,,13949,7,,,1,30,,13942,7,,,1,70,,13955,7,,,1,30,,13946,7,,,1,70,,13945,7,,,1
20601,'13',1836,,13972,7,,,1,70,,13968,7,,,1,30,,10407,7,,,1,70,,13978,7,,,1,30,,13971,7,,,1,70,,13969,7,,,1,30,,13962,7,,,1,70,,13975,7,,,1,30,,13966,7,,,1,70,,13965,7,,,1
20601,'7',706,,13994,7,,,1,30,,14020,7,,,1,70,,14014,7,,,1,30,,14026,7,,,1,70,,13989,7,,,1,30,,11941,7,,,1,70,,13995,7,,,1,30,,14022,7,,,1,70,,14009,7,,,1,30,,14017,7,,,1,70,,14012,7,,,1,30,,13982,7,,,1,70,,13981,7,,,1,30,,14008,7,,,1,70,,13991,7,,,1,30,,11217,7,,,1,70,,13985,7,,,1,30,,13999,7,,,1,70,,14025,7,,,1,30,,13980,7,,,1,70,,13996,7,,,1,30,,14021,7,,,1,70,,14016,7,,,1,30,,14003,7,,,1,70,,14002,7,,,1,30,,13988,7,,,1,70,,13997,7,,,1,30,,14000,7,,,1
