10501,'14',618,,3799,5,0,14 15 16,1,100,,3797,5,0,14 15 16,1,30,,3801,5,0,14 15 16,1,70,,3827,5,0,14 15 16,1,30,,1733,5,0,14 15 16,1,70,,1161,5,0,14 15 16,1,30,,3803,5,0,14 15 16,1,70,,3800,5,0,14 15 16,1,100,,3817,5,0,14 15 16,1,100,,3815,5,0,14 15 16,1,100,,3810,5,0,14 15 16,1,100,,3805,5,0,14 15 16,1,100,,3807,5,0,14 15 16,1,30,,3809,5,0,14 15 16,1,70,,3808,5,0,14 15 16,1,30,,3804,5,0,14 15 16,1,70,,3802,5,0,14 15 16,1,30,,3824,5,0,14 15 16,1,70,,3795,5,0,14 15 16,1
10501,'18',618,,3835,5,0,14 15 16,1,100,,3833,5,0,14 15 16,1,30,,3837,5,0,14 15 16,1,70,,3865,5,0,14 15 16,1,30,,3851,5,0,14 15 16,1,70,,3838,5,0,14 15 16,1,30,,3840,5,0,14 15 16,1,70,,3836,5,0,14 15 16,1,100,,3855,5,0,14 15 16,1,100,,3853,5,0,14 15 16,1,100,,3847,5,0,14 15 16,1,100,,3842,5,0,14 15 16,1,100,,3844,5,0,14 15 16,1,30,,3846,5,0,14 15 16,1,70,,3845,5,0,14 15 16,1,30,,3841,5,0,14 15 16,1,70,,3839,5,0,14 15 16,1,30,,3862,5,0,14 15 16,1,70,,3831,5,0,14 15 16,1
10501,'20',618,,3873,5,0,14 15 16,1,100,,3871,5,0,14 15 16,1,30,,3875,5,0,14 15 16,1,70,,3901,5,0,14 15 16,1,30,,1685,5,0,14 15 16,1,70,,1133,5,0,14 15 16,1,30,,3877,5,0,14 15 16,1,70,,3874,5,0,14 15 16,1,100,,3891,5,0,14 15 16,1,100,,3889,5,0,14 15 16,1,100,,3884,5,0,14 15 16,1,100,,3879,5,0,14 15 16,1,100,,3881,5,0,14 15 16,1,30,,3883,5,0,14 15 16,1,70,,3882,5,0,14 15 16,1,30,,3878,5,0,14 15 16,1,70,,3876,5,0,14 15 16,1,30,,3898,5,0,14 15 16,1,70,,3869,5,0,14 15 16,1
10501,'8',618,,3909,5,0,14 15 16,1,100,,3907,5,0,14 15 16,1,30,,3911,5,0,14 15 16,1,70,,3939,5,0,14 15 16,1,30,,3925,5,0,14 15 16,1,70,,3912,5,0,14 15 16,1,30,,3914,5,0,14 15 16,1,70,,3910,5,0,14 15 16,1,100,,3929,5,0,14 15 16,1,100,,3927,5,0,14 15 16,1,100,,3921,5,0,14 15 16,1,100,,3916,5,0,14 15 16,1,100,,3918,5,0,14 15 16,1,30,,3920,5,0,14 15 16,1,70,,3919,5,0,14 15 16,1,30,,3915,5,0,14 15 16,1,70,,3913,5,0,14 15 16,1,30,,3936,5,0,14 15 16,1,70,,3905,5,0,14 15 16,1
20501,'11',718,,6737,5,,,1,100,,6733,5,,,1,100,,6731,5,,,1,100,,6729,5,,,1,100,,6754,5,,,1,100,,6739,5,,,1,100,,6744,5,,,1,100,,6746,5,,,1,100,,6736,5,,,1,100,,2688,5,,,1,100,,6745,5,,,1,100,,6749,5,,,1,100,,6743,5,,,1,100,,6741,5,,,1
20501,'14',1918,,6761,5,,,1,100,,6757,5,,,1,100,,6758,5,,,1,100,,6759,5,,,1
20501,'18',1918,,6769,5,,,1,100,,6765,5,,,1,100,,6766,5,,,1,100,,6767,5,,,1
20501,'20',1918,,6777,5,,,1,100,,6773,5,,,1,100,,6774,5,,,1,100,,6775,5,,,1
20501,'4',718,,6788,5,,,1,100,,6784,5,,,1,100,,6782,5,,,1,100,,6779,5,,,1,100,,6806,5,,,1,100,,6790,5,,,1,100,,6795,5,,,1,100,,6798,5,,,1,100,,6787,5,,,1,100,,6781,5,,,1,100,,6797,5,,,1,100,,6801,5,,,1,100,,6794,5,,,1,100,,6792,5,,,1
20501,'8',1918,,6813,5,,,1,100,,6809,5,,,1,100,,6810,5,,,1,100,,6811,5,,,1
