10701,'14',621,,4184,11,,,1,100,,4174,11,,,1,30,,4150,11,,,1,70,,476,11,,,1,30,,4159,11,,,1,70,,4149,11,,,1,100,,4155,11,,,1,100,,4147,11,,,1,100,,4190,11,,,1,100,,4193,11,,,1,100,,4162,11,,,1,30,,4163,11,,,1,70,,4161,11,,,1,30,,4156,11,,,1,70,,4194,11,,,1,30,,4180,11,,,1,70,,4185,11,,,1,30,,4167,11,,,1,70,,4165,11,,,1,100,,4153,11,,,1
10701,'18',621,,4243,11,,,1,100,,4232,11,,,1,30,,4207,11,,,1,70,,4236,11,,,1,30,,4216,11,,,1,70,,4206,11,,,1,100,,4212,11,,,1,100,,4204,11,,,1,100,,4250,11,,,1,100,,4253,11,,,1,100,,4219,11,,,1,30,,4220,11,,,1,70,,4218,11,,,1,30,,4213,11,,,1,70,,4254,11,,,1,30,,4240,11,,,1,70,,4245,11,,,1,30,,4224,11,,,1,70,,4222,11,,,1,100,,4210,11,,,1
10701,'20',621,,4301,11,,,1,100,,4291,11,,,1,30,,4267,11,,,1,70,,438,11,,,1,30,,4276,11,,,1,70,,4266,11,,,1,100,,4272,11,,,1,100,,4264,11,,,1,100,,4307,11,,,1,100,,4310,11,,,1,100,,4279,11,,,1,30,,4280,11,,,1,70,,4278,11,,,1,30,,4273,11,,,1,70,,4311,11,,,1,30,,4297,11,,,1,70,,4302,11,,,1,30,,4284,11,,,1,70,,4282,11,,,1,100,,4270,11,,,1
10701,'8',621,,4360,11,,,1,100,,4349,11,,,1,30,,4324,11,,,1,70,,4353,11,,,1,30,,4333,11,,,1,70,,4323,11,,,1,100,,4329,11,,,1,100,,4321,11,,,1,100,,4367,11,,,1,100,,4370,11,,,1,100,,4336,11,,,1,30,,4337,11,,,1,70,,4335,11,,,1,30,,4330,11,,,1,70,,4371,11,,,1,30,,4357,11,,,1,70,,4362,11,,,1,30,,4341,11,,,1,70,,4339,11,,,1,100,,4327,11,,,1
21001,'11',719,,7406,6,,,1,30,,7399,6,,,1,70,,7407,6,,,1,30,,7396,6,,,1,70,,7414,6,,,1,30,,7415,6,,,1,70,,7395,6,,,1,30,,7400,6,,,1,70,,2572,6,,,1,30,,7417,6,,,1,70,,7404,6,,,1,30,,7411,6,,,1,70,,7418,6,,,1,30,,1974,6,,,1,70,,7401,6,,,1,30,,7397,6,,,1,70,,7402,6,,,1,30,,7419,6,,,1,70,,2600,6,,,1,30,,7409,6,,,1,70,,7410,6,,,1,30,,7412,6,,,1,70,,7403,6,,,1,30,,7416,6,,,1,70,,7398,6,,,1,30,,7413,6,,,1,70,,7405,6,,,1,30,,7408,6,,,1
21001,'14',1849,,7420,6,,,1,70,,7423,6,,,1,30,,7424,6,,,1,70,,7427,6,,,1,30,,7421,6,,,1,70,,7428,6,,,1,30,,7425,6,,,1,70,,7426,6,,,1,30,,7429,6,,,1,70,,7422,6,,,1
21001,'18',1849,,7430,6,,,1,70,,7433,6,,,1,30,,7434,6,,,1,70,,7437,6,,,1,30,,7431,6,,,1,70,,7438,6,,,1,30,,7435,6,,,1,70,,7436,6,,,1,30,,7439,6,,,1,70,,7432,6,,,1
21001,'20',1849,,7440,6,,,1,70,,7443,6,,,1,30,,7444,6,,,1,70,,7447,6,,,1,30,,7441,6,,,1,70,,7448,6,,,1,30,,7445,6,,,1,70,,7446,6,,,1,30,,7449,6,,,1,70,,7442,6,,,1
21001,'4',719,,7462,6,,,1,30,,7454,6,,,1,70,,7463,6,,,1,30,,7451,6,,,1,70,,7470,6,,,1,30,,7471,6,,,1,70,,7450,6,,,1,30,,7455,6,,,1,70,,7458,6,,,1,30,,7475,6,,,1,70,,7460,6,,,1,30,,7467,6,,,1,70,,7476,6,,,1,30,,7472,6,,,1,70,,7456,6,,,1,30,,7452,6,,,1,70,,7457,6,,,1,30,,7477,6,,,1,70,,7474,6,,,1,30,,7465,6,,,1,70,,7466,6,,,1,30,,7468,6,,,1,70,,7459,6,,,1,30,,7473,6,,,1,70,,7453,6,,,1,30,,7469,6,,,1,70,,7461,6,,,1,30,,7464,6,,,1
21001,'8',1849,,7478,6,,,1,70,,7481,6,,,1,30,,7482,6,,,1,70,,7485,6,,,1,30,,7479,6,,,1,70,,7486,6,,,1,30,,7483,6,,,1,70,,7484,6,,,1,30,,7487,6,,,1,70,,7480,6,,,1
