10100,'14',706,,2603,11,,,1,30,,2868,11,,,1,70,,1656,11,,,1,30,,2872,11,,,1,70,,2869,11,,,1,30,,2880,11,,,1,70,,2878,11,,,1,100,,2873,11,,,1,100,,2881,11,,,1,100,,2877,11,,,1,100,,2876,11,,,1,100,,2867,11,,,1,30,,2875,11,,,1,70,,2879,11,,,1,30,,2882,11,,,1,70,,2870,11,,,1,30,,2871,11,,,1,70,,2874,11,,,1
10100,'18',706,,2890,11,,,1,30,,2884,11,,,1,70,,2895,11,,,1,30,,2888,11,,,1,70,,2885,11,,,1,30,,2898,11,,,1,70,,2896,11,,,1,100,,2889,11,,,1,100,,2899,11,,,1,100,,2894,11,,,1,100,,2893,11,,,1,100,,2883,11,,,1,30,,2892,11,,,1,70,,2897,11,,,1,30,,2900,11,,,1,70,,2886,11,,,1,30,,2887,11,,,1,70,,2891,11,,,1
10100,'20',706,,2552,11,,,1,30,,2902,11,,,1,70,,1610,11,,,1,30,,2906,11,,,1,70,,2903,11,,,1,30,,2914,11,,,1,70,,2912,11,,,1,100,,2907,11,,,1,100,,2915,11,,,1,100,,2911,11,,,1,100,,2910,11,,,1,100,,2901,11,,,1,30,,2909,11,,,1,70,,2913,11,,,1,30,,2916,11,,,1,70,,2904,11,,,1,30,,2905,11,,,1,70,,2908,11,,,1
10100,'8',706,,2924,11,,,1,30,,2918,11,,,1,70,,2929,11,,,1,30,,2922,11,,,1,70,,2919,11,,,1,30,,2932,11,,,1,70,,2930,11,,,1,100,,2923,11,,,1,100,,2933,11,,,1,100,,2928,11,,,1,100,,2927,11,,,1,100,,2917,11,,,1,30,,2926,11,,,1,70,,2931,11,,,1,30,,2934,11,,,1,70,,2920,11,,,1,30,,2921,11,,,1,70,,2925,11,,,1
20300,'11',734,,6213,7,,,1,70,,6203,7,,,1,30,,2599,7,,,1,70,,6204,7,,,1,30,,6214,7,,,1,70,,6208,7,,,1,30,,6218,7,,,1,70,,1827,7,,,1,30,,6216,7,,,1,70,,6211,7,,,1,30,,6205,7,,,1,70,,6200,7,,,1,30,,6209,7,,,1,70,,6199,7,,,1,30,,6215,7,,,1,70,,6212,7,,,1,30,,6198,7,,,1,70,,6197,7,,,1,30,,6195,7,,,1,70,,6210,7,,,1,30,,6202,7,,,1,70,,6201,7,,,1,30,,6206,7,,,1,70,,6207,7,,,1,30,,6217,7,,,1,70,,6196,7,,,1,30,,6194,7,,,1
20300,'14',1904,,6223,7,,,1,30,,6225,7,,,1,70,,6219,7,,,1,30,,6220,7,,,1,70,,2607,7,,,1,30,,6226,7,,,1,70,,6222,7,,,1,30,,6224,7,,,1,70,,6221,7,,,1
20300,'18',1904,,6231,7,,,1,30,,6234,7,,,1,70,,6227,7,,,1,30,,6228,7,,,1,70,,6232,7,,,1,30,,6235,7,,,1,70,,6230,7,,,1,30,,6233,7,,,1,70,,6229,7,,,1
20300,'20',1904,,6240,7,,,1,30,,6242,7,,,1,70,,6236,7,,,1,30,,6237,7,,,1,70,,2556,7,,,1,30,,6243,7,,,1,70,,6239,7,,,1,30,,6241,7,,,1,70,,6238,7,,,1
20300,'4',734,,6264,7,,,1,70,,6254,7,,,1,30,,6267,7,,,1,70,,6255,7,,,1,30,,6265,7,,,1,70,,6259,7,,,1,30,,6270,7,,,1,70,,6249,7,,,1,30,,6268,7,,,1,70,,6262,7,,,1,30,,6256,7,,,1,70,,6251,7,,,1,30,,6260,7,,,1,70,,6250,7,,,1,30,,6266,7,,,1,70,,6263,7,,,1,30,,6248,7,,,1,70,,6247,7,,,1,30,,6245,7,,,1,70,,6261,7,,,1,30,,6253,7,,,1,70,,6252,7,,,1,30,,6257,7,,,1,70,,6258,7,,,1,30,,6269,7,,,1,70,,6246,7,,,1,30,,6244,7,,,1
20300,'8',1904,,6275,7,,,1,30,,6278,7,,,1,70,,6271,7,,,1,30,,6272,7,,,1,70,,6276,7,,,1,30,,6279,7,,,1,70,,6274,7,,,1,30,,6277,7,,,1,70,,6273,7,,,1
