10100,'14',706,,2603,12,,,1,30,,2868,12,,,1,70,,1656,12,,,1,30,,2872,12,,,1,70,,2869,12,,,1,30,,2880,12,,,1,70,,2878,12,,,1,100,,2873,12,,,1,100,,2881,12,,,1,100,,2877,12,,,1,100,,2876,12,,,1,100,,2867,12,,,1,30,,2875,12,,,1,70,,2879,12,,,1,30,,2882,12,,,1,70,,2870,12,,,1,30,,2871,12,,,1,70,,2874,12,,,1
10100,'18',706,,2890,12,,,1,30,,2884,12,,,1,70,,2895,12,,,1,30,,2888,12,,,1,70,,2885,12,,,1,30,,2898,12,,,1,70,,2896,12,,,1,100,,2889,12,,,1,100,,2899,12,,,1,100,,2894,12,,,1,100,,2893,12,,,1,100,,2883,12,,,1,30,,2892,12,,,1,70,,2897,12,,,1,30,,2900,12,,,1,70,,2886,12,,,1,30,,2887,12,,,1,70,,2891,12,,,1
10100,'20',706,,2552,12,,,1,30,,2902,12,,,1,70,,1610,12,,,1,30,,2906,12,,,1,70,,2903,12,,,1,30,,2914,12,,,1,70,,2912,12,,,1,100,,2907,12,,,1,100,,2915,12,,,1,100,,2911,12,,,1,100,,2910,12,,,1,100,,2901,12,,,1,30,,2909,12,,,1,70,,2913,12,,,1,30,,2916,12,,,1,70,,2904,12,,,1,30,,2905,12,,,1,70,,2908,12,,,1
10100,'8',706,,2924,12,,,1,30,,2918,12,,,1,70,,2929,12,,,1,30,,2922,12,,,1,70,,2919,12,,,1,30,,2932,12,,,1,70,,2930,12,,,1,100,,2923,12,,,1,100,,2933,12,,,1,100,,2928,12,,,1,100,,2927,12,,,1,100,,2917,12,,,1,30,,2926,12,,,1,70,,2931,12,,,1,30,,2934,12,,,1,70,,2920,12,,,1,30,,2921,12,,,1,70,,2925,12,,,1
20300,'11',734,,6213,8,,,1,70,,6203,8,,,1,30,,2599,8,,,1,70,,6204,8,,,1,30,,6214,8,,,1,70,,6208,8,,,1,30,,6218,8,,,1,70,,1827,8,,,1,30,,6216,8,,,1,70,,6211,8,,,1,30,,6205,8,,,1,70,,6200,8,,,1,30,,6209,8,,,1,70,,6199,8,,,1,30,,6215,8,,,1,70,,6212,8,,,1,30,,6198,8,,,1,70,,6197,8,,,1,30,,6195,8,,,1,70,,6210,8,,,1,30,,6202,8,,,1,70,,6201,8,,,1,30,,6206,8,,,1,70,,6207,8,,,1,30,,6217,8,,,1,70,,6196,8,,,1,30,,6194,8,,,1
20300,'14',1904,,6223,8,,,1,30,,6225,8,,,1,70,,6219,8,,,1,30,,6220,8,,,1,70,,2607,8,,,1,30,,6226,8,,,1,70,,6222,8,,,1,30,,6224,8,,,1,70,,6221,8,,,1
20300,'18',1904,,6231,8,,,1,30,,6234,8,,,1,70,,6227,8,,,1,30,,6228,8,,,1,70,,6232,8,,,1,30,,6235,8,,,1,70,,6230,8,,,1,30,,6233,8,,,1,70,,6229,8,,,1
20300,'20',1904,,6240,8,,,1,30,,6242,8,,,1,70,,6236,8,,,1,30,,6237,8,,,1,70,,2556,8,,,1,30,,6243,8,,,1,70,,6239,8,,,1,30,,6241,8,,,1,70,,6238,8,,,1
20300,'4',734,,6264,8,,,1,70,,6254,8,,,1,30,,6267,8,,,1,70,,6255,8,,,1,30,,6265,8,,,1,70,,6259,8,,,1,30,,6270,8,,,1,70,,6249,8,,,1,30,,6268,8,,,1,70,,6262,8,,,1,30,,6256,8,,,1,70,,6251,8,,,1,30,,6260,8,,,1,70,,6250,8,,,1,30,,6266,8,,,1,70,,6263,8,,,1,30,,6248,8,,,1,70,,6247,8,,,1,30,,6245,8,,,1,70,,6261,8,,,1,30,,6253,8,,,1,70,,6252,8,,,1,30,,6257,8,,,1,70,,6258,8,,,1,30,,6269,8,,,1,70,,6246,8,,,1,30,,6244,8,,,1
20300,'8',1904,,6275,8,,,1,30,,6278,8,,,1,70,,6271,8,,,1,30,,6272,8,,,1,70,,6276,8,,,1,30,,6279,8,,,1,70,,6274,8,,,1,30,,6277,8,,,1,70,,6273,8,,,1
