10601,'14',558,,4011,8,,,1,100,,4014,8,,,1,70,,4018,8,,,1,30,,4007,8,,,1,70,,4016,8,,,1,30,,4022,8,,,1,71,,4013,8,0,17,1,29,,4019,8,,,1,100,,1560,8,,,1,100,,4008,8,,,1,100,,4020,8,,,1,100,,2330,8,,,1,70,,4010,8,,,1,30,,4021,8,,,1,70,,4009,8,,,1,30,,4017,8,,,1,70,,4006,8,,,1,30,,773,8,,,1,70,,4015,8,,,1,30,,4012,8,,,1
10601,'18',558,,4029,8,,,1,100,,4033,8,,,1,70,,4038,8,,,1,30,,4024,8,,,1,70,,4036,8,,,1,30,,4042,8,,,1,71,,4032,8,0,17,1,29,,4039,8,,,1,100,,4031,8,,,1,100,,4026,8,,,1,100,,4040,8,,,1,100,,4025,8,,,1,70,,4028,8,,,1,30,,4041,8,,,1,70,,4027,8,,,1,30,,4037,8,,,1,70,,4023,8,,,1,30,,4034,8,,,1,70,,4035,8,,,1,30,,4030,8,,,1
10601,'20',558,,4049,8,,,1,100,,4052,8,,,1,70,,4055,8,,,1,30,,4044,8,,,1,70,,4053,8,,,1,30,,4058,8,,,1,71,,4051,8,0,17,1,29,,4056,8,,,1,100,,1524,8,,,1,100,,4046,8,,,1,100,,1237,8,,,1,100,,4045,8,,,1,70,,4048,8,,,1,30,,4057,8,,,1,70,,4047,8,,,1,30,,4054,8,,,1,70,,4043,8,,,1,30,,713,8,,,1,70,,2265,8,,,1,30,,4050,8,,,1
10601,'8',558,,4065,8,,,1,100,,4069,8,,,1,70,,4074,8,,,1,30,,4060,8,,,1,70,,4072,8,,,1,30,,4078,8,,,1,71,,4068,8,0,17,1,29,,4075,8,,,1,100,,4067,8,,,1,100,,4062,8,,,1,100,,4076,8,,,1,100,,4061,8,,,1,70,,4064,8,,,1,30,,4077,8,,,1,70,,4063,8,,,1,30,,4073,8,,,1,70,,4059,8,,,1,30,,4070,8,,,1,70,,4071,8,,,1,30,,4066,8,,,1
11201,'14',713,,5240,10,,,1,100,,5249,10,,,1,100,,5245,10,,,1,100,,2743,10,,,1,100,,5241,10,,,1,100,,1109,10,,,1,100,,5236,10,,,1,100,,5247,10,,,1,100,,5246,10,,,1,100,,751,10,,,1,100,,5250,10,0,17,1
11201,'18',713,,5261,10,,,1,100,,5271,10,,,1,100,,5267,10,,,1,100,,5256,10,,,1,100,,5262,10,,,1,100,,5266,10,,,1,100,,5255,10,,,1,100,,5269,10,,,1,100,,5268,10,,,1,100,,5257,10,,,1,100,,5272,10,0,17,1
11201,'20',713,,5280,10,,,1,100,,5288,10,,,1,100,,5281,10,,,1,100,,5289,10,,,1,100,,5282,10,,,1,100,,1084,10,,,1,100,,5278,10,,,1,100,,5286,10,,,1,100,,5285,10,,,1,100,,691,10,,,1,100,,5291,10,0,17,1
11201,'8',713,,5301,10,,,1,100,,5310,10,,,1,100,,5302,10,,,1,100,,5311,10,,,1,100,,5303,10,,,1,100,,5306,10,,,1,100,,5298,10,,,1,100,,5308,10,,,1,100,,5307,10,,,1,100,,5299,10,,,1,100,,5313,10,0,17,1
20601,'11',657,,6914,8,,,1,70,,6908,8,,,1,30,,6934,8,,,1,70,,2574,8,,,1,30,,6938,8,,,1,70,,6926,8,,,1,30,,6915,8,,,1,70,,6911,8,,,1,30,,6907,8,,,1,70,,6939,8,,,1,30,,6906,8,,,1,70,,6952,8,,,1,30,,6949,8,,,1,70,,6935,8,,,1,30,,6909,8,,,1,70,,6943,8,,,1,30,,6929,8,,,1,70,,6954,8,,,1,30,,6947,8,,,1,70,,2825,8,,,1,30,,6932,8,,,1,70,,6937,8,,,1,30,,6941,8,,,1,70,,6940,8,,,1,30,,6922,8,,,1,70,,6910,8,,,1,30,,2586,8,,,1,70,,6913,8,,,1
20601,'14',1827,,6972,8,,,1,30,,544,8,,,1,70,,6962,8,,,1,30,,6971,8,,,1,70,,6968,8,,,1,30,,6967,8,,,1,70,,6965,8,,,1,30,,367,8,,,1,70,,6966,8,,,1,30,,6959,8,,,1
20601,'18',1827,,6992,8,,,1,30,,6984,8,,,1,70,,6980,8,,,1,30,,6991,8,,,1,70,,6988,8,,,1,30,,6987,8,,,1,70,,6985,8,,,1,30,,6975,8,,,1,70,,6986,8,,,1,30,,6977,8,,,1
20601,'20',1827,,7009,8,,,1,30,,506,8,,,1,70,,6999,8,,,1,30,,7008,8,,,1,70,,7005,8,,,1,30,,7004,8,,,1,70,,7002,8,,,1,30,,317,8,,,1,70,,7003,8,,,1,30,,6996,8,,,1
20601,'4',657,,7019,8,,,1,70,,7013,8,,,1,30,,7041,8,,,1,70,,7034,8,,,1,30,,7046,8,,,1,70,,7032,8,,,1,30,,7020,8,,,1,70,,7016,8,,,1,30,,7012,8,,,1,70,,7047,8,,,1,30,,7011,8,,,1,70,,7062,8,,,1,30,,7059,8,,,1,70,,7043,8,,,1,30,,7014,8,,,1,70,,7053,8,,,1,30,,7036,8,,,1,70,,7064,8,,,1,30,,7057,8,,,1,70,,7050,8,,,1,30,,7039,8,,,1,70,,7045,8,,,1,30,,7051,8,,,1,70,,7049,8,,,1,30,,7027,8,,,1,70,,7015,8,,,1,30,,7048,8,,,1,70,,7018,8,,,1
20601,'8',1827,,7085,8,,,1,30,,7077,8,,,1,70,,7073,8,,,1,30,,7084,8,,,1,70,,7081,8,,,1,30,,7080,8,,,1,70,,7078,8,,,1,30,,7068,8,,,1,70,,7079,8,,,1,30,,7070,8,,,1
