10500,'10',604,,15030,16,,,1,100,,15017,16,,,1,30,,15007,16,,,1,70,,15000,16,,,1,30,,15016,16,,,1,70,,15027,16,,,1,30,,15010,16,,,1,70,,15022,16,,,1,100,,15009,16,,,1,100,,15031,16,,,1,100,,15019,16,,,1,100,,15006,16,,,1,100,,12288,16,,,1,30,,14191,16,,,1,70,,15012,16,,,1,30,,15023,16,,,1,70,,15029,16,,,1,30,,15021,16,,,1,70,,14063,16,,,1
10500,'15',604,,15063,16,,,1,100,,15050,16,,,1,30,,15039,16,,,1,70,,15032,16,,,1,30,,15049,16,,,1,70,,15060,16,,,1,30,,15042,16,,,1,70,,15055,16,,,1,100,,15041,16,,,1,100,,15064,16,,,1,100,,15052,16,,,1,100,,15038,16,,,1,100,,12332,16,,,1,30,,14201,16,,,1,70,,15044,16,,,1,30,,15056,16,,,1,70,,15062,16,,,1,30,,15054,16,,,1,70,,14080,16,,,1
10900,'10',707,,15444,8,4,,1,100,,15453,8,4,,1,100,,15451,8,4,,1,100,,15450,8,4,,1,100,,15454,8,4,,1,100,,15447,8,4,,1,100,,15448,8,4,,1,100,,15445,8,4,,1,100,,15446,8,4,,1,100,,15452,8,4,,1,100,,15455,8,4,,1,100,,15449,8,4,,1
10900,'15',707,,15456,8,4,,1,100,,15465,8,4,,1,100,,15463,8,4,,1,100,,15462,8,4,,1,100,,15466,8,4,,1,100,,15459,8,4,,1,100,,15460,8,4,,1,100,,15457,8,4,,1,100,,15458,8,4,,1,100,,15464,8,4,,1,100,,13105,8,4,,1,100,,15461,8,4,,1
10901,'10',607,,15494,1,,,1,100,,15505,1,,,1,100,,15484,1,,,1,100,,13012,1,,,1,100,,13541,1,,,1,100,,15501,1,,,1,100,,15481,1,,,1,100,,15477,1,,,1,100,,15491,1,,,1,100,,15489,1,,,1,100,,13899,1,,,1,100,,15490,1,,,1
10901,'15',607,,15538,1,,,1,100,,15550,1,,,1,100,,15528,1,,,1,100,,15510,1,,,1,100,,13587,1,,,1,100,,15545,1,,,1,100,,15525,1,,,1,100,,15521,1,,,1,100,,15535,1,,,1,100,,15533,1,,,1,100,,15509,1,,,1,100,,15534,1,,,1
11300,'10',638,,15826,27,,,1,100,,15812,27,,,1,100,,15828,27,,,1,100,,15814,27,,,1,100,,15796,27,,,1,100,,15807,27,,,1,100,,15809,27,,,1,100,,15825,27,,,1,100,,15802,27,,,1,100,,15800,27,,,1,100,,15818,27,,,1,100,,15820,27,,,1,100,,9009,27,,,1
11300,'15',638,,15858,27,,,1,100,,15842,27,,,1,100,,15862,27,,,1,100,,15844,27,,,1,100,,15830,27,,,1,100,,15840,27,,,1,100,,15850,27,,,1,100,,15856,27,,,1,100,,15859,27,,,1,100,,15832,27,,,1,100,,15834,27,,,1,100,,13164,27,,,1,100,,15863,27,,,1
20500,'10',1903,,16447,13,,,1,100,,16450,13,,,1,100,,13377,13,,,1,100,,16449,13,,,1
20500,'15',1903,,16452,13,,,1,100,,16455,13,,,1,100,,13409,13,,,1,100,,16454,13,,,1
20500,'7',703,,16479,13,,,1,100,,16471,13,,,1,100,,14213,13,,,1,100,,16468,13,,,1,100,,16469,13,,,1,100,,16472,13,,,1,100,,16457,13,,,1,100,,16460,13,,,1,100,,16459,13,,,1,100,,16466,13,,,1,100,,16474,13,,,1,100,,16473,13,,,1,100,,16475,13,,,1,100,,16463,13,,,1
20900,'10',1905,,16645,8,4,,1,100,,16648,8,4,,1,100,,16646,8,4,,1,100,,16647,8,4,,1
20900,'15',1905,,16650,8,4,,1,100,,16651,8,4,,1,100,,16649,8,4,,1,100,,16652,8,4,,1
20900,'7',805,,13891,8,4,,1,100,,16658,8,4,,1,100,,16662,8,4,,1,100,,16657,8,4,,1,100,,16653,8,4,,1,100,,16654,8,4,,1,100,,16660,8,4,,1,100,,16655,8,4,,1,100,,16659,8,4,,1,100,,16663,8,4,,1,100,,13710,8,4,,1,100,,16661,8,4,,1,100,,16656,8,4,,1
20901,'10',1807,,16672,1,,,1,100,,16669,1,,,1,100,,16676,1,,,1,100,,16678,1,,,1,100,,16668,1,,,1
20901,'15',1807,,16691,1,,,1,100,,16687,1,,,1,100,,12887,1,,,1,100,,12688,1,,,1,100,,16694,1,,,1
20901,'7',707,,16734,1,,,1,100,,16709,1,,,1,100,,16713,1,,,1,100,,16733,1,,,1,100,,16703,1,,,1,100,,16742,1,,,1,100,,16731,1,,,1,100,,16726,1,,,1,100,,16722,1,,,1,100,,16749,1,,,1,100,,14114,1,,,1,100,,16724,1,,,1,100,,16748,1,,,1,100,,16746,1,,,1
21300,'10',1937,,16922,27,,,1,100,,16923,27,,,1,100,,16921,27,,,1,100,,16920,27,,,1
21300,'15',1937,,16926,27,,,1,100,,16927,27,,,1,100,,16925,27,,,1,100,,16924,27,,,1
21300,'7',737,,16928,27,,,1,100,,16936,27,,,1,100,,16939,27,,,1,100,,16935,27,,,1,100,,16932,27,,,1,100,,16930,27,,,1,100,,16938,27,,,1,100,,16933,27,,,1,100,,16940,27,,,1,100,,16937,27,,,1,100,,16929,27,,,1,100,,16934,27,,,1,100,,16931,27,,,1
