11401,'14',639,,5669,7,,,1,100,,5671,7,,,1,100,,5668,7,,,1,100,,5665,7,,,1,100,,5670,7,,,1,100,,1845,7,,,1,100,,5666,7,,,1,100,,5664,7,,,1,100,,5663,7,,,1,100,,5667,7,,,1,100,,5672,7,,,1,100,,5662,7,,,1
11401,'18',639,,5681,7,,,1,100,,5683,7,,,1,100,,5680,7,,,1,100,,5677,7,,,1,100,,5682,7,,,1,100,,5673,7,,,1,100,,5678,7,,,1,100,,5676,7,,,1,100,,5675,7,,,1,100,,5679,7,,,1,100,,5684,7,,,1,100,,5674,7,,,1
11401,'20',639,,5692,7,,,1,100,,5694,7,,,1,100,,5691,7,,,1,100,,5688,7,,,1,100,,5693,7,,,1,100,,1806,7,,,1,100,,5689,7,,,1,100,,5687,7,,,1,100,,5686,7,,,1,100,,5690,7,,,1,100,,5695,7,,,1,100,,5685,7,,,1
11401,'8',639,,5704,7,,,1,100,,5706,7,,,1,100,,5703,7,,,1,100,,5700,7,,,1,100,,5705,7,,,1,100,,5696,7,,,1,100,,5701,7,,,1,100,,5699,7,,,1,100,,5698,7,,,1,100,,5702,7,,,1,100,,5707,7,,,1,100,,5697,7,,,1
21401,'11',743,,7872,18,,,1,100,,7880,18,,,1,100,,7876,18,,,1,100,,7871,18,,,1,100,,7873,18,,,1,100,,7879,18,,,1,100,,7878,18,,,1,100,,7869,18,,,1,100,,7875,18,,,1,100,,7868,18,,,1,100,,7877,18,,,1,100,,7874,18,,,1,100,,7870,18,,,1
21401,'14',1843,,7885,18,,,1,100,,7883,18,,,1,100,,7881,18,,,1,100,,7884,18,,,1,100,,7882,18,,,1
21401,'18',1843,,7890,18,,,1,100,,7888,18,,,1,100,,7886,18,,,1,100,,7889,18,,,1,100,,7887,18,,,1
21401,'20',1843,,7893,18,,,1,100,,81,18,,,1,100,,7891,18,,,1,100,,7892,18,,,1,100,,7894,18,,,1
21401,'4',743,,7899,18,,,1,100,,7907,18,,,1,100,,7903,18,,,1,100,,7898,18,,,1,100,,7900,18,,,1,100,,7906,18,,,1,100,,7905,18,,,1,100,,7896,18,,,1,100,,7902,18,,,1,100,,7895,18,,,1,100,,7904,18,,,1,100,,7901,18,,,1,100,,7897,18,,,1
21401,'8',1843,,7911,18,,,1,100,,7909,18,,,1,100,,7908,18,,,1,100,,7910,18,,,1,100,,7912,18,,,1
