10301,'12',621,,8646,24,,,1,100,,8658,24,,,1,30,,6106,24,,,1,70,,7444,24,,,1,30,,8656,24,,,1,70,,8660,24,,,1,30,,8651,24,,,1,70,,8648,24,,,1,100,,8645,24,,,1,100,,8659,24,,,1,100,,8654,24,,,1,100,,8649,24,,,1,100,,8657,24,,,1,30,,8655,24,,,1,70,,8652,24,,,1,30,,3425,24,,,1,70,,8647,24,,,1,30,,8650,24,,,1,70,,1506,24,,,1,30,,8653,24,,,1
10301,'5',621,,8662,24,,,1,100,,8676,24,,,1,30,,8679,24,,,1,70,,8675,24,,,1,30,,8678,24,,,1,70,,8680,24,,,1,30,,8668,24,,,1,70,,8665,24,,,1,100,,8661,24,,,1,100,,8677,24,,,1,100,,8670,24,,,1,100,,8666,24,,,1,100,,8674,24,,,1,30,,8672,24,,,1,70,,8669,24,,,1,30,,8671,24,,,1,70,,8664,24,,,1,30,,8667,24,,,1,70,,8663,24,,,1,30,,8673,24,,,1
10301,'9',621,,8682,24,,,1,100,,8693,24,,,1,30,,8696,24,,,1,70,,7424,24,,,1,30,,8695,24,,,1,70,,8697,24,,,1,30,,8687,24,,,1,70,,8684,24,,,1,100,,8681,24,,,1,100,,8694,24,,,1,100,,8689,24,,,1,100,,8685,24,,,1,100,,8692,24,,,1,30,,8690,24,,,1,70,,8688,24,,,1,30,,3376,24,,,1,70,,8683,24,,,1,30,,8686,24,,,1,70,,1542,24,,,1,30,,8691,24,,,1
11000,'12',633,,9762,5,,,1,70,,9761,5,,,1,30,,3741,5,,,1,70,,9752,5,,,1,30,,9767,5,,,1,70,,9766,5,,,1,30,,9764,5,,,1,70,,3331,5,,,1,30,,9758,5,,,1,70,,9769,5,,,1,30,,9770,5,,,1,70,,9750,5,,,1,30,,4615,5,,,1,70,,9768,5,,,1,30,,9757,5,,,1,70,,9755,5,,,1,30,,9759,5,,,1,70,,9765,5,,,1,30,,9754,5,,,1,70,,9771,5,,,1,30,,9751,5,,,1,70,,9753,5,,,1,30,,9763,5,,,1,70,,9756,5,,,1,30,,9760,5,,,1
11000,'5',633,,9785,5,,,1,70,,9784,5,,,1,30,,9793,5,,,1,70,,9774,5,,,1,30,,9791,5,,,1,70,,9790,5,,,1,30,,9787,5,,,1,70,,9777,5,,,1,30,,9781,5,,,1,70,,9794,5,,,1,30,,9795,5,,,1,70,,9772,5,,,1,30,,9789,5,,,1,70,,9792,5,,,1,30,,9780,5,,,1,70,,9778,5,,,1,30,,9782,5,,,1,70,,9788,5,,,1,30,,9776,5,,,1,70,,9796,5,,,1,30,,9773,5,,,1,70,,9775,5,,,1,30,,9786,5,,,1,70,,9779,5,,,1,30,,9783,5,,,1
11000,'9',633,,9809,5,,,1,70,,9808,5,,,1,30,,3669,5,,,1,70,,9799,5,,,1,30,,9813,5,,,1,70,,9812,5,,,1,30,,9811,5,,,1,70,,3293,5,,,1,30,,9805,5,,,1,70,,9815,5,,,1,30,,9816,5,,,1,70,,9797,5,,,1,30,,4591,5,,,1,70,,9814,5,,,1,30,,9804,5,,,1,70,,9802,5,,,1,30,,9806,5,,,1,70,,4397,5,,,1,30,,9801,5,,,1,70,,9817,5,,,1,30,,9798,5,,,1,70,,9800,5,,,1,30,,9810,5,,,1,70,,9803,5,,,1,30,,9807,5,,,1
20301,'12',1919,,6995,19,0,9 3 10,1,30,,10815,19,0,9 3 10,1,70,,10809,19,0,9 3 10,1,30,,10816,19,0,9 3 10,1,70,,10813,19,0,9 3 10,1,30,,10811,19,0,9 3 10,1,70,,510,19,0,9 3 10,1,30,,10808,19,0,9 3 10,1,70,,10814,19,0,9 3 10,1,30,,10810,19,0,9 3 10,1
20301,'5',1919,,10819,19,0,9 3 10,1,30,,10826,19,0,9 3 10,1,70,,10818,19,0,9 3 10,1,30,,10827,19,0,9 3 10,1,70,,10823,19,0,9 3 10,1,30,,10821,19,0,9 3 10,1,70,,10824,19,0,9 3 10,1,30,,10817,19,0,9 3 10,1,70,,10825,19,0,9 3 10,1,30,,10820,19,0,9 3 10,1
20301,'7',719,,10834,19,0,9 3 10,1,30,,10836,19,0,9 3 10,1,70,,10851,19,0,9 3 10,1,30,,10843,19,0,9 3 10,1,70,,10840,19,0,9 3 10,1,30,,10852,19,0,9 3 10,1,70,,10837,19,0,9 3 10,1,30,,10842,19,0,9 3 10,1,70,,10830,19,0,9 3 10,1,30,,10841,19,0,9 3 10,1,70,,10848,19,0,9 3 10,1,30,,10845,19,0,9 3 10,1,70,,6941,19,0,9 3 10,1,30,,10844,19,0,9 3 10,1,70,,10847,19,0,9 3 10,1,30,,6490,19,0,9 3 10,1,70,,10838,19,0,9 3 10,1,30,,10835,19,0,9 3 10,1,70,,10829,19,0,9 3 10,1,30,,10833,19,0,9 3 10,1,70,,10846,19,0,9 3 10,1,30,,10849,19,0,9 3 10,1,70,,10850,19,0,9 3 10,1,30,,7663,19,0,9 3 10,1,70,,10831,19,0,9 3 10,1,30,,10839,19,0,9 3 10,1,70,,10832,19,0,9 3 10,1,30,,10828,19,0,9 3 10,1
20301,'9',1919,,6958,19,0,9 3 10,1,30,,10861,19,0,9 3 10,1,70,,10857,19,0,9 3 10,1,30,,10862,19,0,9 3 10,1,70,,10858,19,0,9 3 10,1,30,,10855,19,0,9 3 10,1,70,,10859,19,0,9 3 10,1,30,,10853,19,0,9 3 10,1,70,,10860,19,0,9 3 10,1,30,,10854,19,0,9 3 10,1
