10601,'12',614,,9166,24,,,1,100,,9177,24,,,1,30,,9172,24,,,1,70,,9178,24,,,1,30,,9175,24,,,1,70,,9162,24,,,1,100,,4862,24,,,1,100,,9164,24,,,1,100,,9163,24,,,1,100,,9173,24,,,1,100,,9179,24,,,1,30,,9180,24,,,1,70,,9170,24,,,1,30,,9174,24,,,1,70,,9167,24,,,1,30,,9169,24,,,1,70,,9168,24,,,1,30,,9165,24,,,1,70,,9176,24,,,1
10601,'5',614,,9185,24,,,1,100,,9197,24,,,1,30,,9192,24,,,1,70,,9198,24,,,1,30,,9195,24,,,1,70,,9181,24,,,1,100,,9186,24,,,1,100,,9183,24,,,1,100,,9182,24,,,1,100,,9193,24,,,1,100,,9199,24,,,1,30,,9200,24,,,1,70,,9190,24,,,1,30,,9194,24,,,1,70,,9187,24,,,1,30,,9189,24,,,1,70,,9188,24,,,1,30,,9184,24,,,1,70,,9196,24,,,1
10601,'9',614,,9205,24,,,1,100,,9216,24,,,1,30,,9211,24,,,1,70,,9217,24,,,1,30,,9214,24,,,1,70,,9201,24,,,1,100,,4816,24,,,1,100,,9203,24,,,1,100,,9202,24,,,1,100,,9212,24,,,1,100,,9218,24,,,1,30,,9219,24,,,1,70,,9209,24,,,1,30,,9213,24,,,1,70,,9206,24,,,1,30,,9208,24,,,1,70,,9207,24,,,1,30,,9204,24,,,1,70,,9215,24,,,1
11201,'12',721,,10065,10,,,1,100,,10054,10,,,1,100,,10047,10,,,1,100,,10052,10,,,1,100,,10049,10,,,1,100,,10053,10,,,1,100,,10063,10,,,1,100,,10050,10,,,1,100,,10062,10,,,1,100,,10058,10,,,1,100,,10059,10,,,1
11201,'5',721,,10087,10,,,1,100,,10075,10,,,1,100,,10074,10,,,1,100,,10084,10,,,1,100,,10068,10,,,1,100,,10073,10,,,1,100,,10086,10,,,1,100,,10071,10,,,1,100,,10085,10,,,1,100,,10081,10,,,1,100,,10082,10,,,1
11201,'9',721,,10100,10,,,1,100,,10090,10,,,1,100,,10105,10,,,1,100,,10095,10,,,1,100,,10091,10,,,1,100,,10096,10,,,1,100,,10107,10,,,1,100,,10092,10,,,1,100,,10106,10,,,1,100,,10102,10,,,1,100,,10103,10,,,1
20601,'12',1843,,11178,14,,,1,70,,11175,14,,,1,30,,11181,14,,,1,70,,11183,14,,,1,30,,11179,14,,,1,70,,11172,14,,,1,30,,11182,14,,,1,70,,11177,14,,,1,30,,5642,14,,,1,70,,11170,14,,,1
20601,'5',1843,,11195,14,,,1,70,,11192,14,,,1,30,,11188,14,,,1,70,,11203,14,,,1,30,,11197,14,,,1,70,,11186,14,,,1,30,,11202,14,,,1,70,,11194,14,,,1,30,,11200,14,,,1,70,,11184,14,,,1
20601,'7',713,,11205,14,,,1,30,,11220,14,,,1,70,,11236,14,,,1,30,,11246,14,,,1,70,,11208,14,,,1,30,,11238,14,,,1,70,,11207,14,,,1,30,,11210,14,,,1,70,,11219,14,,,1,30,,11227,14,,,1,70,,11242,14,,,1,30,,11214,14,,,1,70,,11232,14,,,1,30,,11245,14,,,1,70,,11252,14,,,1,30,,11228,14,,,1,70,,2642,14,,,1,30,,11215,14,,,1,70,,11244,14,,,1,30,,7830,14,,,1,70,,11247,14,,,1,30,,11216,14,,,1,70,,11230,14,,,1,30,,11209,14,,,1,70,,11250,14,,,1,30,,11231,14,,,1,70,,11204,14,,,1,30,,11243,14,,,1
20601,'9',1843,,11263,14,,,1,70,,11260,14,,,1,30,,11257,14,,,1,70,,11268,14,,,1,30,,11265,14,,,1,70,,11256,14,,,1,30,,11267,14,,,1,70,,11262,14,,,1,30,,5619,14,,,1,70,,11254,14,,,1
