10800,'12',704,,9468,9,,,1,30,,9461,9,,,1,70,,1519,9,,,1,30,,9459,9,,,1,70,,9454,9,,,1,30,,9445,9,,,1,100,,9467,9,,,1,100,,9450,9,,,1,100,,9457,9,,,1,100,,9465,9,,,1,100,,9463,9,,,1,70,,9452,9,,,1,30,,9446,9,,,1,70,,9443,9,,,1,30,,9447,9,,,1,70,,9451,9,,,1,30,,9453,9,,,1
10800,'5',704,,9491,9,,,1,30,,9497,9,,,1,70,,9479,9,,,1,30,,9495,9,,,1,70,,9470,9,,,1,30,,9477,9,,,1,100,,9502,9,,,1,100,,9484,9,,,1,100,,9492,9,,,1,100,,9501,9,,,1,100,,9499,9,,,1,70,,9486,9,,,1,30,,9478,9,,,1,70,,9475,9,,,1,30,,9480,9,,,1,70,,9485,9,,,1,30,,9487,9,,,1
10800,'9',704,,9524,9,,,1,30,,9528,9,,,1,70,,390,9,,,1,30,,9527,9,,,1,70,,9504,9,,,1,30,,9511,9,,,1,100,,9533,9,,,1,100,,9517,9,,,1,100,,9525,9,,,1,100,,9532,9,,,1,100,,9530,9,,,1,70,,9519,9,,,1,30,,9512,9,,,1,70,,9509,9,,,1,30,,9513,9,,,1,70,,9518,9,,,1,30,,9520,9,,,1
11401,'12',644,,10375,18,,,1,100,,10374,18,,,1,100,,10369,18,,,1,100,,10370,18,,,1,100,,10373,18,,,1,100,,10365,18,,,1,100,,10367,18,,,1,100,,10372,18,,,1,100,,10366,18,,,1,100,,10368,18,,,1,100,,10371,18,,,1,100,,6417,18,,,1
11401,'5',644,,10387,18,,,1,100,,10386,18,,,1,100,,10381,18,,,1,100,,10382,18,,,1,100,,10385,18,,,1,100,,10377,18,,,1,100,,10379,18,,,1,100,,10384,18,,,1,100,,10378,18,,,1,100,,10380,18,,,1,100,,10383,18,,,1,100,,10376,18,,,1
11401,'9',644,,10398,18,,,1,100,,10397,18,,,1,100,,10392,18,,,1,100,,10393,18,,,1,100,,10396,18,,,1,100,,10388,18,,,1,100,,10390,18,,,1,100,,10395,18,,,1,100,,10389,18,,,1,100,,10391,18,,,1,100,,10394,18,,,1,100,,6400,18,,,1
21401,'12',1846,,11727,24,,,1,100,,11730,24,,,1,100,,11728,24,,,1,100,,11731,24,,,1,100,,11729,24,,,1
21401,'5',1846,,11736,24,,,1,100,,11734,24,,,1,100,,11733,24,,,1,100,,11732,24,,,1,100,,11735,24,,,1
21401,'7',746,,11739,24,,,1,100,,11741,24,,,1,100,,11744,24,,,1,100,,11742,24,,,1,100,,11749,24,,,1,100,,11746,24,,,1,100,,11748,24,,,1,100,,11738,24,,,1,100,,11740,24,,,1,100,,11743,24,,,1,100,,11745,24,,,1,100,,11747,24,,,1,100,,11737,24,,,1
21401,'9',1846,,11751,24,,,1,100,,5663,24,,,1,100,,11752,24,,,1,100,,11753,24,,,1,100,,11750,24,,,1
