10801,'10',649,,12789,31,,,1,70,,12796,31,,,1,30,,12795,31,,,1,70,,12788,31,,,1,30,,12798,31,,,1,70,,10799,31,,,1,100,,12786,31,,,1,100,,12794,31,,,1,100,,12799,31,,,1,100,,12800,31,,,1,100,,12791,31,,,1,30,,12787,31,,,1,70,,12792,31,,,1,30,,12801,31,,,1,70,,4655,31,,,1,30,,12802,31,,,1,70,,12790,31,,,1
10801,'13',649,,12811,31,,,1,70,,12814,31,,,1,30,,12808,31,,,1,70,,12806,31,,,1,30,,10419,31,,,1,70,,12803,31,,,1,100,,12804,31,,,1,100,,12812,31,,,1,100,,12816,31,,,1,100,,12817,31,,,1,100,,12809,31,,,1,30,,12805,31,,,1,70,,12810,31,,,1,30,,12818,31,,,1,70,,4746,31,,,1,30,,12819,31,,,1,70,,12807,31,,,1
10901,'10',619,,12873,6,,,1,100,,12847,6,,,1,100,,12846,6,,,1,100,,12880,6,,,1,100,,12852,6,,,1,100,,11111,6,,,1,100,,12878,6,,,1,100,,12876,6,,,1,100,,10209,6,,,1,100,,12871,6,,,1,100,,12851,6,,,1,100,,12870,6,,,1
10901,'13',619,,12915,6,,,1,100,,12887,6,,,1,100,,12886,6,,,1,100,,12922,6,,,1,100,,12892,6,,,1,100,,11072,6,,,1,100,,12920,6,,,1,100,,12918,6,,,1,100,,10137,6,,,1,100,,12913,6,,,1,100,,12891,6,,,1,100,,12912,6,,,1
11401,'10',652,,13339,30,,,1,100,,13337,30,,,1,100,,13338,30,,,1,100,,13341,30,,,1,100,,13344,30,,,1,100,,13340,30,,,1,100,,13335,30,,,1,100,,13336,30,,,1,100,,13343,30,,,1,100,,13342,30,,,1,100,,13346,30,,,1,100,,13345,30,,,1
11401,'13',652,,13351,30,,,1,100,,13349,30,,,1,100,,13350,30,,,1,100,,13353,30,,,1,100,,13356,30,,,1,100,,13352,30,,,1,100,,13347,30,,,1,100,,13348,30,,,1,100,,13355,30,,,1,100,,13354,30,,,1,100,,13358,30,,,1,100,,13357,30,,,1
20901,'10',1819,,14061,6,,,1,100,,14063,6,,,1,100,,14051,6,,,1,100,,14053,6,,,1,100,,14064,6,,,1
20901,'13',1819,,14079,6,,,1,100,,14080,6,,,1,100,,14071,6,,,1,100,,14075,6,,,1,100,,14069,6,,,1
20901,'7',719,,14132,6,,,1,100,,14118,6,,,1,100,,14119,6,,,1,100,,14125,6,,,1,100,,14098,6,,,1,100,,14105,6,,,1,100,,14104,6,,,1,100,,14129,6,,,1,100,,14117,6,,,1,100,,11379,6,,,1,100,,14127,6,,,1,100,,14137,6,,,1,100,,14136,6,,,1,100,,14114,6,,,1
21401,'10',1852,,14415,36,,,1,100,,14416,36,,,1,100,,14413,36,,,1,100,,14417,36,,,1,100,,14414,36,,,1
21401,'13',1852,,14421,36,,,1,100,,14420,36,,,1,100,,14422,36,,,1,100,,14418,36,,,1,100,,14419,36,,,1
21401,'7',752,,14429,36,,,1,100,,14428,36,,,1,100,,14431,36,,,1,100,,14424,36,,,1,100,,14432,36,,,1,100,,11741,36,,,1,100,,14423,36,,,1,100,,14434,36,,,1,100,,14433,36,,,1,100,,14430,36,,,1,100,,14426,36,,,1,100,,14427,36,,,1,100,,14425,36,,,1
