10300,'14',639,,3233,15,,,1,100,,3230,15,,,1,70,,3227,15,,,1,30,,3235,15,,,1,70,,3229,15,,,1,30,,3232,15,,,1,70,,3222,15,,,1,30,,772,15,,,1,100,,1550,15,,,1,100,,3220,15,,,1,100,,3221,15,,,1,100,,3228,15,,,1,100,,3234,15,,,1,70,,3224,15,,,1,30,,3223,15,,,1,70,,3231,15,,,1,30,,3225,15,,,1,70,,3226,15,,,1,30,,1471,15,,,1
10300,'18',639,,3252,15,,,1,100,,3249,15,,,1,70,,3245,15,,,1,30,,3254,15,,,1,70,,3248,15,,,1,30,,3251,15,,,1,70,,3238,15,,,1,30,,3246,15,,,1,100,,3242,15,,,1,100,,3236,15,,,1,100,,3237,15,,,1,100,,3247,15,,,1,100,,3253,15,,,1,70,,3240,15,,,1,30,,3239,15,,,1,70,,3250,15,,,1,30,,3241,15,,,1,70,,3243,15,,,1,30,,3244,15,,,1
10300,'20',639,,3268,15,,,1,100,,3265,15,,,1,70,,3258,15,,,1,30,,3270,15,,,1,70,,3262,15,,,1,30,,3267,15,,,1,70,,3263,15,,,1,30,,712,15,,,1,100,,1514,15,,,1,100,,3255,15,,,1,100,,3256,15,,,1,100,,3264,15,,,1,100,,3269,15,,,1,70,,3259,15,,,1,30,,3257,15,,,1,70,,3266,15,,,1,30,,3260,15,,,1,70,,3261,15,,,1,30,,1459,15,,,1
10300,'8',639,,3287,15,,,1,100,,3284,15,,,1,70,,3274,15,,,1,30,,3289,15,,,1,70,,3280,15,,,1,30,,3286,15,,,1,70,,3282,15,,,1,30,,3281,15,,,1,100,,3277,15,,,1,100,,3271,15,,,1,100,,3272,15,,,1,100,,3283,15,,,1,100,,3288,15,,,1,70,,3275,15,,,1,30,,3273,15,,,1,70,,3285,15,,,1,30,,3276,15,,,1,70,,3278,15,,,1,30,,3279,15,,,1
20300,'11',742,,6213,23,,,1,70,,6203,23,,,1,30,,2599,23,,,1,70,,6204,23,,,1,30,,6214,23,,,1,70,,6208,23,,,1,30,,6218,23,,,1,70,,1827,23,,,1,30,,6216,23,,,1,70,,6211,23,,,1,30,,6205,23,,,1,70,,6200,23,,,1,30,,6209,23,,,1,70,,6199,23,,,1,30,,6215,23,,,1,70,,6212,23,,,1,30,,6198,23,,,1,70,,6197,23,,,1,30,,6195,23,,,1,70,,6210,23,,,1,30,,6202,23,,,1,70,,6201,23,,,1,30,,6206,23,,,1,70,,6207,23,,,1,30,,6217,23,,,1,70,,6196,23,,,1,30,,6194,23,,,1
20300,'14',1912,,6223,23,,,1,30,,6225,23,,,1,70,,6219,23,,,1,30,,6220,23,,,1,70,,2607,23,,,1,30,,6226,23,,,1,70,,6222,23,,,1,30,,6224,23,,,1,70,,6221,23,,,1
20300,'18',1912,,6231,23,,,1,30,,6234,23,,,1,70,,6227,23,,,1,30,,6228,23,,,1,70,,6232,23,,,1,30,,6235,23,,,1,70,,6230,23,,,1,30,,6233,23,,,1,70,,6229,23,,,1
20300,'20',1912,,6240,23,,,1,30,,6242,23,,,1,70,,6236,23,,,1,30,,6237,23,,,1,70,,2556,23,,,1,30,,6243,23,,,1,70,,6239,23,,,1,30,,6241,23,,,1,70,,6238,23,,,1
20300,'4',742,,6264,23,,,1,70,,6254,23,,,1,30,,6267,23,,,1,70,,6255,23,,,1,30,,6265,23,,,1,70,,6259,23,,,1,30,,6270,23,,,1,70,,6249,23,,,1,30,,6268,23,,,1,70,,6262,23,,,1,30,,6256,23,,,1,70,,6251,23,,,1,30,,6260,23,,,1,70,,6250,23,,,1,30,,6266,23,,,1,70,,6263,23,,,1,30,,6248,23,,,1,70,,6247,23,,,1,30,,6245,23,,,1,70,,6261,23,,,1,30,,6253,23,,,1,70,,6252,23,,,1,30,,6257,23,,,1,70,,6258,23,,,1,30,,6269,23,,,1,70,,6246,23,,,1,30,,6244,23,,,1
20300,'8',1912,,6275,23,,,1,30,,6278,23,,,1,70,,6271,23,,,1,30,,6272,23,,,1,70,,6276,23,,,1,30,,6279,23,,,1,70,,6274,23,,,1,30,,6277,23,,,1,70,,6273,23,,,1
