11301,'14',653,,5474,15,,,1,100,,2215,15,,,1,100,,5477,15,,,1,100,,5490,15,,,1,100,,5482,15,,,1,100,,5459,15,,,1,100,,5461,15,,,1,100,,5464,15,,,1,100,,5479,15,,,1,100,,5483,15,,,1,100,,5463,15,,,1,100,,5484,15,,,1,100,,5466,15,,,1
11301,'18',653,,5513,15,,,1,100,,5502,15,,,1,100,,5516,15,,,1,100,,5531,15,,,1,100,,5522,15,,,1,100,,5496,15,,,1,100,,5498,15,,,1,100,,5501,15,,,1,100,,5518,15,,,1,100,,5523,15,,,1,100,,5500,15,,,1,100,,5525,15,,,1,100,,5504,15,,,1
11301,'20',653,,5545,15,,,1,100,,2139,15,,,1,100,,5548,15,,,1,100,,5566,15,,,1,100,,5552,15,,,1,100,,5537,15,,,1,100,,5568,15,,,1,100,,5540,15,,,1,100,,5556,15,,,1,100,,5564,15,,,1,100,,5571,15,,,1,100,,5567,15,,,1,100,,5542,15,,,1
11301,'8',653,,5585,15,,,1,100,,5579,15,,,1,100,,5588,15,,,1,100,,5607,15,,,1,100,,5592,15,,,1,100,,5575,15,,,1,100,,5609,15,,,1,100,,5578,15,,,1,100,,5597,15,,,1,100,,5605,15,,,1,100,,5612,15,,,1,100,,5608,15,,,1,100,,5581,15,,,1
21301,'11',753,,7709,15,,,1,100,,7712,15,,,1,100,,7732,15,,,1,100,,7726,15,,,1,100,,7710,15,,,1,100,,7734,15,,,1,100,,7738,15,,,1,100,,7720,15,,,1,100,,7725,15,,,1,100,,7730,15,,,1,100,,7705,15,,,1,100,,7711,15,,,1,100,,7706,15,,,1
21301,'14',1953,,7743,15,,,1,100,,7747,15,,,1,100,,7750,15,,,1,100,,7749,15,,,1
21301,'18',1953,,7753,15,,,1,100,,7757,15,,,1,100,,7761,15,,,1,100,,7760,15,,,1
21301,'20',1953,,7764,15,,,1,100,,7768,15,,,1,100,,7771,15,,,1,100,,7770,15,,,1
21301,'4',753,,7779,15,,,1,100,,7782,15,,,1,100,,7803,15,,,1,100,,7797,15,,,1,100,,7780,15,,,1,100,,7805,15,,,1,100,,7809,15,,,1,100,,7790,15,,,1,100,,7796,15,,,1,100,,7801,15,,,1,100,,7775,15,,,1,100,,7781,15,,,1,100,,7776,15,,,1
21301,'8',1953,,7814,15,,,1,100,,7818,15,,,1,100,,7822,15,,,1,100,,7821,15,,,1
