10901,'12',611,,9657,5,,,1,100,,9647,5,,,1,100,,9619,5,,,1,100,,9646,5,,,1,100,,9628,5,,,1,100,,9624,5,,,1,100,,9622,5,,,1,100,,9639,5,,,1,100,,9629,5,,,1,100,,9638,5,,,1,100,,9650,5,,,1,100,,969,5,,,1
10901,'5',611,,9705,5,,,1,100,,9691,5,,,1,100,,9662,5,,,1,100,,9690,5,,,1,100,,9672,5,,,1,100,,9668,5,,,1,100,,9666,5,,,1,100,,9683,5,,,1,100,,9673,5,,,1,100,,9682,5,,,1,100,,9694,5,,,1,100,,9704,5,,,1
10901,'9',611,,9748,5,,,1,100,,9738,5,,,1,100,,9709,5,,,1,100,,9737,5,,,1,100,,9719,5,,,1,100,,9715,5,,,1,100,,9713,5,,,1,100,,9730,5,,,1,100,,9720,5,,,1,100,,9729,5,,,1,100,,9741,5,,,1,100,,1017,5,,,1
11300,'12',641,,10109,5,,,1,100,,4965,5,,,1,100,,10138,5,,,1,100,,4271,5,,,1,100,,10115,5,,,1,100,,10113,5,,,1,100,,10128,5,,,1,100,,10114,5,,,1,100,,10134,5,,,1,100,,10132,5,,,1,100,,10140,5,,,1,100,,10129,5,,,1,100,,10135,5,,,1
11300,'5',641,,10145,5,,,1,100,,10176,5,,,1,100,,10178,5,,,1,100,,10147,5,,,1,100,,10157,5,,,1,100,,10149,5,,,1,100,,10154,5,,,1,100,,10152,5,,,1,100,,10155,5,,,1,100,,10144,5,,,1,100,,10175,5,,,1,100,,10172,5,,,1,100,,10171,5,,,1
11300,'9',641,,10184,5,,,1,100,,4917,5,,,1,100,,10210,5,,,1,100,,4154,5,,,1,100,,10190,5,,,1,100,,10186,5,,,1,100,,10206,5,,,1,100,,10187,5,,,1,100,,4395,5,,,1,100,,10183,5,,,1,100,,10215,5,,,1,100,,10205,5,,,1,100,,7177,5,,,1
20901,'12',1811,,11304,5,,,1,100,,11301,5,,,1,100,,11296,5,,,1,100,,11306,5,,,1,100,,11292,5,,,1
20901,'5',1811,,11321,5,,,1,100,,11319,5,,,1,100,,11314,5,,,1,100,,11316,5,,,1,100,,11320,5,,,1
20901,'7',711,,11345,5,,,1,100,,11378,5,,,1,100,,11360,5,,,1,100,,11346,5,,,1,100,,11340,5,,,1,100,,11347,5,,,1,100,,11332,5,,,1,100,,11338,5,,,1,100,,11337,5,,,1,100,,11362,5,,,1,100,,11363,5,,,1,100,,11376,5,,,1,100,,11367,5,,,1,100,,11341,5,,,1
20901,'9',1811,,1216,5,,,1,100,,11394,5,,,1,100,,11395,5,,,1,100,,11392,5,,,1,100,,11386,5,,,1
