10800,'10',701,,12735,3,,,1,30,,12750,3,,,1,70,,12754,3,,,1,30,,12744,3,,,1,70,,12741,3,,,1,30,,12743,3,,,1,100,,12731,3,,,1,100,,12726,3,,,1,100,,12745,3,,,1,100,,12734,3,,,1,100,,12724,3,,,1,70,,12738,3,,,1,30,,12746,3,,,1,70,,12728,3,,,1,30,,12753,3,,,1,70,,12749,3,,,1,30,,12733,3,,,1
10800,'13',701,,12768,3,,,1,30,,12782,3,,,1,70,,12765,3,,,1,30,,12777,3,,,1,70,,12775,3,,,1,30,,12776,3,,,1,100,,12764,3,,,1,100,,12759,3,,,1,100,,12778,3,,,1,100,,12767,3,,,1,100,,12757,3,,,1,70,,12771,3,,,1,30,,12779,3,,,1,70,,12761,3,,,1,30,,12785,3,,,1,70,,12780,3,,,1,30,,12766,3,,,1
10900,'10',703,,12822,3,,,1,100,,12824,3,,,1,100,,12821,3,,,1,100,,12829,3,,,1,100,,12826,3,,,1,100,,12825,3,,,1,100,,12828,3,,,1,100,,12820,3,,,1,100,,12830,3,,,1,100,,12827,3,,,1,100,,12823,3,,,1,100,,10360,3,,,1
10900,'13',703,,12833,3,,,1,100,,12835,3,,,1,100,,12832,3,,,1,100,,12839,3,,,1,100,,12836,3,,,1,100,,10235,3,,,1,100,,12838,3,,,1,100,,12831,3,,,1,100,,12840,3,,,1,100,,12837,3,,,1,100,,12834,3,,,1,100,,10338,3,,,1
11400,'10',631,,13319,3,,,1,100,,13315,3,,,1,100,,13323,3,,,1,100,,13321,3,,,1,100,,13320,3,,,1,100,,13324,3,,,1,100,,13317,3,,,1,100,,10389,3,,,1,100,,13318,3,,,1,100,,9713,3,,,1,100,,13316,3,,,1,100,,13322,3,,,1
11400,'13',631,,13329,3,,,1,100,,13325,3,,,1,100,,13333,3,,,1,100,,13331,3,,,1,100,,13330,3,,,1,100,,13334,3,,,1,100,,13327,3,,,1,100,,10366,3,,,1,100,,13328,3,,,1,100,,9622,3,,,1,100,,13326,3,,,1,100,,13332,3,,,1
20900,'10',1901,,14033,3,,,1,100,,14034,3,,,1,100,,14035,3,,,1,100,,14036,3,,,1
20900,'13',1901,,9454,3,,,1,100,,14038,3,,,1,100,,14039,3,,,1,100,,14037,3,,,1
20900,'7',801,,14045,3,,,1,100,,14043,3,,,1,100,,14049,3,,,1,100,,14048,3,,,1,100,,11928,3,,,1,100,,14044,3,,,1,100,,14047,3,,,1,100,,7869,3,,,1,100,,14042,3,,,1,100,,14046,3,,,1,100,,14040,3,,,1,100,,11060,3,,,1,100,,14041,3,,,1
21400,'10',1831,,14394,3,,,1,100,,10095,3,,,1,100,,14393,3,,,1,100,,14395,3,,,1,100,,14392,3,,,1
21400,'13',1831,,14397,3,,,1,100,,14398,3,,,1,100,,14399,3,,,1,100,,14396,3,,,1,100,,14400,3,,,1
21400,'7',731,,14408,3,,,1,100,,14406,3,,,1,100,,14402,3,,,1,100,,14411,3,,,1,100,,14403,3,,,1,100,,14409,3,,,1,100,,14405,3,,,1,100,,14404,3,,,1,100,,11964,3,,,1,100,,14410,3,,,1,100,,14412,3,,,1,100,,14407,3,,,1,100,,14401,3,,,1
