10601,'14',615,,4011,25,,,1,100,,4014,25,,,1,30,,4018,25,,,1,70,,4007,25,,,1,30,,4016,25,,,1,70,,4022,25,,,1,100,,4019,25,,,1,100,,1560,25,,,1,100,,4008,25,,,1,100,,4020,25,,,1,100,,2330,25,,,1,30,,4010,25,,,1,70,,4021,25,,,1,30,,4009,25,,,1,70,,4017,25,,,1,30,,4006,25,,,1,70,,773,25,,,1,30,,4015,25,,,1,70,,4012,25,,,1
10601,'18',615,,4029,25,,,1,100,,4033,25,,,1,30,,4038,25,,,1,70,,4024,25,,,1,30,,4036,25,,,1,70,,4042,25,,,1,100,,4039,25,,,1,100,,4031,25,,,1,100,,4026,25,,,1,100,,4040,25,,,1,100,,4025,25,,,1,30,,4028,25,,,1,70,,4041,25,,,1,30,,4027,25,,,1,70,,4037,25,,,1,30,,4023,25,,,1,70,,4034,25,,,1,30,,4035,25,,,1,70,,4030,25,,,1
10601,'20',615,,4049,25,,,1,100,,4052,25,,,1,30,,4055,25,,,1,70,,4044,25,,,1,30,,4053,25,,,1,70,,4058,25,,,1,100,,4056,25,,,1,100,,1524,25,,,1,100,,4046,25,,,1,100,,1237,25,,,1,100,,4045,25,,,1,30,,4048,25,,,1,70,,4057,25,,,1,30,,4047,25,,,1,70,,4054,25,,,1,30,,4043,25,,,1,70,,713,25,,,1,30,,2265,25,,,1,70,,4050,25,,,1
10601,'8',615,,4065,25,,,1,100,,4069,25,,,1,30,,4074,25,,,1,70,,4060,25,,,1,30,,4072,25,,,1,70,,4078,25,,,1,100,,4075,25,,,1,100,,4067,25,,,1,100,,4062,25,,,1,100,,4076,25,,,1,100,,4061,25,,,1,30,,4064,25,,,1,70,,4077,25,,,1,30,,4063,25,,,1,70,,4073,25,,,1,30,,4059,25,,,1,70,,4070,25,,,1,30,,4071,25,,,1,70,,4066,25,,,1
11201,'14',722,,5238,11,,,1,100,,5237,11,,,1,100,,5242,11,,,1,100,,5233,11,,,1,100,,2656,11,,,1,100,,5243,11,,,1,100,,5234,11,,,1,100,,5235,11,,,1,100,,5248,11,,,1,100,,5239,11,,,1,100,,5244,11,,,1
11201,'18',722,,5259,11,,,1,100,,5258,11,,,1,100,,5263,11,,,1,100,,5251,11,,,1,100,,5252,11,,,1,100,,5264,11,,,1,100,,5253,11,,,1,100,,5254,11,,,1,100,,5270,11,,,1,100,,5260,11,,,1,100,,5265,11,,,1
11201,'20',722,,5290,11,,,1,100,,5274,11,,,1,100,,5292,11,,,1,100,,5273,11,,,1,100,,5275,11,,,1,100,,5283,11,,,1,100,,5276,11,,,1,100,,5277,11,,,1,100,,5287,11,,,1,100,,5279,11,,,1,100,,5284,11,,,1
11201,'8',722,,5312,11,,,1,100,,5294,11,,,1,100,,5314,11,,,1,100,,5293,11,,,1,100,,5295,11,,,1,100,,5304,11,,,1,100,,5296,11,,,1,100,,5297,11,,,1,100,,5309,11,,,1,100,,5300,11,,,1,100,,5305,11,,,1
20601,'11',714,,6942,15,,,1,30,,6950,15,,,1,70,,6946,15,,,1,30,,6920,15,,,1,70,,6928,15,,,1,30,,6925,15,,,1,70,,6945,15,,,1,30,,6921,15,,,1,70,,6919,15,,,1,30,,6944,15,,,1,70,,6953,15,,,1,30,,6905,15,,,1,70,,6951,15,,,1,30,,6936,15,,,1,70,,6923,15,,,1,30,,2818,15,,,1,70,,6931,15,,,1,30,,6948,15,,,1,70,,6917,15,,,1,30,,6916,15,,,1,70,,2502,15,,,1,30,,6924,15,,,1,70,,6930,15,,,1,30,,6955,15,,,1,70,,6912,15,,,1,30,,6918,15,,,1,70,,6933,15,,,1,30,,6927,15,,,1
20601,'14',1844,,6960,15,,,1,70,,6970,15,,,1,30,,6961,15,,,1,70,,1553,15,,,1,30,,6964,15,,,1,70,,6957,15,,,1,30,,6969,15,,,1,70,,6963,15,,,1,30,,6958,15,,,1,70,,6956,15,,,1
20601,'18',1844,,6978,15,,,1,70,,6990,15,,,1,30,,6979,15,,,1,70,,6983,15,,,1,30,,6982,15,,,1,70,,6974,15,,,1,30,,6989,15,,,1,70,,6981,15,,,1,30,,6976,15,,,1,70,,6973,15,,,1
20601,'20',1844,,6997,15,,,1,70,,7007,15,,,1,30,,6998,15,,,1,70,,1517,15,,,1,30,,7001,15,,,1,70,,6994,15,,,1,30,,7006,15,,,1,70,,7000,15,,,1,30,,6995,15,,,1,70,,6993,15,,,1
20601,'4',714,,7052,15,,,1,30,,7060,15,,,1,70,,7056,15,,,1,30,,7025,15,,,1,70,,7035,15,,,1,30,,7031,15,,,1,70,,7055,15,,,1,30,,7026,15,,,1,70,,7024,15,,,1,30,,7054,15,,,1,70,,7063,15,,,1,30,,7010,15,,,1,70,,7061,15,,,1,30,,7044,15,,,1,70,,7029,15,,,1,30,,7042,15,,,1,70,,7038,15,,,1,30,,7058,15,,,1,70,,7022,15,,,1,30,,7021,15,,,1,70,,7028,15,,,1,30,,7030,15,,,1,70,,7037,15,,,1,30,,7065,15,,,1,70,,7017,15,,,1,30,,7023,15,,,1,70,,7040,15,,,1,30,,7033,15,,,1
20601,'8',1844,,7071,15,,,1,70,,7083,15,,,1,30,,7072,15,,,1,70,,7076,15,,,1,30,,7075,15,,,1,70,,7067,15,,,1,30,,7082,15,,,1,70,,7074,15,,,1,30,,7069,15,,,1,70,,7066,15,,,1
