11201,'14',723,,5238,15,,,1,100,,5237,15,,,1,100,,5242,15,,,1,100,,5233,15,,,1,100,,2656,15,,,1,100,,5243,15,,,1,100,,5234,15,,,1,100,,5235,15,,,1,100,,5248,15,,,1,100,,5239,15,,,1,100,,5244,15,,,1
11201,'18',723,,5259,15,,,1,100,,5258,15,,,1,100,,5263,15,,,1,100,,5251,15,,,1,100,,5252,15,,,1,100,,5264,15,,,1,100,,5253,15,,,1,100,,5254,15,,,1,100,,5270,15,,,1,100,,5260,15,,,1,100,,5265,15,,,1
11201,'20',723,,5290,15,,,1,100,,5274,15,,,1,100,,5292,15,,,1,100,,5273,15,,,1,100,,5275,15,,,1,100,,5283,15,,,1,100,,5276,15,,,1,100,,5277,15,,,1,100,,5287,15,,,1,100,,5279,15,,,1,100,,5284,15,,,1
11201,'8',723,,5312,15,,,1,100,,5294,15,,,1,100,,5314,15,,,1,100,,5293,15,,,1,100,,5295,15,,,1,100,,5304,15,,,1,100,,5296,15,,,1,100,,5297,15,,,1,100,,5309,15,,,1,100,,5300,15,,,1,100,,5305,15,,,1
20600,'11',739,,6836,9,,,1,70,,6823,9,,,1,30,,6840,9,,,1,70,,6839,9,,,1,30,,6820,9,,,1,70,,6821,9,,,1,30,,6835,9,,,1,71,,6816,9,,,1,29,,6830,9,,,1,70,,6818,9,,,1,30,,6815,9,,,1,70,,6826,9,,,1,30,,6831,9,,,1,71,,6838,9,,,1,29,,6827,9,,,1,70,,6833,9,,,1,30,,6817,9,,,1,70,,6819,9,,,1,30,,6832,9,,,1,70,,6828,9,,,1,30,,6824,9,,,1,70,,6837,9,,,1,31,,6822,9,,,1,69,,6834,9,,,1,30,,6829,9,,,1,70,,6825,9,,,1
20600,'14',1810,,6841,9,,,1,29,,6848,9,,,1,70,,6846,9,,,1,31,,6842,9,,,1,70,,6849,9,,,1,30,,6844,9,,,1,69,,6847,9,,,1,30,,477,9,,,1,70,,6845,9,,,1,30,,6843,9,,,1
20600,'18',1810,,6850,9,,,1,29,,6858,9,,,1,70,,6856,9,,,1,31,,6851,9,,,1,70,,6859,9,,,1,30,,6853,9,,,1,69,,6857,9,,,1,30,,6855,9,,,1,70,,6854,9,,,1,30,,6852,9,,,1
20600,'20',1810,,6860,9,,,1,29,,6867,9,,,1,70,,6865,9,,,1,31,,6861,9,,,1,70,,6868,9,,,1,30,,6863,9,,,1,69,,6866,9,,,1,30,,439,9,,,1,70,,6864,9,,,1,30,,6862,9,,,1
20600,'4',739,,6890,9,,,1,70,,6877,9,,,1,30,,6894,9,,,1,70,,6893,9,,,1,30,,6874,9,,,1,70,,6875,9,,,1,30,,6889,9,,,1,71,,6870,9,,,1,29,,6884,9,,,1,70,,6872,9,,,1,30,,6869,9,,,1,70,,6880,9,,,1,30,,6885,9,,,1,71,,6892,9,,,1,29,,6881,9,,,1,70,,6887,9,,,1,30,,6871,9,,,1,70,,6873,9,,,1,30,,6886,9,,,1,70,,6882,9,,,1,30,,6878,9,,,1,70,,6891,9,,,1,31,,6876,9,,,1,69,,6888,9,,,1,30,,6883,9,,,1,70,,6879,9,,,1
20600,'8',1810,,6895,9,,,1,29,,6903,9,,,1,70,,6901,9,,,1,31,,6896,9,,,1,70,,6904,9,,,1,30,,6898,9,,,1,69,,6902,9,,,1,30,,6900,9,,,1,70,,6899,9,,,1,30,,6897,9,,,1
