10101,'14',650,,151,19,,,1,70,,2939,19,,,1,30,,2950,19,,,1,70,,2945,19,,,1,30,,2863,19,,,1,70,,2944,19,,,1,30,,2948,19,,,1,100,,2943,19,,,1,100,,2937,19,,,1,100,,2940,19,,,1,100,,2941,19,,,1,101,,2938,19,,,1,70,,2947,19,,,1,30,,2936,19,,,1,70,,2942,19,,,1,30,,2946,19,,,1,70,,2949,19,,,1,30,,2935,19,,,1
10101,'18',650,,2956,19,,,1,70,,2955,19,,,1,30,,2968,19,,,1,70,,2962,19,,,1,30,,2963,19,,,1,70,,2961,19,,,1,30,,2966,19,,,1,100,,2960,19,,,1,100,,2953,19,,,1,100,,2957,19,,,1,100,,2958,19,,,1,101,,2954,19,,,1,70,,2965,19,,,1,30,,2952,19,,,1,70,,2959,19,,,1,30,,2964,19,,,1,70,,2967,19,,,1,30,,2951,19,,,1
10101,'20',650,,94,19,,,1,70,,2973,19,,,1,30,,2984,19,,,1,70,,2979,19,,,1,30,,2783,19,,,1,70,,2978,19,,,1,30,,2982,19,,,1,100,,2977,19,,,1,100,,2971,19,,,1,100,,2974,19,,,1,100,,2975,19,,,1,101,,2972,19,,,1,70,,2981,19,,,1,30,,2970,19,,,1,70,,2976,19,,,1,30,,2980,19,,,1,70,,2983,19,,,1,30,,2969,19,,,1
10101,'8',650,,2990,19,,,1,70,,2989,19,,,1,30,,3002,19,,,1,70,,2996,19,,,1,30,,2997,19,,,1,70,,2995,19,,,1,30,,3000,19,,,1,100,,2994,19,,,1,100,,2987,19,,,1,100,,2991,19,,,1,100,,2992,19,,,1,101,,2988,19,,,1,70,,2999,19,,,1,30,,2986,19,,,1,70,,2993,19,,,1,30,,2998,19,,,1,70,,3001,19,,,1,30,,2985,19,,,1
10601,'14',617,,4011,28,,,1,100,,4014,28,,,1,30,,4018,28,,,1,70,,4007,28,,,1,30,,4016,28,,,1,70,,4022,28,,,1,100,,4019,28,,,1,100,,1560,28,,,1,100,,4008,28,,,1,100,,4020,28,,,1,100,,2330,28,,,1,30,,4010,28,,,1,70,,4021,28,,,1,30,,4009,28,,,1,70,,4017,28,,,1,30,,4006,28,,,1,70,,773,28,,,1,30,,4015,28,,,1,70,,4012,28,,,1
10601,'18',617,,4029,28,,,1,100,,4033,28,,,1,30,,4038,28,,,1,70,,4024,28,,,1,30,,4036,28,,,1,70,,4042,28,,,1,100,,4039,28,,,1,100,,4031,28,,,1,100,,4026,28,,,1,100,,4040,28,,,1,100,,4025,28,,,1,30,,4028,28,,,1,70,,4041,28,,,1,30,,4027,28,,,1,70,,4037,28,,,1,30,,4023,28,,,1,70,,4034,28,,,1,30,,4035,28,,,1,70,,4030,28,,,1
10601,'20',617,,4049,28,,,1,100,,4052,28,,,1,30,,4055,28,,,1,70,,4044,28,,,1,30,,4053,28,,,1,70,,4058,28,,,1,100,,4056,28,,,1,100,,1524,28,,,1,100,,4046,28,,,1,100,,1237,28,,,1,100,,4045,28,,,1,30,,4048,28,,,1,70,,4057,28,,,1,30,,4047,28,,,1,70,,4054,28,,,1,30,,4043,28,,,1,70,,713,28,,,1,30,,2265,28,,,1,70,,4050,28,,,1
10601,'8',617,,4065,28,,,1,100,,4069,28,,,1,30,,4074,28,,,1,70,,4060,28,,,1,30,,4072,28,,,1,70,,4078,28,,,1,100,,4075,28,,,1,100,,4067,28,,,1,100,,4062,28,,,1,100,,4076,28,,,1,100,,4061,28,,,1,30,,4064,28,,,1,70,,4077,28,,,1,30,,4063,28,,,1,70,,4073,28,,,1,30,,4059,28,,,1,70,,4070,28,,,1,30,,4071,28,,,1,70,,4066,28,,,1
20601,'11',716,,6942,18,,,1,30,,6950,18,,,1,70,,6946,18,,,1,30,,6920,18,,,1,70,,6928,18,,,1,30,,6925,18,,,1,70,,6945,18,,,1,30,,6921,18,,,1,70,,6919,18,,,1,30,,6944,18,,,1,70,,6953,18,,,1,30,,6905,18,,,1,70,,6951,18,,,1,30,,6936,18,,,1,70,,6923,18,,,1,30,,2818,18,,,1,70,,6931,18,,,1,30,,6948,18,,,1,70,,6917,18,,,1,30,,6916,18,,,1,70,,2502,18,,,1,30,,6924,18,,,1,70,,6930,18,,,1,30,,6955,18,,,1,70,,6912,18,,,1,30,,6918,18,,,1,70,,6933,18,,,1,30,,6927,18,,,1
20601,'14',1846,,6960,18,,,1,70,,6970,18,,,1,30,,6961,18,,,1,70,,1553,18,,,1,30,,6964,18,,,1,70,,6957,18,,,1,30,,6969,18,,,1,70,,6963,18,,,1,30,,6958,18,,,1,70,,6956,18,,,1
20601,'18',1846,,6978,18,,,1,70,,6990,18,,,1,30,,6979,18,,,1,70,,6983,18,,,1,30,,6982,18,,,1,70,,6974,18,,,1,30,,6989,18,,,1,70,,6981,18,,,1,30,,6976,18,,,1,70,,6973,18,,,1
20601,'20',1846,,6997,18,,,1,70,,7007,18,,,1,30,,6998,18,,,1,70,,1517,18,,,1,30,,7001,18,,,1,70,,6994,18,,,1,30,,7006,18,,,1,70,,7000,18,,,1,30,,6995,18,,,1,70,,6993,18,,,1
20601,'4',716,,7052,18,,,1,30,,7060,18,,,1,70,,7056,18,,,1,30,,7025,18,,,1,70,,7035,18,,,1,30,,7031,18,,,1,70,,7055,18,,,1,30,,7026,18,,,1,70,,7024,18,,,1,30,,7054,18,,,1,70,,7063,18,,,1,30,,7010,18,,,1,70,,7061,18,,,1,30,,7044,18,,,1,70,,7029,18,,,1,30,,7042,18,,,1,70,,7038,18,,,1,30,,7058,18,,,1,70,,7022,18,,,1,30,,7021,18,,,1,70,,7028,18,,,1,30,,7030,18,,,1,70,,7037,18,,,1,30,,7065,18,,,1,70,,7017,18,,,1,30,,7023,18,,,1,70,,7040,18,,,1,30,,7033,18,,,1
20601,'8',1846,,7071,18,,,1,70,,7083,18,,,1,30,,7072,18,,,1,70,,7076,18,,,1,30,,7075,18,,,1,70,,7067,18,,,1,30,,7082,18,,,1,70,,7074,18,,,1,30,,7069,18,,,1,70,,7066,18,,,1
