11300,'14',622,,5334,6,0,18 19 20,1,100,,5322,6,0,18 19 20,1,100,,5344,6,0,18 19 20,1,100,,5319,6,0,18 19 20,1,100,,5320,6,0,18 19 20,1,100,,5316,6,0,18 19 20,1,100,,5324,6,0,18 19 20,1,100,,5338,6,0,18 19 20,1,100,,390,6,0,18 19 20,1,100,,5343,6,0,18 19 20,1,100,,5317,6,0,18 19 20,1,100,,5331,6,0,18 19 20,1,100,,5347,6,0,18 19 20,1
11300,'18',622,,5372,6,0,18 19 20,1,100,,5357,6,0,18 19 20,1,100,,5383,6,0,18 19 20,1,100,,5354,6,0,18 19 20,1,100,,5355,6,0,18 19 20,1,100,,5350,6,0,18 19 20,1,100,,5359,6,0,18 19 20,1,100,,5377,6,0,18 19 20,1,100,,5367,6,0,18 19 20,1,100,,5382,6,0,18 19 20,1,100,,5351,6,0,18 19 20,1,100,,5368,6,0,18 19 20,1,100,,5386,6,0,18 19 20,1
11300,'20',622,,5401,6,0,18 19 20,1,100,,5394,6,0,18 19 20,1,100,,5415,6,0,18 19 20,1,100,,5391,6,0,18 19 20,1,100,,5392,6,0,18 19 20,1,100,,5389,6,0,18 19 20,1,100,,1908,6,0,18 19 20,1,100,,5409,6,0,18 19 20,1,100,,5407,6,0,18 19 20,1,100,,5400,6,0,18 19 20,1,100,,5405,6,0,18 19 20,1,100,,5404,6,0,18 19 20,1,100,,2442,6,0,18 19 20,1
11300,'8',622,,5436,6,0,18 19 20,1,100,,5425,6,0,18 19 20,1,100,,5454,6,0,18 19 20,1,100,,5422,6,0,18 19 20,1,100,,5423,6,0,18 19 20,1,100,,5420,6,0,18 19 20,1,100,,5431,6,0,18 19 20,1,100,,5447,6,0,18 19 20,1,100,,5444,6,0,18 19 20,1,100,,5434,6,0,18 19 20,1,100,,5442,6,0,18 19 20,1,100,,5440,6,0,18 19 20,1,100,,5429,6,0,18 19 20,1
21300,'11',722,,1839,6,,,1,100,,7664,6,,,1,100,,7674,6,,,1,100,,7672,6,,,1,100,,7668,6,,,1,100,,7666,6,,,1,100,,7667,6,,,1,100,,7669,6,,,1,100,,7663,6,,,1,100,,7673,6,,,1,100,,7671,6,,,1,100,,7665,6,,,1,100,,7670,6,,,1
21300,'14',1922,,7676,6,,,1,100,,7677,6,,,1,100,,7675,6,,,1,100,,2747,6,,,1
21300,'18',1922,,7680,6,,,1,100,,7681,6,,,1,100,,7679,6,,,1,100,,7678,6,,,1
21300,'20',1922,,7683,6,,,1,100,,7684,6,,,1,100,,7682,6,,,1,100,,2665,6,,,1
21300,'4',722,,7688,6,,,1,100,,7686,6,,,1,100,,7697,6,,,1,100,,7695,6,,,1,100,,7691,6,,,1,100,,7689,6,,,1,100,,7690,6,,,1,100,,7692,6,,,1,100,,7685,6,,,1,100,,7696,6,,,1,100,,7694,6,,,1,100,,7687,6,,,1,100,,7693,6,,,1
21300,'8',1922,,7700,6,,,1,100,,7701,6,,,1,100,,7699,6,,,1,100,,7698,6,,,1
