10201,'12',647,,8466,4,,,1,70,,8443,4,,,1,30,,8452,4,,,1,70,,8473,4,,,1,30,,8444,4,,,1,70,,8469,4,,,1,30,,8426,4,,,1,100,,8441,4,,,1,100,,8434,4,,,1,100,,8423,4,,,1,100,,8474,4,,,1,100,,8431,4,,,1,70,,8471,4,,,1,30,,8461,4,,,1,70,,8458,4,,,1,30,,8472,4,,,1,70,,8465,4,,,1,30,,8457,4,,,1
10201,'5',647,,8523,4,,,1,70,,8499,4,,,1,30,,8508,4,,,1,70,,8530,4,,,1,30,,8500,4,,,1,70,,8526,4,,,1,30,,8482,4,,,1,100,,8497,4,,,1,100,,8490,4,,,1,100,,8478,4,,,1,100,,8531,4,,,1,100,,8487,4,,,1,70,,8528,4,,,1,30,,8518,4,,,1,70,,8515,4,,,1,30,,8529,4,,,1,70,,8522,4,,,1,30,,8514,4,,,1
10201,'9',647,,8578,4,,,1,70,,8555,4,,,1,30,,8564,4,,,1,70,,8585,4,,,1,30,,8556,4,,,1,70,,8581,4,,,1,30,,8538,4,,,1,100,,8553,4,,,1,100,,8546,4,,,1,100,,8535,4,,,1,100,,8586,4,,,1,100,,8543,4,,,1,70,,8583,4,,,1,30,,8573,4,,,1,70,,8570,4,,,1,30,,8584,4,,,1,70,,8577,4,,,1,30,,8569,4,,,1
11001,'12',618,,9838,4,,,1,30,,9833,4,,,1,70,,9830,4,,,1,30,,9832,4,,,1,70,,9837,4,,,1,30,,9825,4,,,1,70,,9831,4,,,1,30,,9819,4,,,1,70,,9821,4,,,1,30,,9834,4,,,1,70,,9818,4,,,1,30,,9836,4,,,1,70,,9828,4,,,1,30,,6241,4,,,1,70,,9827,4,,,1,30,,1230,4,,,1,70,,9824,4,,,1,30,,9823,4,,,1,70,,9822,4,,,1,30,,3890,4,,,1,70,,9820,4,,,1,30,,9835,4,,,1,70,,9829,4,,,1,30,,3727,4,,,1,70,,9826,4,,,1
11001,'5',618,,9863,4,,,1,30,,9857,4,,,1,70,,9853,4,,,1,30,,9856,4,,,1,70,,9862,4,,,1,30,,9847,4,,,1,70,,9855,4,,,1,30,,9840,4,,,1,70,,9842,4,,,1,30,,9858,4,,,1,70,,9839,4,,,1,30,,9861,4,,,1,70,,9851,4,,,1,30,,9860,4,,,1,70,,9849,4,,,1,30,,9850,4,,,1,70,,9845,4,,,1,30,,9844,4,,,1,70,,9843,4,,,1,30,,9854,4,,,1,70,,9841,4,,,1,30,,9859,4,,,1,70,,9852,4,,,1,30,,9846,4,,,1,70,,9848,4,,,1
11001,'9',618,,9884,4,,,1,30,,9879,4,,,1,70,,9876,4,,,1,30,,9878,4,,,1,70,,9883,4,,,1,30,,9871,4,,,1,70,,9877,4,,,1,30,,9865,4,,,1,70,,9867,4,,,1,30,,9880,4,,,1,70,,9864,4,,,1,30,,9882,4,,,1,70,,9874,4,,,1,30,,6224,4,,,1,70,,9873,4,,,1,30,,3377,4,,,1,70,,9870,4,,,1,30,,9869,4,,,1,70,,9868,4,,,1,30,,3816,4,,,1,70,,9866,4,,,1,30,,9881,4,,,1,70,,9875,4,,,1,30,,3655,4,,,1,70,,9872,4,,,1
11501,'12',717,,10429,4,,,1,30,,10405,4,,,1,70,,10410,4,,,1,30,,10421,4,,,1,70,,10401,4,,,1,30,,10407,4,,,1,70,,2975,4,,,1,100,,10403,4,,,1,100,,10404,4,,,1,100,,10419,4,,,1,100,,10427,4,,,1,100,,10430,4,,,1,30,,10416,4,,,1,70,,10422,4,,,1,30,,10408,4,,,1,70,,10425,4,,,1,30,,10418,4,,,1,70,,10399,4,,,1
11501,'5',717,,10464,4,,,1,30,,10439,4,,,1,70,,10444,4,,,1,30,,10456,4,,,1,70,,10435,4,,,1,30,,10441,4,,,1,70,,10449,4,,,1,100,,10437,4,,,1,100,,10438,4,,,1,100,,10454,4,,,1,100,,10462,4,,,1,100,,10465,4,,,1,30,,10451,4,,,1,70,,10457,4,,,1,30,,10442,4,,,1,70,,10460,4,,,1,30,,10453,4,,,1,70,,10433,4,,,1
11501,'9',717,,10499,4,,,1,30,,10475,4,,,1,70,,10480,4,,,1,30,,10491,4,,,1,70,,10471,4,,,1,30,,10477,4,,,1,70,,2941,4,,,1,100,,10473,4,,,1,100,,10474,4,,,1,100,,10489,4,,,1,100,,10497,4,,,1,100,,179,4,,,1,30,,10486,4,,,1,70,,10492,4,,,1,30,,10478,4,,,1,70,,10495,4,,,1,30,,10488,4,,,1,70,,10469,4,,,1
21001,'12',1848,,11463,4,,,1,70,,11454,4,,,1,30,,11459,4,,,1,70,,11457,4,,,1,30,,11461,4,,,1,70,,11460,4,,,1,30,,11462,4,,,1,70,,11455,4,,,1,30,,11458,4,,,1,70,,11456,4,,,1
21001,'5',1848,,11473,4,,,1,70,,11464,4,,,1,30,,11469,4,,,1,70,,11467,4,,,1,30,,11471,4,,,1,70,,11470,4,,,1,30,,11472,4,,,1,70,,11465,4,,,1,30,,11468,4,,,1,70,,11466,4,,,1
21001,'7',718,,11477,4,,,1,30,,11499,4,,,1,70,,11495,4,,,1,30,,11497,4,,,1,70,,11489,4,,,1,30,,11487,4,,,1,70,,6733,4,,,1,30,,11484,4,,,1,70,,11480,4,,,1,30,,11494,4,,,1,70,,11486,4,,,1,30,,11482,4,,,1,70,,11474,4,,,1,30,,11479,4,,,1,70,,11496,4,,,1,30,,11483,4,,,1,70,,11498,4,,,1,30,,11492,4,,,1,70,,11490,4,,,1,30,,11485,4,,,1,70,,6487,4,,,1,30,,11491,4,,,1,70,,11488,4,,,1,30,,11481,4,,,1,70,,11476,4,,,1,30,,11493,4,,,1,70,,11478,4,,,1,30,,11475,4,,,1
21001,'9',1848,,11509,4,,,1,70,,11500,4,,,1,30,,11505,4,,,1,70,,11503,4,,,1,30,,11507,4,,,1,70,,11506,4,,,1,30,,11508,4,,,1,70,,11501,4,,,1,30,,11504,4,,,1,70,,11502,4,,,1
