10701,'14',615,,4184,2,0,9 3 10,1,100,,4174,2,0,9 3 10,1,30,,4150,2,0,9 3 10,1,70,,476,2,0,9 3 10,1,30,,4159,2,0,9 3 10,1,70,,4149,2,0,9 3 10,1,100,,4155,2,0,9 3 10,1,100,,4147,2,0,9 3 10,1,100,,4190,2,0,9 3 10,1,100,,4193,2,0,9 3 10,1,100,,4162,2,0,9 3 10,1,30,,4163,2,0,9 3 10,1,70,,4161,2,0,9 3 10,1,30,,4156,2,0,9 3 10,1,70,,4194,2,0,9 3 10,1,30,,4180,2,0,9 3 10,1,70,,4185,2,0,9 3 10,1,30,,4167,2,0,9 3 10,1,70,,4165,2,0,9 3 10,1,100,,4153,2,0,9 3 10,1
10701,'18',615,,4243,2,0,9 3 10,1,100,,4232,2,0,9 3 10,1,30,,4207,2,0,9 3 10,1,70,,4236,2,0,9 3 10,1,30,,4216,2,0,9 3 10,1,70,,4206,2,0,9 3 10,1,100,,4212,2,0,9 3 10,1,100,,4204,2,0,9 3 10,1,100,,4250,2,0,9 3 10,1,100,,4253,2,0,9 3 10,1,100,,4219,2,0,9 3 10,1,30,,4220,2,0,9 3 10,1,70,,4218,2,0,9 3 10,1,30,,4213,2,0,9 3 10,1,70,,4254,2,0,9 3 10,1,30,,4240,2,0,9 3 10,1,70,,4245,2,0,9 3 10,1,30,,4224,2,0,9 3 10,1,70,,4222,2,0,9 3 10,1,100,,4210,2,0,9 3 10,1
10701,'20',615,,4301,2,0,9 3 10,1,100,,4291,2,0,9 3 10,1,30,,4267,2,0,9 3 10,1,70,,438,2,0,9 3 10,1,30,,4276,2,0,9 3 10,1,70,,4266,2,0,9 3 10,1,100,,4272,2,0,9 3 10,1,100,,4264,2,0,9 3 10,1,100,,4307,2,0,9 3 10,1,100,,4310,2,0,9 3 10,1,100,,4279,2,0,9 3 10,1,30,,4280,2,0,9 3 10,1,70,,4278,2,0,9 3 10,1,30,,4273,2,0,9 3 10,1,70,,4311,2,0,9 3 10,1,30,,4297,2,0,9 3 10,1,70,,4302,2,0,9 3 10,1,30,,4284,2,0,9 3 10,1,70,,4282,2,0,9 3 10,1,100,,4270,2,0,9 3 10,1
10701,'8',615,,4360,2,0,9 3 10,1,100,,4349,2,0,9 3 10,1,30,,4324,2,0,9 3 10,1,70,,4353,2,0,9 3 10,1,30,,4333,2,0,9 3 10,1,70,,4323,2,0,9 3 10,1,100,,4329,2,0,9 3 10,1,100,,4321,2,0,9 3 10,1,100,,4367,2,0,9 3 10,1,100,,4370,2,0,9 3 10,1,100,,4336,2,0,9 3 10,1,30,,4337,2,0,9 3 10,1,70,,4335,2,0,9 3 10,1,30,,4330,2,0,9 3 10,1,70,,4371,2,0,9 3 10,1,30,,4357,2,0,9 3 10,1,70,,4362,2,0,9 3 10,1,30,,4341,2,0,9 3 10,1,70,,4339,2,0,9 3 10,1,100,,4327,2,0,9 3 10,1
10800,'14',715,,4404,2,,,1,30,,4395,2,,,1,70,,4382,2,,,1,30,,4392,2,,,1,70,,4406,2,,,1,30,,4396,2,,,1,100,,4394,2,,,1,100,,4393,2,,,1,100,,4399,2,,,1,100,,4410,2,,,1,100,,4391,2,,,1,70,,4380,2,,,1,30,,4387,2,,,1,70,,4381,2,,,1,30,,4398,2,,,1,70,,4385,2,,,1,30,,4386,2,,,1
10800,'18',715,,4438,2,,,1,30,,4429,2,,,1,70,,4415,2,,,1,30,,4426,2,,,1,70,,4440,2,,,1,30,,4430,2,,,1,100,,4428,2,,,1,100,,4427,2,,,1,100,,4433,2,,,1,100,,4444,2,,,1,100,,4425,2,,,1,70,,4413,2,,,1,30,,4420,2,,,1,70,,4414,2,,,1,30,,4432,2,,,1,70,,4418,2,,,1,30,,4419,2,,,1
10800,'20',715,,4460,2,,,1,30,,4465,2,,,1,70,,4461,2,,,1,30,,4463,2,,,1,70,,4449,2,,,1,30,,4467,2,,,1,100,,4464,2,,,1,100,,2613,2,,,1,100,,4469,2,,,1,100,,4477,2,,,1,100,,4462,2,,,1,70,,4448,2,,,1,30,,4455,2,,,1,70,,4450,2,,,1,30,,4468,2,,,1,70,,4453,2,,,1,30,,4454,2,,,1
10800,'8',715,,4493,2,,,1,30,,4499,2,,,1,70,,4494,2,,,1,30,,4496,2,,,1,70,,4481,2,,,1,30,,4501,2,,,1,100,,4498,2,,,1,100,,4497,2,,,1,100,,4503,2,,,1,100,,4511,2,,,1,100,,4495,2,,,1,70,,4480,2,,,1,30,,4487,2,,,1,70,,4482,2,,,1,30,,4502,2,,,1,70,,4485,2,,,1,30,,4486,2,,,1
11401,'14',647,,5669,23,,,1,100,,5671,23,,,1,100,,5668,23,,,1,100,,5665,23,,,1,100,,5670,23,,,1,100,,1845,23,,,1,100,,5666,23,,,1,100,,5664,23,,,1,100,,5663,23,,,1,100,,5667,23,,,1,100,,5672,23,,,1,100,,5662,23,,,1
11401,'18',647,,5681,23,,,1,100,,5683,23,,,1,100,,5680,23,,,1,100,,5677,23,,,1,100,,5682,23,,,1,100,,5673,23,,,1,100,,5678,23,,,1,100,,5676,23,,,1,100,,5675,23,,,1,100,,5679,23,,,1,100,,5684,23,,,1,100,,5674,23,,,1
11401,'20',647,,5692,23,,,1,100,,5694,23,,,1,100,,5691,23,,,1,100,,5688,23,,,1,100,,5693,23,,,1,100,,1806,23,,,1,100,,5689,23,,,1,100,,5687,23,,,1,100,,5686,23,,,1,100,,5690,23,,,1,100,,5695,23,,,1,100,,5685,23,,,1
11401,'8',647,,5704,23,,,1,100,,5706,23,,,1,100,,5703,23,,,1,100,,5700,23,,,1,100,,5705,23,,,1,100,,5696,23,,,1,100,,5701,23,,,1,100,,5699,23,,,1,100,,5698,23,,,1,100,,5702,23,,,1,100,,5707,23,,,1,100,,5697,23,,,1
21401,'11',748,,7872,29,,,1,100,,7880,29,,,1,100,,7876,29,,,1,100,,7871,29,,,1,100,,7873,29,,,1,100,,7879,29,,,1,100,,7878,29,,,1,100,,7869,29,,,1,100,,7875,29,,,1,100,,7868,29,,,1,100,,7877,29,,,1,100,,7874,29,,,1,100,,7870,29,,,1
21401,'14',1848,,7885,29,,,1,100,,7883,29,,,1,100,,7881,29,,,1,100,,7884,29,,,1,100,,7882,29,,,1
21401,'18',1848,,7890,29,,,1,100,,7888,29,,,1,100,,7886,29,,,1,100,,7889,29,,,1,100,,7887,29,,,1
21401,'20',1848,,7893,29,,,1,100,,81,29,,,1,100,,7891,29,,,1,100,,7892,29,,,1,100,,7894,29,,,1
21401,'4',748,,7899,29,,,1,100,,7907,29,,,1,100,,7903,29,,,1,100,,7898,29,,,1,100,,7900,29,,,1,100,,7906,29,,,1,100,,7905,29,,,1,100,,7896,29,,,1,100,,7902,29,,,1,100,,7895,29,,,1,100,,7904,29,,,1,100,,7901,29,,,1,100,,7897,29,,,1
21401,'8',1848,,7911,29,,,1,100,,7909,29,,,1,100,,7908,29,,,1,100,,7910,29,,,1,100,,7912,29,,,1
