10701,'14',600,,4183,5,0,9 3 10,1,100,,4178,5,0,9 3 10,1,30,,1433,5,0,9 3 10,1,70,,4164,5,0,9 3 10,1,30,,4181,5,0,9 3 10,1,70,,4166,5,0,9 3 10,1,100,,4188,5,0,9 3 10,1,100,,4148,5,0,9 3 10,1,100,,4154,5,0,9 3 10,1,100,,4173,5,0,9 3 10,1,100,,4191,5,0,9 3 10,1,30,,4196,5,0,9 3 10,1,70,,4152,5,0,9 3 10,1,30,,4169,5,0,9 3 10,1,70,,4197,5,0,9 3 10,1,30,,4168,5,0,9 3 10,1,70,,4177,5,0,9 3 10,1,30,,4145,5,0,9 3 10,1,70,,4187,5,0,9 3 10,1,100,,4189,5,0,9 3 10,1
10701,'18',600,,4244,5,0,9 3 10,1,100,,4237,5,0,9 3 10,1,30,,4229,5,0,9 3 10,1,70,,4221,5,0,9 3 10,1,30,,4241,5,0,9 3 10,1,70,,4223,5,0,9 3 10,1,100,,4248,5,0,9 3 10,1,100,,4205,5,0,9 3 10,1,100,,4211,5,0,9 3 10,1,100,,4231,5,0,9 3 10,1,100,,4251,5,0,9 3 10,1,30,,4256,5,0,9 3 10,1,70,,4209,5,0,9 3 10,1,30,,4226,5,0,9 3 10,1,70,,4257,5,0,9 3 10,1,30,,4225,5,0,9 3 10,1,70,,4235,5,0,9 3 10,1,30,,4202,5,0,9 3 10,1,70,,4247,5,0,9 3 10,1,100,,4249,5,0,9 3 10,1
10701,'20',600,,4299,5,0,9 3 10,1,100,,4295,5,0,9 3 10,1,30,,1390,5,0,9 3 10,1,70,,4281,5,0,9 3 10,1,30,,4298,5,0,9 3 10,1,70,,4283,5,0,9 3 10,1,100,,4305,5,0,9 3 10,1,100,,4265,5,0,9 3 10,1,100,,4271,5,0,9 3 10,1,100,,4290,5,0,9 3 10,1,100,,4308,5,0,9 3 10,1,30,,4313,5,0,9 3 10,1,70,,4269,5,0,9 3 10,1,30,,4286,5,0,9 3 10,1,70,,4314,5,0,9 3 10,1,30,,4285,5,0,9 3 10,1,70,,4294,5,0,9 3 10,1,30,,4262,5,0,9 3 10,1,70,,4304,5,0,9 3 10,1,100,,4306,5,0,9 3 10,1
10701,'8',600,,4361,5,0,9 3 10,1,100,,4354,5,0,9 3 10,1,30,,4346,5,0,9 3 10,1,70,,4338,5,0,9 3 10,1,30,,4358,5,0,9 3 10,1,70,,4340,5,0,9 3 10,1,100,,4365,5,0,9 3 10,1,100,,4322,5,0,9 3 10,1,100,,4328,5,0,9 3 10,1,100,,4348,5,0,9 3 10,1,100,,4368,5,0,9 3 10,1,30,,4373,5,0,9 3 10,1,70,,4326,5,0,9 3 10,1,30,,4343,5,0,9 3 10,1,70,,4374,5,0,9 3 10,1,30,,4342,5,0,9 3 10,1,70,,4352,5,0,9 3 10,1,30,,4319,5,0,9 3 10,1,70,,4364,5,0,9 3 10,1,100,,4366,5,0,9 3 10,1
21401,'11',741,,7872,14,,,1,100,,7880,14,,,1,100,,7876,14,,,1,100,,7871,14,,,1,100,,7873,14,,,1,100,,7879,14,,,1,100,,7878,14,,,1,100,,7869,14,,,1,100,,7875,14,,,1,100,,7868,14,,,1,100,,7877,14,,,1,100,,7874,14,,,1,100,,7870,14,,,1
21401,'14',1841,,7885,14,,,1,100,,7883,14,,,1,100,,7881,14,,,1,100,,7884,14,,,1,100,,7882,14,,,1
21401,'18',1841,,7890,14,,,1,100,,7888,14,,,1,100,,7886,14,,,1,100,,7889,14,,,1,100,,7887,14,,,1
21401,'20',1841,,7893,14,,,1,100,,81,14,,,1,100,,7891,14,,,1,100,,7892,14,,,1,100,,7894,14,,,1
21401,'4',741,,7899,14,,,1,100,,7907,14,,,1,100,,7903,14,,,1,100,,7898,14,,,1,100,,7900,14,,,1,100,,7906,14,,,1,100,,7905,14,,,1,100,,7896,14,,,1,100,,7902,14,,,1,100,,7895,14,,,1,100,,7904,14,,,1,100,,7901,14,,,1,100,,7897,14,,,1
21401,'8',1841,,7911,14,,,1,100,,7909,14,,,1,100,,7908,14,,,1,100,,7910,14,,,1,100,,7912,14,,,1
