10700,'10',640,,12585,15,0,5 6,1,100,,12590,15,0,5 6,1,70,,12588,15,0,5 6,1,30,,12594,15,0,5 6,1,70,,12584,15,0,5 6,1,30,,12589,15,0,5 6,1,100,,12586,15,0,5 6,1,100,,12580,15,0,5 6,1,100,,12592,15,0,5 6,1,100,,12593,15,0,5 6,1,100,,12591,15,0,5 6,1,70,,9932,15,0,5 6,1,30,,12579,15,0,5 6,1,70,,12582,15,0,5 6,1,30,,12587,15,0,5 6,1,70,,9507,15,0,5 6,1,30,,12583,15,0,5 6,1,70,,5234,15,0,5 6,1,30,,12581,15,0,5 6,1
10700,'13',640,,12601,15,0,5 6,1,100,,12606,15,0,5 6,1,70,,12604,15,0,5 6,1,30,,12610,15,0,5 6,1,70,,12600,15,0,5 6,1,30,,12605,15,0,5 6,1,100,,12602,15,0,5 6,1,100,,12596,15,0,5 6,1,100,,12608,15,0,5 6,1,100,,12609,15,0,5 6,1,100,,12607,15,0,5 6,1,70,,9887,15,0,5 6,1,30,,12595,15,0,5 6,1,70,,12598,15,0,5 6,1,30,,12603,15,0,5 6,1,70,,9442,15,0,5 6,1,30,,12599,15,0,5 6,1,70,,5276,15,0,5 6,1,30,,12597,15,0,5 6,1
10801,'10',644,,12789,21,,,1,70,,12796,21,,,1,30,,12795,21,,,1,70,,12788,21,,,1,30,,12798,21,,,1,70,,10799,21,,,1,100,,12786,21,,,1,100,,12794,21,,,1,100,,12799,21,,,1,100,,12800,21,,,1,100,,12791,21,,,1,30,,12787,21,,,1,70,,12792,21,,,1,30,,12801,21,,,1,70,,4655,21,,,1,30,,12802,21,,,1,70,,12790,21,,,1
10801,'13',644,,12811,21,,,1,70,,12814,21,,,1,30,,12808,21,,,1,70,,12806,21,,,1,30,,10419,21,,,1,70,,12803,21,,,1,100,,12804,21,,,1,100,,12812,21,,,1,100,,12816,21,,,1,100,,12817,21,,,1,100,,12809,21,,,1,30,,12805,21,,,1,70,,12810,21,,,1,30,,12818,21,,,1,70,,4746,21,,,1,30,,12819,21,,,1,70,,12807,21,,,1
11400,'10',636,,13319,12,4,,1,100,,13315,12,4,,1,100,,13323,12,4,,1,100,,13321,12,4,,1,100,,13320,12,4,,1,100,,13324,12,4,,1,100,,13317,12,4,,1,100,,10389,12,4,,1,100,,13318,12,4,,1,100,,9713,12,4,,1,100,,13316,12,4,,1,100,,13322,12,4,,1
11400,'13',636,,13329,12,4,,1,100,,13325,12,4,,1,100,,13333,12,4,,1,100,,13331,12,4,,1,100,,13330,12,4,,1,100,,13334,12,4,,1,100,,13327,12,4,,1,100,,10366,12,4,,1,100,,13328,12,4,,1,100,,9622,12,4,,1,100,,13326,12,4,,1,100,,13332,12,4,,1
11401,'10',636,,13339,1,,,1,100,,13337,1,,,1,100,,13338,1,,,1,100,,13341,1,,,1,100,,13344,1,,,1,100,,13340,1,,,1,100,,13335,1,,,1,100,,13336,1,,,1,100,,13343,1,,,1,100,,13342,1,,,1,100,,13346,1,,,1,100,,13345,1,,,1
11401,'13',636,,13351,1,,,1,100,,13349,1,,,1,100,,13350,1,,,1,100,,13353,1,,,1,100,,13356,1,,,1,100,,13352,1,,,1,100,,13347,1,,,1,100,,13348,1,,,1,100,,13355,1,,,1,100,,13354,1,,,1,100,,13358,1,,,1,100,,13357,1,,,1
21400,'10',1836,,14394,12,4,,1,100,,10095,12,4,,1,100,,14393,12,4,,1,100,,14395,12,4,,1,100,,14392,12,4,,1
21400,'13',1836,,14397,12,4,,1,100,,14398,12,4,,1,100,,14399,12,4,,1,100,,14396,12,4,,1,100,,14400,12,4,,1
21400,'7',736,,14408,12,4,,1,100,,14406,12,4,,1,100,,14402,12,4,,1,100,,14411,12,4,,1,100,,14403,12,4,,1,100,,14409,12,4,,1,100,,14405,12,4,,1,100,,14404,12,4,,1,100,,11964,12,4,,1,100,,14410,12,4,,1,100,,14412,12,4,,1,100,,14407,12,4,,1,100,,14401,12,4,,1
21401,'10',1836,,14415,1,,,1,100,,14416,1,,,1,100,,14413,1,,,1,100,,14417,1,,,1,100,,14414,1,,,1
21401,'13',1836,,14421,1,,,1,100,,14420,1,,,1,100,,14422,1,,,1,100,,14418,1,,,1,100,,14419,1,,,1
21401,'7',736,,14429,1,,,1,100,,14428,1,,,1,100,,14431,1,,,1,100,,14424,1,,,1,100,,14432,1,,,1,100,,11741,1,,,1,100,,14423,1,,,1,100,,14434,1,,,1,100,,14433,1,,,1,100,,14430,1,,,1,100,,14426,1,,,1,100,,14427,1,,,1,100,,14425,1,,,1
