11300,'14',637,,5334,26,0,18 19 20,1,100,,5322,26,0,18 19 20,1,100,,5344,26,0,18 19 20,1,100,,5319,26,0,18 19 20,1,100,,5320,26,0,18 19 20,1,100,,5316,26,0,18 19 20,1,100,,5324,26,0,18 19 20,1,100,,5338,26,0,18 19 20,1,100,,390,26,0,18 19 20,1,100,,5343,26,0,18 19 20,1,100,,5317,26,0,18 19 20,1,100,,5331,26,0,18 19 20,1,100,,5347,26,0,18 19 20,1
11300,'18',637,,5372,26,0,18 19 20,1,100,,5357,26,0,18 19 20,1,100,,5383,26,0,18 19 20,1,100,,5354,26,0,18 19 20,1,100,,5355,26,0,18 19 20,1,100,,5350,26,0,18 19 20,1,100,,5359,26,0,18 19 20,1,100,,5377,26,0,18 19 20,1,100,,5367,26,0,18 19 20,1,100,,5382,26,0,18 19 20,1,100,,5351,26,0,18 19 20,1,100,,5368,26,0,18 19 20,1,100,,5386,26,0,18 19 20,1
11300,'20',637,,5401,26,0,18 19 20,1,100,,5394,26,0,18 19 20,1,100,,5415,26,0,18 19 20,1,100,,5391,26,0,18 19 20,1,100,,5392,26,0,18 19 20,1,100,,5389,26,0,18 19 20,1,100,,1908,26,0,18 19 20,1,100,,5409,26,0,18 19 20,1,100,,5407,26,0,18 19 20,1,100,,5400,26,0,18 19 20,1,100,,5405,26,0,18 19 20,1,100,,5404,26,0,18 19 20,1,100,,2442,26,0,18 19 20,1
11300,'8',637,,5436,26,0,18 19 20,1,100,,5425,26,0,18 19 20,1,100,,5454,26,0,18 19 20,1,100,,5422,26,0,18 19 20,1,100,,5423,26,0,18 19 20,1,100,,5420,26,0,18 19 20,1,100,,5431,26,0,18 19 20,1,100,,5447,26,0,18 19 20,1,100,,5444,26,0,18 19 20,1,100,,5434,26,0,18 19 20,1,100,,5442,26,0,18 19 20,1,100,,5440,26,0,18 19 20,1,100,,5429,26,0,18 19 20,1
21300,'11',736,,1839,26,,,1,100,,7664,26,,,1,100,,7674,26,,,1,100,,7672,26,,,1,100,,7668,26,,,1,100,,7666,26,,,1,100,,7667,26,,,1,100,,7669,26,,,1,100,,7663,26,,,1,100,,7673,26,,,1,100,,7671,26,,,1,100,,7665,26,,,1,100,,7670,26,,,1
21300,'14',1936,,7676,26,,,1,100,,7677,26,,,1,100,,7675,26,,,1,100,,2747,26,,,1
21300,'18',1936,,7680,26,,,1,100,,7681,26,,,1,100,,7679,26,,,1,100,,7678,26,,,1
21300,'20',1936,,7683,26,,,1,100,,7684,26,,,1,100,,7682,26,,,1,100,,2665,26,,,1
21300,'4',736,,7688,26,,,1,100,,7686,26,,,1,100,,7697,26,,,1,100,,7695,26,,,1,100,,7691,26,,,1,100,,7689,26,,,1,100,,7690,26,,,1,100,,7692,26,,,1,100,,7685,26,,,1,100,,7696,26,,,1,100,,7694,26,,,1,100,,7687,26,,,1,100,,7693,26,,,1
21300,'8',1936,,7700,26,,,1,100,,7701,26,,,1,100,,7699,26,,,1,100,,7698,26,,,1
