11300,'14',624,,5334,8,0,18 19 20,1,100,,5322,8,0,18 19 20,1,100,,5344,8,0,18 19 20,1,100,,5319,8,0,18 19 20,1,100,,5320,8,0,18 19 20,1,100,,5316,8,0,18 19 20,1,100,,5324,8,0,18 19 20,1,100,,5338,8,0,18 19 20,1,100,,390,8,0,18 19 20,1,100,,5343,8,0,18 19 20,1,100,,5317,8,0,18 19 20,1,100,,5331,8,0,18 19 20,1,100,,5347,8,0,18 19 20,1
11300,'18',624,,5372,8,0,18 19 20,1,100,,5357,8,0,18 19 20,1,100,,5383,8,0,18 19 20,1,100,,5354,8,0,18 19 20,1,100,,5355,8,0,18 19 20,1,100,,5350,8,0,18 19 20,1,100,,5359,8,0,18 19 20,1,100,,5377,8,0,18 19 20,1,100,,5367,8,0,18 19 20,1,100,,5382,8,0,18 19 20,1,100,,5351,8,0,18 19 20,1,100,,5368,8,0,18 19 20,1,100,,5386,8,0,18 19 20,1
11300,'20',624,,5401,8,0,18 19 20,1,100,,5394,8,0,18 19 20,1,100,,5415,8,0,18 19 20,1,100,,5391,8,0,18 19 20,1,100,,5392,8,0,18 19 20,1,100,,5389,8,0,18 19 20,1,100,,1908,8,0,18 19 20,1,100,,5409,8,0,18 19 20,1,100,,5407,8,0,18 19 20,1,100,,5400,8,0,18 19 20,1,100,,5405,8,0,18 19 20,1,100,,5404,8,0,18 19 20,1,100,,2442,8,0,18 19 20,1
11300,'8',624,,5436,8,0,18 19 20,1,100,,5425,8,0,18 19 20,1,100,,5454,8,0,18 19 20,1,100,,5422,8,0,18 19 20,1,100,,5423,8,0,18 19 20,1,100,,5420,8,0,18 19 20,1,100,,5431,8,0,18 19 20,1,100,,5447,8,0,18 19 20,1,100,,5444,8,0,18 19 20,1,100,,5434,8,0,18 19 20,1,100,,5442,8,0,18 19 20,1,100,,5440,8,0,18 19 20,1,100,,5429,8,0,18 19 20,1
21300,'11',724,,1839,8,,,1,100,,7664,8,,,1,100,,7674,8,,,1,100,,7672,8,,,1,100,,7668,8,,,1,100,,7666,8,,,1,100,,7667,8,,,1,100,,7669,8,,,1,100,,7663,8,,,1,100,,7673,8,,,1,100,,7671,8,,,1,100,,7665,8,,,1,100,,7670,8,,,1
21300,'14',1924,,7676,8,,,1,100,,7677,8,,,1,100,,7675,8,,,1,100,,2747,8,,,1
21300,'18',1924,,7680,8,,,1,100,,7681,8,,,1,100,,7679,8,,,1,100,,7678,8,,,1
21300,'20',1924,,7683,8,,,1,100,,7684,8,,,1,100,,7682,8,,,1,100,,2665,8,,,1
21300,'4',724,,7688,8,,,1,100,,7686,8,,,1,100,,7697,8,,,1,100,,7695,8,,,1,100,,7691,8,,,1,100,,7689,8,,,1,100,,7690,8,,,1,100,,7692,8,,,1,100,,7685,8,,,1,100,,7696,8,,,1,100,,7694,8,,,1,100,,7687,8,,,1,100,,7693,8,,,1
21300,'8',1924,,7700,8,,,1,100,,7701,8,,,1,100,,7699,8,,,1,100,,7698,8,,,1
