10400,'12',636,,5394,10,0,11 12,1,70,,8704,10,0,11 12,1,30,,8705,10,0,11 12,1,70,,8710,10,0,11 12,1,30,,8715,10,0,11 12,1,70,,8712,10,0,11 12,1,30,,8709,10,0,11 12,1,70,,8701,10,0,11 12,1,30,,8700,10,0,11 12,1,70,,8707,10,0,11 12,1,30,,8699,10,0,11 12,1,70,,8698,10,0,11 12,1,30,,8714,10,0,11 12,1,70,,8703,10,0,11 12,1,30,,8720,10,0,11 12,1,70,,8716,10,0,11 12,1,30,,8706,10,0,11 12,1,70,,8718,10,0,11 12,1,30,,8713,10,0,11 12,1,70,,8702,10,0,11 12,1,30,,8719,10,0,11 12,1,70,,8717,10,0,11 12,1,30,,8711,10,0,11 12,1,70,,8708,10,0,11 12,1,30,,8721,10,0,11 12,1
10400,'5',636,,8728,10,0,11 12,1,70,,8729,10,0,11 12,1,30,,8730,10,0,11 12,1,70,,8735,10,0,11 12,1,30,,8740,10,0,11 12,1,70,,8737,10,0,11 12,1,30,,8734,10,0,11 12,1,70,,8725,10,0,11 12,1,30,,8724,10,0,11 12,1,70,,8732,10,0,11 12,1,30,,8723,10,0,11 12,1,70,,8722,10,0,11 12,1,30,,8739,10,0,11 12,1,70,,8727,10,0,11 12,1,30,,8745,10,0,11 12,1,70,,8741,10,0,11 12,1,30,,8731,10,0,11 12,1,70,,8743,10,0,11 12,1,30,,8738,10,0,11 12,1,70,,8726,10,0,11 12,1,30,,8744,10,0,11 12,1,70,,8742,10,0,11 12,1,30,,8736,10,0,11 12,1,70,,8733,10,0,11 12,1,30,,8746,10,0,11 12,1
10400,'9',636,,5322,10,0,11 12,1,70,,8753,10,0,11 12,1,30,,8754,10,0,11 12,1,70,,8759,10,0,11 12,1,30,,8764,10,0,11 12,1,70,,8761,10,0,11 12,1,30,,8758,10,0,11 12,1,70,,8750,10,0,11 12,1,30,,8749,10,0,11 12,1,70,,8756,10,0,11 12,1,30,,8748,10,0,11 12,1,70,,8747,10,0,11 12,1,30,,8763,10,0,11 12,1,70,,8752,10,0,11 12,1,30,,8769,10,0,11 12,1,70,,8765,10,0,11 12,1,30,,8755,10,0,11 12,1,70,,8767,10,0,11 12,1,30,,8762,10,0,11 12,1,70,,8751,10,0,11 12,1,30,,8768,10,0,11 12,1,70,,8766,10,0,11 12,1,30,,8760,10,0,11 12,1,70,,8757,10,0,11 12,1,30,,8770,10,0,11 12,1
20301,'12',2405,,10812,11,,,1
20301,'5',2405,,10822,11,,,1
20301,'9',2405,,10856,11,,,1
20400,'12',1907,,10868,11,,,1,30,,10867,11,,,1,70,,10870,11,,,1,30,,10871,11,,,1,70,,10863,11,,,1,30,,10864,11,,,1,70,,10865,11,,,1,30,,10869,11,,,1,70,,10866,11,,,1,30,,10872,11,,,1
20400,'5',1907,,10878,11,,,1,30,,10877,11,,,1,70,,10880,11,,,1,30,,10881,11,,,1,70,,10873,11,,,1,30,,10874,11,,,1,70,,10875,11,,,1,30,,10879,11,,,1,70,,10876,11,,,1,30,,10882,11,,,1
20400,'7',737,,10904,11,,,1,70,,6840,11,,,1,30,,10905,11,,,1,70,,10885,11,,,1,30,,7137,11,,,1,70,,10892,11,,,1,30,,10900,11,,,1,70,,10901,11,,,1,30,,10908,11,,,1,70,,10899,11,,,1,30,,10886,11,,,1,70,,10893,11,,,1,30,,10883,11,,,1,70,,10894,11,,,1,30,,10906,11,,,1,70,,10907,11,,,1,30,,10897,11,,,1,70,,10890,11,,,1,30,,10887,11,,,1,70,,10903,11,,,1,30,,10884,11,,,1,70,,10895,11,,,1,30,,10888,11,,,1,70,,10889,11,,,1,30,,10891,11,,,1,70,,10896,11,,,1,30,,10898,11,,,1,70,,10902,11,,,1
20400,'9',1907,,10914,11,,,1,30,,10913,11,,,1,70,,10916,11,,,1,30,,10917,11,,,1,70,,10909,11,,,1,30,,10910,11,,,1,70,,10911,11,,,1,30,,10915,11,,,1,70,,10912,11,,,1,30,,10918,11,,,1
