10600,'10',645,,15147,14,,,1,100,,15142,14,,,1,70,,12100,14,,,1,30,,15146,14,,,1,70,,12732,14,,,1,30,,15144,14,,,1,100,,15151,14,,,1,100,,15149,14,,,1,100,,15150,14,,,1,100,,15139,14,,,1,100,,15141,14,,,1,70,,15143,14,,,1,30,,15145,14,,,1,70,,15137,14,,,1,31,,15138,14,,,1,69,,15148,14,,,1,32,,15140,14,,,1
10600,'15',645,,15163,14,,,1,100,,15158,14,,,1,70,,12153,14,,,1,30,,15162,14,,,1,70,,15156,14,,,1,30,,15160,14,,,1,100,,15167,14,,,1,100,,15165,14,,,1,100,,15166,14,,,1,100,,15154,14,,,1,100,,15157,14,,,1,70,,15159,14,,,1,30,,15161,14,,,1,70,,15152,14,,,1,31,,15153,14,,,1,69,,15164,14,,,1,32,,15155,14,,,1
10601,'10',608,,15169,20,,,1,100,,15185,20,,,1,30,,15174,20,,,1,70,,15182,20,,,1,30,,15171,20,,,1,70,,15172,20,,,1,100,,15180,20,,,1,100,,15177,20,,,1,100,,12822,20,,,1,100,,15178,20,,,1,100,,15179,20,,,1,30,,15176,20,,,1,70,,15168,20,,,1,30,,15184,20,,,1,70,,15175,20,,,1,30,,15181,20,,,1,70,,15183,20,,,1,30,,15173,20,,,1,70,,12933,20,,,1
10601,'15',608,,15187,20,,,1,100,,15202,20,,,1,30,,15192,20,,,1,70,,15199,20,,,1,30,,15189,20,,,1,70,,15190,20,,,1,100,,15197,20,,,1,100,,15194,20,,,1,100,,12833,20,,,1,100,,15195,20,,,1,100,,15196,20,,,1,30,,13119,20,,,1,70,,15186,20,,,1,30,,15201,20,,,1,70,,15193,20,,,1,30,,15198,20,,,1,70,,15200,20,,,1,30,,15191,20,,,1,70,,12953,20,,,1
20600,'10',1815,,16526,19,,,1,29,,16523,19,,,1,70,,16521,19,,,1,31,,16520,19,,,1,70,,12073,19,,,1,30,,11998,19,,,1,69,,16522,19,,,1,30,,16524,19,,,1,70,,13603,19,,,1,30,,16525,19,,,1
20600,'15',1815,,16532,19,,,1,29,,16528,19,,,1,70,,16530,19,,,1,31,,16527,19,,,1,70,,12126,19,,,1,30,,12016,19,,,1,69,,13146,19,,,1,30,,16529,19,,,1,70,,13612,19,,,1,30,,16531,19,,,1
20600,'7',744,,16547,19,,,1,70,,16535,19,,,1,30,,16550,19,,,1,70,,16548,19,,,1,30,,16538,19,,,1,70,,14174,19,,,1,30,,16534,19,,,1,71,,16551,19,,,1,29,,16536,19,,,1,70,,16549,19,,,1,30,,16552,19,,,1,70,,16542,19,,,1,30,,16543,19,,,1,71,,14427,19,,,1,29,,16553,19,,,1,70,,13787,19,,,1,30,,16546,19,,,1,70,,16537,19,,,1,30,,13774,19,,,1,70,,16541,19,,,1,30,,16540,19,,,1,70,,16533,19,,,1,31,,14488,19,,,1,69,,16539,19,,,1,30,,16544,19,,,1,70,,16545,19,,,1
20601,'10',1838,,16557,10,,,1,70,,16562,10,,,1,30,,16558,10,,,1,70,,16559,10,,,1,30,,16563,10,,,1,70,,16561,10,,,1,30,,16560,10,,,1,70,,16568,10,,,1,30,,16564,10,,,1,70,,16573,10,,,1
20601,'15',1838,,16577,10,,,1,70,,16581,10,,,1,30,,16592,10,,,1,70,,16578,10,,,1,30,,16582,10,,,1,70,,16580,10,,,1,30,,16579,10,,,1,70,,16587,10,,,1,30,,16584,10,,,1,70,,16593,10,,,1
20601,'7',708,,16594,10,,,1,30,,16605,10,,,1,70,,16618,10,,,1,30,,16636,10,,,1,70,,16640,10,,,1,30,,16643,10,,,1,70,,16641,10,,,1,30,,16595,10,,,1,70,,16609,10,,,1,30,,16607,10,,,1,70,,16598,10,,,1,30,,16603,10,,,1,70,,16637,10,,,1,30,,16634,10,,,1,70,,16606,10,,,1,30,,16633,10,,,1,70,,16599,10,,,1,30,,16630,10,,,1,70,,16624,10,,,1,30,,16626,10,,,1,70,,14408,10,,,1,30,,16629,10,,,1,70,,16615,10,,,1,30,,16622,10,,,1,70,,16604,10,,,1,30,,16623,10,,,1,70,,16610,10,,,1,30,,14014,10,,,1
