11200,'14',653,,5200,7,,,1,100,,5196,7,,,1,100,,179,7,,,1,100,,5194,7,,,1,100,,1448,7,,,1,100,,5198,7,,,1,100,,2335,7,,,1,100,,5201,7,,,1,102,,5197,7,,,1,98,,5199,7,,,1,100,,5195,7,,,1
11200,'18',653,,5211,7,,,1,100,,5204,7,,,1,100,,5209,7,,,1,100,,5202,7,,,1,100,,5207,7,,,1,100,,5208,7,,,1,100,,5205,7,,,1,100,,5212,7,,,1,102,,5206,7,,,1,98,,5210,7,,,1,100,,5203,7,,,1
11200,'20',653,,5215,7,,,1,100,,5218,7,,,1,100,,5221,7,,,1,100,,5214,7,,,1,100,,1411,7,,,1,100,,5217,7,,,1,100,,2259,7,,,1,100,,5220,7,,,1,102,,5216,7,,,1,98,,5219,7,,,1,100,,5213,7,,,1
11200,'8',653,,5225,7,,,1,100,,5229,7,,,1,100,,5232,7,,,1,100,,5224,7,,,1,100,,5227,7,,,1,100,,5228,7,,,1,100,,5223,7,,,1,100,,5231,7,,,1,102,,5226,7,,,1,98,,5230,7,,,1,100,,5222,7,,,1
20300,'11',737,,6213,14,,,1,70,,6203,14,,,1,30,,2599,14,,,1,70,,6204,14,,,1,30,,6214,14,,,1,70,,6208,14,,,1,30,,6218,14,,,1,70,,1827,14,,,1,30,,6216,14,,,1,70,,6211,14,,,1,30,,6205,14,,,1,70,,6200,14,,,1,30,,6209,14,,,1,70,,6199,14,,,1,30,,6215,14,,,1,70,,6212,14,,,1,30,,6198,14,,,1,70,,6197,14,,,1,30,,6195,14,,,1,70,,6210,14,,,1,30,,6202,14,,,1,70,,6201,14,,,1,30,,6206,14,,,1,70,,6207,14,,,1,30,,6217,14,,,1,70,,6196,14,,,1,30,,6194,14,,,1
20300,'14',1907,,6223,14,,,1,30,,6225,14,,,1,70,,6219,14,,,1,30,,6220,14,,,1,70,,2607,14,,,1,30,,6226,14,,,1,70,,6222,14,,,1,30,,6224,14,,,1,70,,6221,14,,,1
20300,'18',1907,,6231,14,,,1,30,,6234,14,,,1,70,,6227,14,,,1,30,,6228,14,,,1,70,,6232,14,,,1,30,,6235,14,,,1,70,,6230,14,,,1,30,,6233,14,,,1,70,,6229,14,,,1
20300,'20',1907,,6240,14,,,1,30,,6242,14,,,1,70,,6236,14,,,1,30,,6237,14,,,1,70,,2556,14,,,1,30,,6243,14,,,1,70,,6239,14,,,1,30,,6241,14,,,1,70,,6238,14,,,1
20300,'4',737,,6264,14,,,1,70,,6254,14,,,1,30,,6267,14,,,1,70,,6255,14,,,1,30,,6265,14,,,1,70,,6259,14,,,1,30,,6270,14,,,1,70,,6249,14,,,1,30,,6268,14,,,1,70,,6262,14,,,1,30,,6256,14,,,1,70,,6251,14,,,1,30,,6260,14,,,1,70,,6250,14,,,1,30,,6266,14,,,1,70,,6263,14,,,1,30,,6248,14,,,1,70,,6247,14,,,1,30,,6245,14,,,1,70,,6261,14,,,1,30,,6253,14,,,1,70,,6252,14,,,1,30,,6257,14,,,1,70,,6258,14,,,1,30,,6269,14,,,1,70,,6246,14,,,1,30,,6244,14,,,1
20300,'8',1907,,6275,14,,,1,30,,6278,14,,,1,70,,6271,14,,,1,30,,6272,14,,,1,70,,6276,14,,,1,30,,6279,14,,,1,70,,6274,14,,,1,30,,6277,14,,,1,70,,6273,14,,,1
