11600,'14',639,,5859,4,0,21 22,1,70,,5870,4,0,21 22,1,30,,5842,4,0,21 22,1,70,,5846,4,0,21 22,1,30,,5865,4,0,21 22,1,70,,5838,4,0,21 22,1,30,,402,4,0,21 22,1,70,,5862,4,0,21 22,1,30,,5866,4,0,21 22,1,70,,5874,4,0,21 22,1,30,,5849,4,0,21 22,1,70,,5878,4,0,21 22,1,30,,5850,4,0,21 22,1,70,,5871,4,0,21 22,1,30,,5847,4,0,21 22,1,70,,5844,4,0,21 22,1,30,,5869,4,0,21 22,1,70,,5863,4,0,21 22,1,30,,5854,4,0,21 22,1,70,,627,4,0,21 22,1,30,,5843,4,0,21 22,1,70,,5851,4,0,21 22,1,30,,5839,4,0,21 22,1
11600,'18',639,,5904,4,0,21 22,1,70,,5916,4,0,21 22,1,30,,5884,4,0,21 22,1,70,,5888,4,0,21 22,1,30,,5911,4,0,21 22,1,70,,5880,4,0,21 22,1,30,,5908,4,0,21 22,1,70,,5907,4,0,21 22,1,30,,5912,4,0,21 22,1,70,,5920,4,0,21 22,1,30,,5892,4,0,21 22,1,70,,5924,4,0,21 22,1,30,,5893,4,0,21 22,1,70,,5917,4,0,21 22,1,30,,5889,4,0,21 22,1,70,,5886,4,0,21 22,1,30,,5915,4,0,21 22,1,70,,5909,4,0,21 22,1,30,,5899,4,0,21 22,1,70,,5896,4,0,21 22,1,30,,5885,4,0,21 22,1,70,,5894,4,0,21 22,1,30,,5881,4,0,21 22,1
11600,'20',639,,5947,4,0,21 22,1,70,,5958,4,0,21 22,1,30,,5930,4,0,21 22,1,70,,5934,4,0,21 22,1,30,,5953,4,0,21 22,1,70,,5926,4,0,21 22,1,30,,352,4,0,21 22,1,70,,5950,4,0,21 22,1,30,,5954,4,0,21 22,1,70,,5962,4,0,21 22,1,30,,5937,4,0,21 22,1,70,,5966,4,0,21 22,1,30,,5938,4,0,21 22,1,70,,5959,4,0,21 22,1,30,,5935,4,0,21 22,1,70,,5932,4,0,21 22,1,30,,5957,4,0,21 22,1,70,,5951,4,0,21 22,1,30,,5942,4,0,21 22,1,70,,607,4,0,21 22,1,30,,5931,4,0,21 22,1,70,,5939,4,0,21 22,1,30,,5927,4,0,21 22,1
11600,'8',639,,5992,4,0,21 22,1,70,,6004,4,0,21 22,1,30,,5972,4,0,21 22,1,70,,5976,4,0,21 22,1,30,,5999,4,0,21 22,1,70,,5968,4,0,21 22,1,30,,5996,4,0,21 22,1,70,,5995,4,0,21 22,1,30,,6000,4,0,21 22,1,70,,6008,4,0,21 22,1,30,,5980,4,0,21 22,1,70,,6012,4,0,21 22,1,30,,5981,4,0,21 22,1,70,,6005,4,0,21 22,1,30,,5977,4,0,21 22,1,70,,5974,4,0,21 22,1,30,,6003,4,0,21 22,1,70,,5997,4,0,21 22,1,30,,5987,4,0,21 22,1,70,,5984,4,0,21 22,1,30,,5973,4,0,21 22,1,70,,5982,4,0,21 22,1,30,,5969,4,0,21 22,1
21600,'11',709,,7922,4,0,21 22,1,30,,7962,4,0,21 22,1,70,,7944,4,0,21 22,1,30,,7924,4,0,21 22,1,70,,7945,4,0,21 22,1,30,,7929,4,0,21 22,1,70,,7958,4,0,21 22,1,30,,7965,4,0,21 22,1,70,,7931,4,0,21 22,1,30,,7955,4,0,21 22,1,70,,7913,4,0,21 22,1,30,,1971,4,0,21 22,1,70,,7950,4,0,21 22,1,30,,7941,4,0,21 22,1,70,,7916,4,0,21 22,1,30,,7928,4,0,21 22,1,70,,7938,4,0,21 22,1,30,,7957,4,0,21 22,1,70,,7946,4,0,21 22,1,30,,7921,4,0,21 22,1,70,,7940,4,0,21 22,1,30,,7949,4,0,21 22,1,70,,7926,4,0,21 22,1,30,,7915,4,0,21 22,1,70,,7964,4,0,21 22,1,30,,7943,4,0,21 22,1,70,,7963,4,0,21 22,1,30,,7966,4,0,21 22,1,70,,7917,4,0,21 22,1
21600,'14',1809,,7992,4,0,21 22,1,30,,7976,4,0,21 22,1,70,,7977,4,0,21 22,1,30,,7985,4,0,21 22,1,70,,7984,4,0,21 22,1,30,,7981,4,0,21 22,1,70,,7974,4,0,21 22,1,30,,7988,4,0,21 22,1,70,,7982,4,0,21 22,1,30,,7986,4,0,21 22,1,70,,7975,4,0,21 22,1,30,,7979,4,0,21 22,1
21600,'18',1809,,8016,4,0,21 22,1,30,,7999,4,0,21 22,1,70,,8000,4,0,21 22,1,30,,8009,4,0,21 22,1,70,,8008,4,0,21 22,1,30,,8005,4,0,21 22,1,70,,7997,4,0,21 22,1,30,,8012,4,0,21 22,1,70,,8006,4,0,21 22,1,30,,8010,4,0,21 22,1,70,,7998,4,0,21 22,1,30,,8002,4,0,21 22,1
21600,'20',1809,,8040,4,0,21 22,1,30,,8023,4,0,21 22,1,70,,8024,4,0,21 22,1,30,,8033,4,0,21 22,1,70,,8032,4,0,21 22,1,30,,8029,4,0,21 22,1,70,,8021,4,0,21 22,1,30,,8036,4,0,21 22,1,70,,8030,4,0,21 22,1,30,,8034,4,0,21 22,1,70,,8022,4,0,21 22,1,30,,8026,4,0,21 22,1
21600,'4',709,,8050,4,0,21 22,1,30,,8091,4,0,21 22,1,70,,8072,4,0,21 22,1,30,,8052,4,0,21 22,1,70,,8073,4,0,21 22,1,30,,8057,4,0,21 22,1,70,,8087,4,0,21 22,1,30,,8094,4,0,21 22,1,70,,8059,4,0,21 22,1,30,,8084,4,0,21 22,1,70,,8041,4,0,21 22,1,30,,8074,4,0,21 22,1,70,,8079,4,0,21 22,1,30,,8069,4,0,21 22,1,70,,8044,4,0,21 22,1,30,,8056,4,0,21 22,1,70,,8066,4,0,21 22,1,30,,8086,4,0,21 22,1,70,,8075,4,0,21 22,1,30,,8049,4,0,21 22,1,70,,8068,4,0,21 22,1,30,,8078,4,0,21 22,1,70,,8054,4,0,21 22,1,30,,8043,4,0,21 22,1,70,,8093,4,0,21 22,1,30,,8071,4,0,21 22,1,70,,8092,4,0,21 22,1,30,,8095,4,0,21 22,1,70,,8045,4,0,21 22,1
21600,'8',1809,,8122,4,0,21 22,1,30,,8105,4,0,21 22,1,70,,8106,4,0,21 22,1,30,,8115,4,0,21 22,1,70,,8114,4,0,21 22,1,30,,8111,4,0,21 22,1,70,,8103,4,0,21 22,1,30,,8118,4,0,21 22,1,70,,8112,4,0,21 22,1,30,,8116,4,0,21 22,1,70,,8104,4,0,21 22,1,30,,8108,4,0,21 22,1
