10800,'12',706,,9468,11,,,1,30,,9461,11,,,1,70,,1519,11,,,1,30,,9459,11,,,1,70,,9454,11,,,1,30,,9445,11,,,1,100,,9467,11,,,1,100,,9450,11,,,1,100,,9457,11,,,1,100,,9465,11,,,1,100,,9463,11,,,1,70,,9452,11,,,1,30,,9446,11,,,1,70,,9443,11,,,1,30,,9447,11,,,1,70,,9451,11,,,1,30,,9453,11,,,1
10800,'5',706,,9491,11,,,1,30,,9497,11,,,1,70,,9479,11,,,1,30,,9495,11,,,1,70,,9470,11,,,1,30,,9477,11,,,1,100,,9502,11,,,1,100,,9484,11,,,1,100,,9492,11,,,1,100,,9501,11,,,1,100,,9499,11,,,1,70,,9486,11,,,1,30,,9478,11,,,1,70,,9475,11,,,1,30,,9480,11,,,1,70,,9485,11,,,1,30,,9487,11,,,1
10800,'9',706,,9524,11,,,1,30,,9528,11,,,1,70,,390,11,,,1,30,,9527,11,,,1,70,,9504,11,,,1,30,,9511,11,,,1,100,,9533,11,,,1,100,,9517,11,,,1,100,,9525,11,,,1,100,,9532,11,,,1,100,,9530,11,,,1,70,,9519,11,,,1,30,,9512,11,,,1,70,,9509,11,,,1,30,,9513,11,,,1,70,,9518,11,,,1,30,,9520,11,,,1
11401,'12',645,,10375,20,,,1,100,,10374,20,,,1,100,,10369,20,,,1,100,,10370,20,,,1,100,,10373,20,,,1,100,,10365,20,,,1,100,,10367,20,,,1,100,,10372,20,,,1,100,,10366,20,,,1,100,,10368,20,,,1,100,,10371,20,,,1,100,,6417,20,,,1
11401,'5',645,,10387,20,,,1,100,,10386,20,,,1,100,,10381,20,,,1,100,,10382,20,,,1,100,,10385,20,,,1,100,,10377,20,,,1,100,,10379,20,,,1,100,,10384,20,,,1,100,,10378,20,,,1,100,,10380,20,,,1,100,,10383,20,,,1,100,,10376,20,,,1
11401,'9',645,,10398,20,,,1,100,,10397,20,,,1,100,,10392,20,,,1,100,,10393,20,,,1,100,,10396,20,,,1,100,,10388,20,,,1,100,,10390,20,,,1,100,,10395,20,,,1,100,,10389,20,,,1,100,,10391,20,,,1,100,,10394,20,,,1,100,,6400,20,,,1
21401,'12',1846,,11727,26,,,1,100,,11730,26,,,1,100,,11728,26,,,1,100,,11731,26,,,1,100,,11729,26,,,1
21401,'5',1846,,11736,26,,,1,100,,11734,26,,,1,100,,11733,26,,,1,100,,11732,26,,,1,100,,11735,26,,,1
21401,'7',746,,11739,26,,,1,100,,11741,26,,,1,100,,11744,26,,,1,100,,11742,26,,,1,100,,11749,26,,,1,100,,11746,26,,,1,100,,11748,26,,,1,100,,11738,26,,,1,100,,11740,26,,,1,100,,11743,26,,,1,100,,11745,26,,,1,100,,11747,26,,,1,100,,11737,26,,,1
21401,'9',1846,,11751,26,,,1,100,,5663,26,,,1,100,,11752,26,,,1,100,,11753,26,,,1,100,,11750,26,,,1
