11400,'14',634,,5615,9,,,1,100,,5616,9,,,1,100,,5620,9,,,1,100,,5617,9,,,1,100,,5619,9,,,1,100,,5618,9,,,1,100,,5624,9,,,1,100,,5623,9,,,1,100,,5626,9,,,1,100,,5621,9,,,1,100,,5625,9,,,1,100,,5622,9,,,1
11400,'18',634,,5627,9,,,1,100,,5628,9,,,1,100,,5632,9,,,1,100,,5629,9,,,1,100,,5631,9,,,1,100,,5630,9,,,1,100,,5636,9,,,1,100,,5635,9,,,1,100,,5638,9,,,1,100,,5633,9,,,1,100,,5637,9,,,1,100,,5634,9,,,1
11400,'20',634,,5639,9,,,1,100,,5640,9,,,1,100,,5643,9,,,1,100,,5641,9,,,1,100,,5642,9,,,1,100,,1137,9,,,1,100,,5647,9,,,1,100,,5646,9,,,1,100,,5649,9,,,1,100,,5644,9,,,1,100,,5648,9,,,1,100,,5645,9,,,1
11400,'8',634,,5650,9,,,1,100,,5651,9,,,1,100,,5655,9,,,1,100,,5652,9,,,1,100,,5654,9,,,1,100,,5653,9,,,1,100,,5659,9,,,1,100,,5658,9,,,1,100,,5661,9,,,1,100,,5656,9,,,1,100,,5660,9,,,1,100,,5657,9,,,1
21400,'11',734,,7830,9,,,1,100,,7826,9,,,1,100,,7835,9,,,1,100,,7823,9,,,1,100,,7829,9,,,1,100,,7827,9,,,1,100,,7833,9,,,1,100,,7824,9,,,1,100,,7832,9,,,1,100,,7831,9,,,1,100,,7834,9,,,1,100,,7825,9,,,1,100,,7828,9,,,1
21400,'14',1834,,7839,9,,,1,100,,7836,9,,,1,100,,7840,9,,,1,100,,7838,9,,,1,100,,7837,9,,,1
21400,'18',1834,,7844,9,,,1,100,,7841,9,,,1,100,,7845,9,,,1,100,,7843,9,,,1,100,,7842,9,,,1
21400,'20',1834,,7848,9,,,1,100,,7847,9,,,1,100,,7846,9,,,1,100,,7849,9,,,1,100,,339,9,,,1
21400,'4',734,,7857,9,,,1,100,,7853,9,,,1,100,,7862,9,,,1,100,,7850,9,,,1,100,,7856,9,,,1,100,,7854,9,,,1,100,,7860,9,,,1,100,,7851,9,,,1,100,,7859,9,,,1,100,,7858,9,,,1,100,,7861,9,,,1,100,,7852,9,,,1,100,,7855,9,,,1
21400,'8',1834,,7866,9,,,1,100,,7865,9,,,1,100,,7863,9,,,1,100,,7867,9,,,1,100,,7864,9,,,1
