11401,'14',638,,5669,5,,,1,100,,5671,5,,,1,100,,5668,5,,,1,100,,5665,5,,,1,100,,5670,5,,,1,100,,1845,5,,,1,100,,5666,5,,,1,100,,5664,5,,,1,100,,5663,5,,,1,100,,5667,5,,,1,100,,5672,5,,,1,100,,5662,5,,,1
11401,'18',638,,5681,5,,,1,100,,5683,5,,,1,100,,5680,5,,,1,100,,5677,5,,,1,100,,5682,5,,,1,100,,5673,5,,,1,100,,5678,5,,,1,100,,5676,5,,,1,100,,5675,5,,,1,100,,5679,5,,,1,100,,5684,5,,,1,100,,5674,5,,,1
11401,'20',638,,5692,5,,,1,100,,5694,5,,,1,100,,5691,5,,,1,100,,5688,5,,,1,100,,5693,5,,,1,100,,1806,5,,,1,100,,5689,5,,,1,100,,5687,5,,,1,100,,5686,5,,,1,100,,5690,5,,,1,100,,5695,5,,,1,100,,5685,5,,,1
11401,'8',638,,5704,5,,,1,100,,5706,5,,,1,100,,5703,5,,,1,100,,5700,5,,,1,100,,5705,5,,,1,100,,5696,5,,,1,100,,5701,5,,,1,100,,5699,5,,,1,100,,5698,5,,,1,100,,5702,5,,,1,100,,5707,5,,,1,100,,5697,5,,,1
21401,'11',742,,7872,16,,,1,100,,7880,16,,,1,100,,7876,16,,,1,100,,7871,16,,,1,100,,7873,16,,,1,100,,7879,16,,,1,100,,7878,16,,,1,100,,7869,16,,,1,100,,7875,16,,,1,100,,7868,16,,,1,100,,7877,16,,,1,100,,7874,16,,,1,100,,7870,16,,,1
21401,'14',1842,,7885,16,,,1,100,,7883,16,,,1,100,,7881,16,,,1,100,,7884,16,,,1,100,,7882,16,,,1
21401,'18',1842,,7890,16,,,1,100,,7888,16,,,1,100,,7886,16,,,1,100,,7889,16,,,1,100,,7887,16,,,1
21401,'20',1842,,7893,16,,,1,100,,81,16,,,1,100,,7891,16,,,1,100,,7892,16,,,1,100,,7894,16,,,1
21401,'4',742,,7899,16,,,1,100,,7907,16,,,1,100,,7903,16,,,1,100,,7898,16,,,1,100,,7900,16,,,1,100,,7906,16,,,1,100,,7905,16,,,1,100,,7896,16,,,1,100,,7902,16,,,1,100,,7895,16,,,1,100,,7904,16,,,1,100,,7901,16,,,1,100,,7897,16,,,1
21401,'8',1842,,7911,16,,,1,100,,7909,16,,,1,100,,7908,16,,,1,100,,7910,16,,,1,100,,7912,16,,,1
