11100,'14',604,,5007,6,,,1,30,,5010,6,,,1,70,,5017,6,,,1,30,,5016,6,,,1,70,,765,6,,,1,30,,5018,6,,,1,70,,5024,6,,,1,30,,1287,6,,,1,70,,5020,6,,,1,30,,5014,6,,,1,70,,5019,6,,,1,30,,5005,6,,,1,70,,5004,6,,,1,30,,5003,6,,,1,70,,5013,6,,,1,30,,5023,6,,,1,70,,5021,6,,,1,30,,5008,6,,,1,70,,5009,6,,,1,30,,5015,6,,,1,70,,5006,6,,,1,30,,5002,6,,,1,70,,5022,6,,,1,30,,5012,6,,,1,70,,5011,6,,,1,30,,1286,6,,,1
11100,'18',604,,5030,6,,,1,30,,5033,6,,,1,70,,5041,6,,,1,30,,5040,6,,,1,70,,5039,6,,,1,30,,5044,6,,,1,70,,5050,6,,,1,30,,5043,6,,,1,70,,5046,6,,,1,30,,5037,6,,,1,70,,5045,6,,,1,30,,5028,6,,,1,70,,5027,6,,,1,30,,5026,6,,,1,70,,5036,6,,,1,30,,5049,6,,,1,70,,5047,6,,,1,30,,5031,6,,,1,70,,5032,6,,,1,30,,5038,6,,,1,70,,5029,6,,,1,30,,5025,6,,,1,70,,5048,6,,,1,30,,5035,6,,,1,70,,5034,6,,,1,30,,5042,6,,,1
11100,'20',604,,5059,6,,,1,30,,5062,6,,,1,70,,5067,6,,,1,30,,5065,6,,,1,70,,705,6,,,1,30,,5068,6,,,1,70,,5074,6,,,1,30,,1269,6,,,1,70,,5070,6,,,1,30,,5063,6,,,1,70,,5069,6,,,1,30,,5054,6,,,1,70,,5056,6,,,1,30,,5051,6,,,1,70,,5064,6,,,1,30,,5073,6,,,1,70,,5058,6,,,1,30,,5060,6,,,1,70,,5066,6,,,1,30,,5052,6,,,1,70,,5057,6,,,1,30,,5055,6,,,1,70,,5061,6,,,1,30,,5072,6,,,1,70,,5053,6,,,1,30,,5071,6,,,1
11100,'8',604,,5083,6,,,1,30,,5086,6,,,1,70,,5092,6,,,1,30,,5090,6,,,1,70,,5089,6,,,1,30,,5094,6,,,1,70,,5100,6,,,1,30,,5093,6,,,1,70,,5096,6,,,1,30,,5087,6,,,1,70,,5095,6,,,1,30,,5078,6,,,1,70,,5080,6,,,1,30,,5075,6,,,1,70,,5088,6,,,1,30,,5099,6,,,1,70,,5082,6,,,1,30,,5084,6,,,1,70,,5091,6,,,1,30,,5076,6,,,1,70,,5081,6,,,1,30,,5079,6,,,1,70,,5085,6,,,1,30,,5098,6,,,1,70,,5077,6,,,1,30,,5097,6,,,1
21100,'11',734,,7493,6,,,1,70,,7506,6,,,1,30,,7489,6,,,1,70,,7508,6,,,1,30,,7492,6,,,1,70,,7491,6,,,1,30,,7501,6,,,1,70,,7496,6,,,1,30,,7512,6,,,1,70,,2503,6,,,1,30,,7490,6,,,1,70,,7504,6,,,1,30,,7495,6,,,1,70,,7503,6,,,1,30,,7499,6,,,1,70,,7505,6,,,1,30,,7502,6,,,1,70,,7497,6,,,1,30,,7507,6,,,1,70,,7509,6,,,1,30,,7511,6,,,1,70,,2362,6,,,1,30,,7500,6,,,1,70,,7494,6,,,1,30,,7510,6,,,1,70,,7498,6,,,1,30,,7488,6,,,1
21100,'14',1904,,7515,6,,,1,30,,7521,6,,,1,70,,7514,6,,,1,30,,7513,6,,,1,70,,7517,6,,,1,30,,7520,6,,,1,70,,7518,6,,,1,30,,7516,6,,,1,70,,7519,6,,,1
21100,'18',1904,,7524,6,,,1,30,,7530,6,,,1,70,,7523,6,,,1,30,,7522,6,,,1,70,,7526,6,,,1,30,,7529,6,,,1,70,,7527,6,,,1,30,,7525,6,,,1,70,,7528,6,,,1
21100,'20',1904,,7538,6,,,1,30,,7539,6,,,1,70,,7532,6,,,1,30,,7531,6,,,1,70,,7534,6,,,1,30,,7537,6,,,1,70,,7535,6,,,1,30,,7533,6,,,1,70,,7536,6,,,1
21100,'4',734,,7546,6,,,1,70,,7560,6,,,1,30,,7541,6,,,1,70,,7562,6,,,1,30,,7545,6,,,1,70,,7544,6,,,1,30,,7555,6,,,1,70,,7549,6,,,1,30,,7566,6,,,1,70,,7553,6,,,1,30,,7542,6,,,1,70,,7558,6,,,1,30,,7548,6,,,1,70,,7557,6,,,1,30,,7552,6,,,1,70,,7559,6,,,1,30,,7556,6,,,1,70,,7550,6,,,1,30,,7561,6,,,1,70,,7563,6,,,1,30,,7565,6,,,1,70,,7543,6,,,1,30,,7554,6,,,1,70,,7547,6,,,1,30,,7564,6,,,1,70,,7551,6,,,1,30,,7540,6,,,1
21100,'8',1904,,7574,6,,,1,30,,7575,6,,,1,70,,7568,6,,,1,30,,7567,6,,,1,70,,7570,6,,,1,30,,7573,6,,,1,70,,7571,6,,,1,30,,7569,6,,,1,70,,7572,6,,,1
