10501,'14',630,,3819,11,0,14 15 16,1,100,,3820,11,0,14 15 16,1,70,,3828,11,0,14 15 16,1,30,,3816,11,0,14 15 16,1,70,,3798,11,0,14 15 16,1,30,,3806,11,0,14 15 16,1,70,,3826,11,0,14 15 16,1,30,,3812,11,0,14 15 16,1,100,,3796,11,0,14 15 16,1,100,,3811,11,0,14 15 16,1,100,,3814,11,0,14 15 16,1,100,,3794,11,0,14 15 16,1,100,,3813,11,0,14 15 16,1,70,,3823,11,0,14 15 16,1,30,,3822,11,0,14 15 16,1,70,,3821,11,0,14 15 16,1,30,,3818,11,0,14 15 16,1,70,,3829,11,0,14 15 16,1,30,,3825,11,0,14 15 16,1
10501,'18',630,,3857,11,0,14 15 16,1,100,,3858,11,0,14 15 16,1,70,,3866,11,0,14 15 16,1,30,,3854,11,0,14 15 16,1,70,,3834,11,0,14 15 16,1,30,,3843,11,0,14 15 16,1,70,,3864,11,0,14 15 16,1,30,,3849,11,0,14 15 16,1,100,,3832,11,0,14 15 16,1,100,,3848,11,0,14 15 16,1,100,,3852,11,0,14 15 16,1,100,,3830,11,0,14 15 16,1,100,,3850,11,0,14 15 16,1,70,,3861,11,0,14 15 16,1,30,,3860,11,0,14 15 16,1,70,,3859,11,0,14 15 16,1,30,,3856,11,0,14 15 16,1,70,,3867,11,0,14 15 16,1,30,,3863,11,0,14 15 16,1
10501,'20',630,,3893,11,0,14 15 16,1,100,,3894,11,0,14 15 16,1,70,,3902,11,0,14 15 16,1,30,,3890,11,0,14 15 16,1,70,,3872,11,0,14 15 16,1,30,,3880,11,0,14 15 16,1,70,,3900,11,0,14 15 16,1,30,,3886,11,0,14 15 16,1,100,,3870,11,0,14 15 16,1,100,,3885,11,0,14 15 16,1,100,,3888,11,0,14 15 16,1,100,,3868,11,0,14 15 16,1,100,,3887,11,0,14 15 16,1,70,,3897,11,0,14 15 16,1,30,,3896,11,0,14 15 16,1,70,,3895,11,0,14 15 16,1,30,,3892,11,0,14 15 16,1,70,,3903,11,0,14 15 16,1,30,,3899,11,0,14 15 16,1
10501,'8',630,,3931,11,0,14 15 16,1,100,,3932,11,0,14 15 16,1,70,,3940,11,0,14 15 16,1,30,,3928,11,0,14 15 16,1,70,,3908,11,0,14 15 16,1,30,,3917,11,0,14 15 16,1,70,,3938,11,0,14 15 16,1,30,,3923,11,0,14 15 16,1,100,,3906,11,0,14 15 16,1,100,,3922,11,0,14 15 16,1,100,,3926,11,0,14 15 16,1,100,,3904,11,0,14 15 16,1,100,,3924,11,0,14 15 16,1,70,,3935,11,0,14 15 16,1,30,,3934,11,0,14 15 16,1,70,,3933,11,0,14 15 16,1,30,,3930,11,0,14 15 16,1,70,,3941,11,0,14 15 16,1,30,,3937,11,0,14 15 16,1
20501,'11',729,,6751,11,,,1,100,,6752,11,,,1,100,,6738,11,,,1,100,,2515,11,,,1,100,,6753,11,,,1,100,,6750,11,,,1,100,,6740,11,,,1,100,,6748,11,,,1,100,,6730,11,,,1,100,,6735,11,,,1,100,,6734,11,,,1,100,,6732,11,,,1,100,,6742,11,,,1,100,,6747,11,,,1
20501,'14',1929,,6756,11,,,1,100,,6762,11,,,1,100,,6755,11,,,1,100,,6760,11,,,1
20501,'18',1929,,6764,11,,,1,100,,6770,11,,,1,100,,6763,11,,,1,100,,6768,11,,,1
20501,'20',1929,,6772,11,,,1,100,,6778,11,,,1,100,,6771,11,,,1,100,,6776,11,,,1
20501,'4',729,,6803,11,,,1,100,,6804,11,,,1,100,,6789,11,,,1,100,,6796,11,,,1,100,,6805,11,,,1,100,,6802,11,,,1,100,,6791,11,,,1,100,,6800,11,,,1,100,,6780,11,,,1,100,,6786,11,,,1,100,,6785,11,,,1,100,,6783,11,,,1,100,,6793,11,,,1,100,,6799,11,,,1
20501,'8',1929,,6808,11,,,1,100,,6814,11,,,1,100,,6807,11,,,1,100,,6812,11,,,1
