11300,'14',635,,5334,23,,,1,100,,5322,23,,,1,100,,5344,23,,,1,100,,5319,23,,,1,100,,5320,23,,,1,100,,5316,23,,,1,100,,5324,23,,,1,100,,5338,23,,,1,100,,390,23,,,1,100,,5343,23,,,1,100,,5317,23,,,1,100,,5331,23,,,1,100,,5347,23,,,1
11300,'18',635,,5372,23,,,1,100,,5357,23,,,1,100,,5383,23,,,1,100,,5354,23,,,1,100,,5355,23,,,1,100,,5350,23,,,1,100,,5359,23,,,1,100,,5377,23,,,1,100,,5367,23,,,1,100,,5382,23,,,1,100,,5351,23,,,1,100,,5368,23,,,1,100,,5386,23,,,1
11300,'20',635,,5401,23,,,1,100,,5394,23,,,1,100,,5415,23,,,1,100,,5391,23,,,1,100,,5392,23,,,1,100,,5389,23,,,1,100,,1908,23,,,1,100,,5409,23,,,1,100,,5407,23,,,1,100,,5400,23,,,1,100,,5405,23,,,1,100,,5404,23,,,1,100,,2442,23,,,1
11300,'8',635,,5436,23,,,1,100,,5425,23,,,1,100,,5454,23,,,1,100,,5422,23,,,1,100,,5423,23,,,1,100,,5420,23,,,1,100,,5431,23,,,1,100,,5447,23,,,1,100,,5444,23,,,1,100,,5434,23,,,1,100,,5442,23,,,1,100,,5440,23,,,1,100,,5429,23,,,1
21300,'11',734,,1839,23,,,1,100,,7664,23,,,1,100,,7674,23,,,1,100,,7672,23,,,1,100,,7668,23,,,1,100,,7666,23,,,1,100,,7667,23,,,1,100,,7669,23,,,1,100,,7663,23,,,1,100,,7673,23,,,1,100,,7671,23,,,1,100,,7665,23,,,1,100,,7670,23,,,1
21300,'14',1934,,7676,23,,,1,100,,7677,23,,,1,100,,7675,23,,,1,100,,2747,23,,,1
21300,'18',1934,,7680,23,,,1,100,,7681,23,,,1,100,,7679,23,,,1,100,,7678,23,,,1
21300,'20',1934,,7683,23,,,1,100,,7684,23,,,1,100,,7682,23,,,1,100,,2665,23,,,1
21300,'4',734,,7688,23,,,1,100,,7686,23,,,1,100,,7697,23,,,1,100,,7695,23,,,1,100,,7691,23,,,1,100,,7689,23,,,1,100,,7690,23,,,1,100,,7692,23,,,1,100,,7685,23,,,1,100,,7696,23,,,1,100,,7694,23,,,1,100,,7687,23,,,1,100,,7693,23,,,1
21300,'8',1934,,7700,23,,,1,100,,7701,23,,,1,100,,7699,23,,,1,100,,7698,23,,,1
