11201,'14',724,,5238,18,0,14 15 16,1,100,,5237,18,0,14 15 16,1,100,,5242,18,0,14 15 16,1,100,,5233,18,0,14 15 16,1,100,,2656,18,0,14 15 16,1,100,,5243,18,0,14 15 16,1,100,,5234,18,0,14 15 16,1,100,,5235,18,0,14 15 16,1,100,,5248,18,0,14 15 16,1,100,,5239,18,0,14 15 16,1,100,,5244,18,0,14 15 16,1
11201,'18',724,,5259,18,0,14 15 16,1,100,,5258,18,0,14 15 16,1,100,,5263,18,0,14 15 16,1,100,,5251,18,0,14 15 16,1,100,,5252,18,0,14 15 16,1,100,,5264,18,0,14 15 16,1,100,,5253,18,0,14 15 16,1,100,,5254,18,0,14 15 16,1,100,,5270,18,0,14 15 16,1,100,,5260,18,0,14 15 16,1,100,,5265,18,0,14 15 16,1
11201,'20',724,,5290,18,0,14 15 16,1,100,,5274,18,0,14 15 16,1,100,,5292,18,0,14 15 16,1,100,,5273,18,0,14 15 16,1,100,,5275,18,0,14 15 16,1,100,,5283,18,0,14 15 16,1,100,,5276,18,0,14 15 16,1,100,,5277,18,0,14 15 16,1,100,,5287,18,0,14 15 16,1,100,,5279,18,0,14 15 16,1,100,,5284,18,0,14 15 16,1
11201,'8',724,,5312,18,0,14 15 16,1,100,,5294,18,0,14 15 16,1,100,,5314,18,0,14 15 16,1,100,,5293,18,0,14 15 16,1,100,,5295,18,0,14 15 16,1,100,,5304,18,0,14 15 16,1,100,,5296,18,0,14 15 16,1,100,,5297,18,0,14 15 16,1,100,,5309,18,0,14 15 16,1,100,,5300,18,0,14 15 16,1,100,,5305,18,0,14 15 16,1
20600,'11',740,,6836,12,,,1,70,,6823,12,,,1,30,,6840,12,,,1,70,,6839,12,,,1,30,,6820,12,,,1,70,,6821,12,,,1,30,,6835,12,,,1,71,,6816,12,,,1,29,,6830,12,,,1,70,,6818,12,,,1,30,,6815,12,,,1,70,,6826,12,,,1,30,,6831,12,,,1,71,,6838,12,,,1,29,,6827,12,,,1,70,,6833,12,,,1,30,,6817,12,,,1,70,,6819,12,,,1,30,,6832,12,,,1,70,,6828,12,,,1,30,,6824,12,,,1,70,,6837,12,,,1,31,,6822,12,,,1,69,,6834,12,,,1,30,,6829,12,,,1,70,,6825,12,,,1
20600,'14',1811,,6841,12,,,1,29,,6848,12,,,1,70,,6846,12,,,1,31,,6842,12,,,1,70,,6849,12,,,1,30,,6844,12,,,1,69,,6847,12,,,1,30,,477,12,,,1,70,,6845,12,,,1,30,,6843,12,,,1
20600,'18',1811,,6850,12,,,1,29,,6858,12,,,1,70,,6856,12,,,1,31,,6851,12,,,1,70,,6859,12,,,1,30,,6853,12,,,1,69,,6857,12,,,1,30,,6855,12,,,1,70,,6854,12,,,1,30,,6852,12,,,1
20600,'20',1811,,6860,12,,,1,29,,6867,12,,,1,70,,6865,12,,,1,31,,6861,12,,,1,70,,6868,12,,,1,30,,6863,12,,,1,69,,6866,12,,,1,30,,439,12,,,1,70,,6864,12,,,1,30,,6862,12,,,1
20600,'4',740,,6890,12,,,1,70,,6877,12,,,1,30,,6894,12,,,1,70,,6893,12,,,1,30,,6874,12,,,1,70,,6875,12,,,1,30,,6889,12,,,1,71,,6870,12,,,1,29,,6884,12,,,1,70,,6872,12,,,1,30,,6869,12,,,1,70,,6880,12,,,1,30,,6885,12,,,1,71,,6892,12,,,1,29,,6881,12,,,1,70,,6887,12,,,1,30,,6871,12,,,1,70,,6873,12,,,1,30,,6886,12,,,1,70,,6882,12,,,1,30,,6878,12,,,1,70,,6891,12,,,1,31,,6876,12,,,1,69,,6888,12,,,1,30,,6883,12,,,1,70,,6879,12,,,1
20600,'8',1811,,6895,12,,,1,29,,6903,12,,,1,70,,6901,12,,,1,31,,6896,12,,,1,70,,6904,12,,,1,30,,6898,12,,,1,69,,6902,12,,,1,30,,6900,12,,,1,70,,6899,12,,,1,30,,6897,12,,,1
