10600,'10',653,,12513,20,4,,1,100,,12520,20,4,,1,70,,12515,20,4,,1,30,,9816,20,4,,1,70,,12522,20,4,,1,30,,12508,20,4,,1,100,,12519,20,4,,1,100,,12521,20,4,,1,100,,12509,20,4,,1,100,,12511,20,4,,1,100,,12516,20,4,,1,70,,12517,20,4,,1,30,,12510,20,4,,1,70,,12518,20,4,,1,33,,12514,20,4,,1,67,,12507,20,4,,1,32,,12512,20,4,,1
10600,'13',653,,12529,20,4,,1,100,,12536,20,4,,1,70,,12531,20,4,,1,30,,9770,20,4,,1,70,,12538,20,4,,1,30,,12524,20,4,,1,100,,12535,20,4,,1,100,,12537,20,4,,1,100,,12525,20,4,,1,100,,12527,20,4,,1,100,,12532,20,4,,1,70,,12533,20,4,,1,30,,12526,20,4,,1,70,,12534,20,4,,1,33,,12530,20,4,,1,67,,12523,20,4,,1,32,,12528,20,4,,1
10601,'10',556,,12554,1,,,1,100,,12543,1,,,1,70,,12549,1,,,1,30,,12557,1,,,1,70,,12541,1,,,1,30,,12555,1,,,1,70,,12542,1,0,17,1,30,,12546,1,,,1,100,,12544,1,,,1,100,,12552,1,,,1,100,,12553,1,,,1,100,,12539,1,,,1,70,,12556,1,,,1,30,,12548,1,,,1,70,,12558,1,,,1,30,,12540,1,,,1,70,,12547,1,,,1,30,,12551,1,,,1,70,,12545,1,,,1,30,,12550,1,,,1
10601,'13',556,,12574,1,,,1,100,,12563,1,,,1,70,,12569,1,,,1,30,,12577,1,,,1,70,,12561,1,,,1,30,,12575,1,,,1,70,,12562,1,0,17,1,30,,12566,1,,,1,100,,12564,1,,,1,100,,12572,1,,,1,100,,12573,1,,,1,100,,12559,1,,,1,70,,12576,1,,,1,30,,12568,1,,,1,70,,12578,1,,,1,30,,12560,1,,,1,70,,12567,1,,,1,30,,12571,1,,,1,70,,12565,1,,,1,30,,12570,1,,,1
11200,'10',704,,13113,27,,,1,100,,13106,27,,,1,100,,9159,27,,,1,100,,13112,27,,,1,100,,13114,27,,,1,100,,13111,27,,,1,100,,13110,27,,,1,100,,13108,27,,,1,102,,13115,27,,,1,98,,13107,27,,,1,100,,13109,27,,,1
11200,'13',704,,13126,27,,,1,100,,13119,27,,,1,100,,13117,27,,,1,100,,13116,27,,,1,100,,13124,27,,,1,100,,13123,27,,,1,100,,13122,27,,,1,100,,13120,27,,,1,102,,13125,27,,,1,98,,13118,27,,,1,100,,13121,27,,,1
20600,'10',1822,,13906,25,4,,1,29,,13905,25,4,,1,71,,13899,25,4,,1,31,,13900,25,4,,1,70,,9397,25,4,,1,30,,13898,25,4,,1,69,,13903,25,4,,1,30,,13902,25,4,,1,70,,13904,25,4,,1,30,,13901,25,4,,1
20600,'13',1822,,13915,25,4,,1,29,,13914,25,4,,1,71,,13912,25,4,,1,31,,13908,25,4,,1,70,,9284,25,4,,1,30,,13907,25,4,,1,69,,13911,25,4,,1,30,,13910,25,4,,1,70,,13913,25,4,,1,30,,13909,25,4,,1
20600,'7',751,,13938,25,4,,1,70,,13921,25,4,,1,30,,13920,25,4,,1,70,,13941,25,4,,1,30,,13928,25,4,,1,70,,13919,25,4,,1,30,,13923,25,4,,1,71,,13929,25,4,,1,29,,13934,25,4,,1,70,,13927,25,4,,1,30,,13925,25,4,,1,70,,13926,25,4,,1,30,,13937,25,4,,1,71,,13936,25,4,,1,29,,13932,25,4,,1,70,,13924,25,4,,1,30,,13933,25,4,,1,70,,13940,25,4,,1,30,,13917,25,4,,1,70,,13931,25,4,,1,30,,13939,25,4,,1,70,,13918,25,4,,1,31,,13916,25,4,,1,70,,13935,25,4,,1,30,,13922,25,4,,1,70,,13930,25,4,,1
20601,'10',1823,,13961,1,,,1,30,,13943,1,,,1,70,,13944,1,,,1,30,,13950,1,,,1,70,,13956,1,,,1,30,,13954,1,,,1,70,,13953,1,,,1,30,,13958,1,,,1,70,,13957,1,,,1,30,,13947,1,,,1
20601,'13',1823,,13979,1,,,1,30,,13963,1,,,1,70,,13964,1,,,1,30,,13970,1,,,1,70,,13976,1,,,1,30,,13974,1,,,1,70,,13973,1,,,1,30,,13977,1,,,1,70,,9466,1,,,1,30,,13967,1,,,1
20601,'7',653,,14010,1,,,1,70,,13986,1,,,1,30,,13983,1,,,1,70,,14031,1,,,1,30,,13987,1,,,1,70,,13990,1,,,1,30,,14005,1,,,1,70,,14004,1,,,1,30,,14001,1,,,1,70,,13984,1,,,1,30,,14013,1,,,1,70,,14027,1,,,1,30,,14007,1,,,1,70,,13998,1,,,1,30,,14030,1,,,1,70,,13993,1,,,1,30,,14024,1,,,1,70,,14011,1,,,1,30,,14015,1,,,1,70,,14029,1,,,1,30,,14006,1,,,1,70,,14032,1,,,1,30,,14018,1,,,1,70,,11623,1,,,1,30,,14028,1,,,1,70,,14019,1,,,1,30,,13992,1,,,1,70,,14023,1,,,1
