10600,'10',644,,12513,13,,,1,100,,12520,13,,,1,70,,12515,13,,,1,30,,9816,13,,,1,70,,12522,13,,,1,30,,12508,13,,,1,100,,12519,13,,,1,100,,12521,13,,,1,100,,12509,13,,,1,100,,12511,13,,,1,100,,12516,13,,,1,70,,12517,13,,,1,30,,12510,13,,,1,70,,12518,13,,,1,31,,12514,13,,,1,69,,12507,13,,,1,32,,12512,13,,,1
10600,'13',644,,12529,13,,,1,100,,12536,13,,,1,70,,12531,13,,,1,30,,9770,13,,,1,70,,12538,13,,,1,30,,12524,13,,,1,100,,12535,13,,,1,100,,12537,13,,,1,100,,12525,13,,,1,100,,12527,13,,,1,100,,12532,13,,,1,70,,12533,13,,,1,30,,12526,13,,,1,70,,12534,13,,,1,31,,12530,13,,,1,69,,12523,13,,,1,32,,12528,13,,,1
10601,'10',608,,12554,19,,,1,100,,12543,19,,,1,30,,12549,19,,,1,70,,12557,19,,,1,30,,12541,19,,,1,70,,12555,19,,,1,100,,12546,19,,,1,100,,12544,19,,,1,100,,12552,19,,,1,100,,12553,19,,,1,100,,12539,19,,,1,30,,12556,19,,,1,70,,12548,19,,,1,30,,12558,19,,,1,70,,12540,19,,,1,30,,12547,19,,,1,70,,12551,19,,,1,30,,12545,19,,,1,70,,12550,19,,,1
10601,'13',608,,12574,19,,,1,100,,12563,19,,,1,30,,12569,19,,,1,70,,12577,19,,,1,30,,12561,19,,,1,70,,12575,19,,,1,100,,12566,19,,,1,100,,12564,19,,,1,100,,12572,19,,,1,100,,12573,19,,,1,100,,12559,19,,,1,30,,12576,19,,,1,70,,12568,19,,,1,30,,12578,19,,,1,70,,12560,19,,,1,30,,12567,19,,,1,70,,12571,19,,,1,30,,12565,19,,,1,70,,12570,19,,,1
20600,'10',1814,,13906,18,,,1,29,,13905,18,,,1,70,,13899,18,,,1,31,,13900,18,,,1,70,,9397,18,,,1,30,,13898,18,,,1,69,,13903,18,,,1,30,,13902,18,,,1,70,,13904,18,,,1,30,,13901,18,,,1
20600,'13',1814,,13915,18,,,1,29,,13914,18,,,1,70,,13912,18,,,1,31,,13908,18,,,1,70,,9284,18,,,1,30,,13907,18,,,1,69,,13911,18,,,1,30,,13910,18,,,1,70,,13913,18,,,1,30,,13909,18,,,1
20600,'7',743,,13938,18,,,1,70,,13921,18,,,1,30,,13920,18,,,1,70,,13941,18,,,1,30,,13928,18,,,1,70,,13919,18,,,1,30,,13923,18,,,1,71,,13929,18,,,1,29,,13934,18,,,1,70,,13927,18,,,1,30,,13925,18,,,1,70,,13926,18,,,1,30,,13937,18,,,1,71,,13936,18,,,1,29,,13932,18,,,1,70,,13924,18,,,1,30,,13933,18,,,1,70,,13940,18,,,1,30,,13917,18,,,1,70,,13931,18,,,1,30,,13939,18,,,1,70,,13918,18,,,1,31,,13916,18,,,1,69,,13935,18,,,1,30,,13922,18,,,1,70,,13930,18,,,1
20601,'10',1837,,13952,9,,,1,70,,13948,9,,,1,30,,13960,9,,,1,70,,13959,9,,,1,30,,13951,9,,,1,70,,13949,9,,,1,30,,13942,9,,,1,70,,13955,9,,,1,30,,13946,9,,,1,70,,13945,9,,,1
20601,'13',1837,,13972,9,,,1,70,,13968,9,,,1,30,,10407,9,,,1,70,,13978,9,,,1,30,,13971,9,,,1,70,,13969,9,,,1,30,,13962,9,,,1,70,,13975,9,,,1,30,,13966,9,,,1,70,,13965,9,,,1
20601,'7',707,,13994,9,,,1,30,,14020,9,,,1,70,,14014,9,,,1,30,,14026,9,,,1,70,,13989,9,,,1,30,,11941,9,,,1,70,,13995,9,,,1,30,,14022,9,,,1,70,,14009,9,,,1,30,,14017,9,,,1,70,,14012,9,,,1,30,,13982,9,,,1,70,,13981,9,,,1,30,,14008,9,,,1,70,,13991,9,,,1,30,,11217,9,,,1,70,,13985,9,,,1,30,,13999,9,,,1,70,,14025,9,,,1,30,,13980,9,,,1,70,,13996,9,,,1,30,,14021,9,,,1,70,,14016,9,,,1,30,,14003,9,,,1,70,,14002,9,,,1,30,,13988,9,,,1,70,,13997,9,,,1,30,,14000,9,,,1
