10800,'10',700,,12735,2,,,1,30,,12750,2,,,1,70,,12754,2,,,1,30,,12744,2,,,1,70,,12741,2,,,1,30,,12743,2,,,1,100,,12731,2,,,1,100,,12726,2,,,1,100,,12745,2,,,1,100,,12734,2,,,1,100,,12724,2,,,1,70,,12738,2,,,1,30,,12746,2,,,1,70,,12728,2,,,1,30,,12753,2,,,1,70,,12749,2,,,1,30,,12733,2,,,1
10800,'13',700,,12768,2,,,1,30,,12782,2,,,1,70,,12765,2,,,1,30,,12777,2,,,1,70,,12775,2,,,1,30,,12776,2,,,1,100,,12764,2,,,1,100,,12759,2,,,1,100,,12778,2,,,1,100,,12767,2,,,1,100,,12757,2,,,1,70,,12771,2,,,1,30,,12779,2,,,1,70,,12761,2,,,1,30,,12785,2,,,1,70,,12780,2,,,1,30,,12766,2,,,1
10900,'10',703,,12822,2,,,1,100,,12824,2,,,1,100,,12821,2,,,1,100,,12829,2,,,1,100,,12826,2,,,1,100,,12825,2,,,1,100,,12828,2,,,1,100,,12820,2,,,1,100,,12830,2,,,1,100,,12827,2,,,1,100,,12823,2,,,1,100,,10360,2,,,1
10900,'13',703,,12833,2,,,1,100,,12835,2,,,1,100,,12832,2,,,1,100,,12839,2,,,1,100,,12836,2,,,1,100,,10235,2,,,1,100,,12838,2,,,1,100,,12831,2,,,1,100,,12840,2,,,1,100,,12837,2,,,1,100,,12834,2,,,1,100,,10338,2,,,1
11400,'10',630,,13319,2,,,1,100,,13315,2,,,1,100,,13323,2,,,1,100,,13321,2,,,1,100,,13320,2,,,1,100,,13324,2,,,1,100,,13317,2,,,1,100,,10389,2,,,1,100,,13318,2,,,1,100,,9713,2,,,1,100,,13316,2,,,1,100,,13322,2,,,1
11400,'13',630,,13329,2,,,1,100,,13325,2,,,1,100,,13333,2,,,1,100,,13331,2,,,1,100,,13330,2,,,1,100,,13334,2,,,1,100,,13327,2,,,1,100,,10366,2,,,1,100,,13328,2,,,1,100,,9622,2,,,1,100,,13326,2,,,1,100,,13332,2,,,1
20900,'10',1901,,14033,2,,,1,100,,14034,2,,,1,100,,14035,2,,,1,100,,14036,2,,,1
20900,'13',1901,,9454,2,,,1,100,,14038,2,,,1,100,,14039,2,,,1,100,,14037,2,,,1
20900,'7',801,,14045,2,,,1,100,,14043,2,,,1,100,,14049,2,,,1,100,,14048,2,,,1,100,,11928,2,,,1,100,,14044,2,,,1,100,,14047,2,,,1,100,,7869,2,,,1,100,,14042,2,,,1,100,,14046,2,,,1,100,,14040,2,,,1,100,,11060,2,,,1,100,,14041,2,,,1
21400,'10',1830,,14394,2,,,1,100,,10095,2,,,1,100,,14393,2,,,1,100,,14395,2,,,1,100,,14392,2,,,1
21400,'13',1830,,14397,2,,,1,100,,14398,2,,,1,100,,14399,2,,,1,100,,14396,2,,,1,100,,14400,2,,,1
21400,'7',730,,14408,2,,,1,100,,14406,2,,,1,100,,14402,2,,,1,100,,14411,2,,,1,100,,14403,2,,,1,100,,14409,2,,,1,100,,14405,2,,,1,100,,14404,2,,,1,100,,11964,2,,,1,100,,14410,2,,,1,100,,14412,2,,,1,100,,14407,2,,,1,100,,14401,2,,,1
