10401,'14',640,,3468,4,,,1,70,,3500,4,,,1,30,,3480,4,,,1,70,,3494,4,,,1,30,,3463,4,,,1,70,,744,4,,,1,30,,3504,4,,,1,70,,3481,4,,,1,30,,164,4,,,1,70,,3482,4,,,1,30,,3498,4,,,1,70,,3493,4,,,1,30,,3501,4,,,1,70,,3487,4,,,1,30,,3503,4,,,1,70,,3465,4,,,1,30,,3488,4,,,1,70,,3495,4,,,1,30,,3474,4,,,1,70,,3475,4,,,1,30,,3476,4,,,1,70,,3470,4,,,1,30,,3502,4,,,1,70,,3467,4,,,1,30,,1056,4,,,1
10401,'18',640,,3513,4,,,1,70,,3550,4,,,1,30,,3526,4,,,1,70,,3544,4,,,1,30,,3506,4,,,1,70,,3511,4,,,1,30,,3554,4,,,1,70,,3527,4,,,1,30,,3530,4,,,1,70,,3529,4,,,1,30,,3548,4,,,1,70,,3543,4,,,1,30,,3551,4,,,1,70,,3536,4,,,1,30,,3553,4,,,1,70,,3508,4,,,1,30,,3537,4,,,1,70,,3545,4,,,1,30,,3520,4,,,1,70,,3521,4,,,1,30,,3522,4,,,1,70,,3516,4,,,1,30,,3552,4,,,1,70,,3512,4,,,1,30,,3514,4,,,1
10401,'20',640,,3561,4,,,1,70,,3593,4,,,1,30,,3573,4,,,1,70,,3587,4,,,1,30,,3556,4,,,1,70,,684,4,,,1,30,,3597,4,,,1,70,,3574,4,,,1,30,,107,4,,,1,70,,3575,4,,,1,30,,3591,4,,,1,70,,3586,4,,,1,30,,3594,4,,,1,70,,3580,4,,,1,30,,3596,4,,,1,70,,3558,4,,,1,30,,3581,4,,,1,70,,3588,4,,,1,30,,3567,4,,,1,70,,3568,4,,,1,30,,3569,4,,,1,70,,3563,4,,,1,30,,3595,4,,,1,70,,3560,4,,,1,30,,1031,4,,,1
10401,'8',640,,3606,4,,,1,70,,3643,4,,,1,30,,3619,4,,,1,70,,3637,4,,,1,30,,3599,4,,,1,70,,3604,4,,,1,30,,3647,4,,,1,70,,3620,4,,,1,30,,3623,4,,,1,70,,3622,4,,,1,30,,3641,4,,,1,70,,3636,4,,,1,30,,3644,4,,,1,70,,3629,4,,,1,30,,3646,4,,,1,70,,3601,4,,,1,30,,3630,4,,,1,70,,3638,4,,,1,30,,3613,4,,,1,70,,3614,4,,,1,30,,3615,4,,,1,70,,3609,4,,,1,30,,3645,4,,,1,70,,3605,4,,,1,30,,3607,4,,,1
20301,'14',2408,,375,17,0,11 12,1
20301,'18',2408,,6314,17,0,11 12,1
20301,'20',2408,,325,17,0,11 12,1
20301,'8',2408,,6362,17,0,11 12,1
20401,'11',741,,6509,4,,,1,70,,6486,4,,,1,30,,6466,4,,,1,70,,6494,4,,,1,30,,6510,4,,,1,70,,6490,4,,,1,30,,2736,4,,,1,70,,6483,4,,,1,30,,6491,4,,,1,70,,6511,4,,,1,30,,6484,4,,,1,70,,6474,4,,,1,30,,6507,4,,,1,70,,6499,4,,,1,30,,6481,4,,,1,70,,6482,4,,,1,30,,6473,4,,,1,70,,6505,4,,,1,30,,6465,4,,,1,70,,6475,4,,,1,30,,6476,4,,,1,70,,6462,4,,,1,30,,6504,4,,,1,70,,6498,4,,,1,30,,6513,4,,,1,70,,6467,4,,,1,30,,6488,4,,,1,70,,6495,4,,,1
20401,'14',1911,,6532,4,,,1,30,,6524,4,,,1,70,,6519,4,,,1,30,,6525,4,,,1,70,,6517,4,,,1,30,,6521,4,,,1,70,,6527,4,,,1,30,,6529,4,,,1,70,,1054,4,,,1,30,,6533,4,,,1
20401,'18',1911,,6552,4,,,1,30,,6544,4,,,1,70,,6538,4,,,1,30,,6545,4,,,1,70,,6535,4,,,1,30,,6541,4,,,1,70,,6547,4,,,1,30,,6549,4,,,1,70,,6536,4,,,1,30,,6553,4,,,1
20401,'20',1911,,6568,4,,,1,30,,6560,4,,,1,70,,6556,4,,,1,30,,6561,4,,,1,70,,6554,4,,,1,30,,6557,4,,,1,70,,6563,4,,,1,30,,6565,4,,,1,70,,1029,4,,,1,30,,6569,4,,,1
20401,'4',741,,6618,4,,,1,70,,6594,4,,,1,30,,6574,4,,,1,70,,6602,4,,,1,30,,6619,4,,,1,70,,6598,4,,,1,30,,6607,4,,,1,70,,6591,4,,,1,30,,6599,4,,,1,70,,6620,4,,,1,30,,6592,4,,,1,70,,6582,4,,,1,30,,6616,4,,,1,70,,6608,4,,,1,30,,6589,4,,,1,70,,6590,4,,,1,30,,6581,4,,,1,70,,6614,4,,,1,30,,6573,4,,,1,70,,6583,4,,,1,30,,6584,4,,,1,70,,6570,4,,,1,30,,6613,4,,,1,70,,6606,4,,,1,30,,6622,4,,,1,70,,6575,4,,,1,30,,6596,4,,,1,70,,6603,4,,,1
20401,'8',1911,,6644,4,,,1,30,,6636,4,,,1,70,,6630,4,,,1,30,,6637,4,,,1,70,,6627,4,,,1,30,,6633,4,,,1,70,,6639,4,,,1,30,,6641,4,,,1,70,,6628,4,,,1,30,,6645,4,,,1
