10901,'14',612,,757,1,,,1,100,,4670,1,,,1,100,,4650,1,,,1,100,,4646,1,,,1,100,,4671,1,,,1,100,,4669,1,,,1,100,,4672,1,,,1,100,,4634,1,,,1,100,,4658,1,,,1,100,,4660,1,,,1,100,,743,1,,,1,100,,4653,1,,,1
10901,'18',612,,4684,1,,,1,100,,4718,1,,,1,100,,4698,1,,,1,100,,4692,1,,,1,100,,4719,1,,,1,100,,4717,1,,,1,100,,4720,1,,,1,100,,4677,1,,,1,100,,4706,1,,,1,100,,4708,1,,,1,100,,4678,1,,,1,100,,4701,1,,,1
10901,'20',612,,697,1,,,1,100,,4761,1,,,1,100,,4741,1,,,1,100,,4737,1,,,1,100,,4762,1,,,1,100,,4760,1,,,1,100,,4763,1,,,1,100,,4725,1,,,1,100,,4749,1,,,1,100,,4751,1,,,1,100,,683,1,,,1,100,,4744,1,,,1
10901,'8',612,,4775,1,,,1,100,,4809,1,,,1,100,,4789,1,,,1,100,,4783,1,,,1,100,,4810,1,,,1,100,,4808,1,,,1,100,,4811,1,,,1,100,,4768,1,,,1,100,,4797,1,,,1,100,,4799,1,,,1,100,,4769,1,,,1,100,,4792,1,,,1
11300,'14',642,,5327,1,0,14 15 16,1,100,,5335,1,0,14 15 16,1,100,,250,1,0,14 15 16,1,100,,5323,1,0,14 15 16,1,100,,5345,1,0,14 15 16,1,100,,5336,1,0,14 15 16,1,100,,5340,1,0,14 15 16,1,100,,5315,1,0,14 15 16,1,100,,5341,1,0,14 15 16,1,100,,5337,1,0,14 15 16,1,100,,5346,1,0,14 15 16,1,100,,155,1,0,14 15 16,1,100,,529,1,0,14 15 16,1
11300,'18',642,,5362,1,0,14 15 16,1,100,,5373,1,0,14 15 16,1,100,,5365,1,0,14 15 16,1,100,,5358,1,0,14 15 16,1,100,,5384,1,0,14 15 16,1,100,,5374,1,0,14 15 16,1,100,,5379,1,0,14 15 16,1,100,,5349,1,0,14 15 16,1,100,,5380,1,0,14 15 16,1,100,,5375,1,0,14 15 16,1,100,,5385,1,0,14 15 16,1,100,,5370,1,0,14 15 16,1,100,,5352,1,0,14 15 16,1
11300,'20',642,,5399,1,0,14 15 16,1,100,,5402,1,0,14 15 16,1,100,,230,1,0,14 15 16,1,100,,5395,1,0,14 15 16,1,100,,5416,1,0,14 15 16,1,100,,5403,1,0,14 15 16,1,100,,1463,1,0,14 15 16,1,100,,5388,1,0,14 15 16,1,100,,5397,1,0,14 15 16,1,100,,5411,1,0,14 15 16,1,100,,5414,1,0,14 15 16,1,100,,5418,1,0,14 15 16,1,100,,5417,1,0,14 15 16,1
11300,'8',642,,5432,1,0,14 15 16,1,100,,5437,1,0,14 15 16,1,100,,5433,1,0,14 15 16,1,100,,5426,1,0,14 15 16,1,100,,5455,1,0,14 15 16,1,100,,5438,1,0,14 15 16,1,100,,5445,1,0,14 15 16,1,100,,5419,1,0,14 15 16,1,100,,5428,1,0,14 15 16,1,100,,5450,1,0,14 15 16,1,100,,5453,1,0,14 15 16,1,100,,5457,1,0,14 15 16,1,100,,5456,1,0,14 15 16,1
20901,'11',712,,2702,1,,,1,100,,7170,1,,,1,100,,7164,1,,,1,100,,1835,1,,,1,100,,7168,1,,,1,100,,7137,1,,,1,100,,7133,1,,,1,100,,7143,1,,,1,100,,7148,1,,,1,100,,7128,1,,,1,100,,7156,1,,,1,100,,7129,1,,,1,100,,2685,1,,,1,100,,7160,1,,,1
20901,'14',1812,,7177,1,,,1,100,,7186,1,,,1,100,,7178,1,,,1,100,,7179,1,,,1,100,,7185,1,,,1
20901,'18',1812,,7195,1,,,1,100,,7206,1,,,1,100,,7196,1,,,1,100,,7197,1,,,1,100,,7204,1,,,1
20901,'20',1812,,7216,1,,,1,100,,7224,1,,,1,100,,7225,1,,,1,100,,7227,1,,,1,100,,7226,1,,,1
20901,'4',712,,7244,1,,,1,100,,7280,1,,,1,100,,7273,1,,,1,100,,7259,1,,,1,100,,7278,1,,,1,100,,7246,1,,,1,100,,7241,1,,,1,100,,7252,1,,,1,100,,7257,1,,,1,100,,7236,1,,,1,100,,7266,1,,,1,100,,7237,1,,,1,100,,7234,1,,,1,100,,7270,1,,,1
20901,'8',1812,,7288,1,,,1,100,,7298,1,,,1,100,,7299,1,,,1,100,,7301,1,,,1,100,,7300,1,,,1
