11300,'14',620,,5334,5,,,1,100,,5322,5,,,1,100,,5344,5,,,1,100,,5319,5,,,1,100,,5320,5,,,1,100,,5316,5,,,1,100,,5324,5,,,1,100,,5338,5,,,1,100,,390,5,,,1,100,,5343,5,,,1,100,,5317,5,,,1,100,,5331,5,,,1,100,,5347,5,,,1
11300,'18',620,,5372,5,,,1,100,,5357,5,,,1,100,,5383,5,,,1,100,,5354,5,,,1,100,,5355,5,,,1,100,,5350,5,,,1,100,,5359,5,,,1,100,,5377,5,,,1,100,,5367,5,,,1,100,,5382,5,,,1,100,,5351,5,,,1,100,,5368,5,,,1,100,,5386,5,,,1
11300,'20',620,,5401,5,,,1,100,,5394,5,,,1,100,,5415,5,,,1,100,,5391,5,,,1,100,,5392,5,,,1,100,,5389,5,,,1,100,,1908,5,,,1,100,,5409,5,,,1,100,,5407,5,,,1,100,,5400,5,,,1,100,,5405,5,,,1,100,,5404,5,,,1,100,,2442,5,,,1
11300,'8',620,,5436,5,,,1,100,,5425,5,,,1,100,,5454,5,,,1,100,,5422,5,,,1,100,,5423,5,,,1,100,,5420,5,,,1,100,,5431,5,,,1,100,,5447,5,,,1,100,,5444,5,,,1,100,,5434,5,,,1,100,,5442,5,,,1,100,,5440,5,,,1,100,,5429,5,,,1
21300,'11',720,,1839,5,,,1,100,,7664,5,,,1,100,,7674,5,,,1,100,,7672,5,,,1,100,,7668,5,,,1,100,,7666,5,,,1,100,,7667,5,,,1,100,,7669,5,,,1,100,,7663,5,,,1,100,,7673,5,,,1,100,,7671,5,,,1,100,,7665,5,,,1,100,,7670,5,,,1
21300,'14',1920,,7676,5,,,1,100,,7677,5,,,1,100,,7675,5,,,1,100,,2747,5,,,1
21300,'18',1920,,7680,5,,,1,100,,7681,5,,,1,100,,7679,5,,,1,100,,7678,5,,,1
21300,'20',1920,,7683,5,,,1,100,,7684,5,,,1,100,,7682,5,,,1,100,,2665,5,,,1
21300,'4',720,,7688,5,,,1,100,,7686,5,,,1,100,,7697,5,,,1,100,,7695,5,,,1,100,,7691,5,,,1,100,,7689,5,,,1,100,,7690,5,,,1,100,,7692,5,,,1,100,,7685,5,,,1,100,,7696,5,,,1,100,,7694,5,,,1,100,,7687,5,,,1,100,,7693,5,,,1
21300,'8',1920,,7700,5,,,1,100,,7701,5,,,1,100,,7699,5,,,1,100,,7698,5,,,1
