10701,'14',616,,4184,3,0,9 3 10,1,100,,4174,3,0,9 3 10,1,30,,4150,3,0,9 3 10,1,70,,476,3,0,9 3 10,1,30,,4159,3,0,9 3 10,1,70,,4149,3,0,9 3 10,1,100,,4155,3,0,9 3 10,1,100,,4147,3,0,9 3 10,1,100,,4190,3,0,9 3 10,1,100,,4193,3,0,9 3 10,1,100,,4162,3,0,9 3 10,1,30,,4163,3,0,9 3 10,1,70,,4161,3,0,9 3 10,1,30,,4156,3,0,9 3 10,1,70,,4194,3,0,9 3 10,1,30,,4180,3,0,9 3 10,1,70,,4185,3,0,9 3 10,1,30,,4167,3,0,9 3 10,1,70,,4165,3,0,9 3 10,1,100,,4153,3,0,9 3 10,1
10701,'18',616,,4243,3,0,9 3 10,1,100,,4232,3,0,9 3 10,1,30,,4207,3,0,9 3 10,1,70,,4236,3,0,9 3 10,1,30,,4216,3,0,9 3 10,1,70,,4206,3,0,9 3 10,1,100,,4212,3,0,9 3 10,1,100,,4204,3,0,9 3 10,1,100,,4250,3,0,9 3 10,1,100,,4253,3,0,9 3 10,1,100,,4219,3,0,9 3 10,1,30,,4220,3,0,9 3 10,1,70,,4218,3,0,9 3 10,1,30,,4213,3,0,9 3 10,1,70,,4254,3,0,9 3 10,1,30,,4240,3,0,9 3 10,1,70,,4245,3,0,9 3 10,1,30,,4224,3,0,9 3 10,1,70,,4222,3,0,9 3 10,1,100,,4210,3,0,9 3 10,1
10701,'20',616,,4301,3,0,9 3 10,1,100,,4291,3,0,9 3 10,1,30,,4267,3,0,9 3 10,1,70,,438,3,0,9 3 10,1,30,,4276,3,0,9 3 10,1,70,,4266,3,0,9 3 10,1,100,,4272,3,0,9 3 10,1,100,,4264,3,0,9 3 10,1,100,,4307,3,0,9 3 10,1,100,,4310,3,0,9 3 10,1,100,,4279,3,0,9 3 10,1,30,,4280,3,0,9 3 10,1,70,,4278,3,0,9 3 10,1,30,,4273,3,0,9 3 10,1,70,,4311,3,0,9 3 10,1,30,,4297,3,0,9 3 10,1,70,,4302,3,0,9 3 10,1,30,,4284,3,0,9 3 10,1,70,,4282,3,0,9 3 10,1,100,,4270,3,0,9 3 10,1
10701,'8',616,,4360,3,0,9 3 10,1,100,,4349,3,0,9 3 10,1,30,,4324,3,0,9 3 10,1,70,,4353,3,0,9 3 10,1,30,,4333,3,0,9 3 10,1,70,,4323,3,0,9 3 10,1,100,,4329,3,0,9 3 10,1,100,,4321,3,0,9 3 10,1,100,,4367,3,0,9 3 10,1,100,,4370,3,0,9 3 10,1,100,,4336,3,0,9 3 10,1,30,,4337,3,0,9 3 10,1,70,,4335,3,0,9 3 10,1,30,,4330,3,0,9 3 10,1,70,,4371,3,0,9 3 10,1,30,,4357,3,0,9 3 10,1,70,,4362,3,0,9 3 10,1,30,,4341,3,0,9 3 10,1,70,,4339,3,0,9 3 10,1,100,,4327,3,0,9 3 10,1
10800,'14',716,,4404,3,,,1,30,,4395,3,,,1,70,,4382,3,,,1,30,,4392,3,,,1,70,,4406,3,,,1,30,,4396,3,,,1,100,,4394,3,,,1,100,,4393,3,,,1,100,,4399,3,,,1,100,,4410,3,,,1,100,,4391,3,,,1,70,,4380,3,,,1,30,,4387,3,,,1,70,,4381,3,,,1,30,,4398,3,,,1,70,,4385,3,,,1,30,,4386,3,,,1
10800,'18',716,,4438,3,,,1,30,,4429,3,,,1,70,,4415,3,,,1,30,,4426,3,,,1,70,,4440,3,,,1,30,,4430,3,,,1,100,,4428,3,,,1,100,,4427,3,,,1,100,,4433,3,,,1,100,,4444,3,,,1,100,,4425,3,,,1,70,,4413,3,,,1,30,,4420,3,,,1,70,,4414,3,,,1,30,,4432,3,,,1,70,,4418,3,,,1,30,,4419,3,,,1
10800,'20',716,,4460,3,,,1,30,,4465,3,,,1,70,,4461,3,,,1,30,,4463,3,,,1,70,,4449,3,,,1,30,,4467,3,,,1,100,,4464,3,,,1,100,,2613,3,,,1,100,,4469,3,,,1,100,,4477,3,,,1,100,,4462,3,,,1,70,,4448,3,,,1,30,,4455,3,,,1,70,,4450,3,,,1,30,,4468,3,,,1,70,,4453,3,,,1,30,,4454,3,,,1
10800,'8',716,,4493,3,,,1,30,,4499,3,,,1,70,,4494,3,,,1,30,,4496,3,,,1,70,,4481,3,,,1,30,,4501,3,,,1,100,,4498,3,,,1,100,,4497,3,,,1,100,,4503,3,,,1,100,,4511,3,,,1,100,,4495,3,,,1,70,,4480,3,,,1,30,,4487,3,,,1,70,,4482,3,,,1,30,,4502,3,,,1,70,,4485,3,,,1,30,,4486,3,,,1
11401,'14',648,,5669,24,,,1,100,,5671,24,,,1,100,,5668,24,,,1,100,,5665,24,,,1,100,,5670,24,,,1,100,,1845,24,,,1,100,,5666,24,,,1,100,,5664,24,,,1,100,,5663,24,,,1,100,,5667,24,,,1,100,,5672,24,,,1,100,,5662,24,,,1
11401,'18',648,,5681,24,,,1,100,,5683,24,,,1,100,,5680,24,,,1,100,,5677,24,,,1,100,,5682,24,,,1,100,,5673,24,,,1,100,,5678,24,,,1,100,,5676,24,,,1,100,,5675,24,,,1,100,,5679,24,,,1,100,,5684,24,,,1,100,,5674,24,,,1
11401,'20',648,,5692,24,,,1,100,,5694,24,,,1,100,,5691,24,,,1,100,,5688,24,,,1,100,,5693,24,,,1,100,,1806,24,,,1,100,,5689,24,,,1,100,,5687,24,,,1,100,,5686,24,,,1,100,,5690,24,,,1,100,,5695,24,,,1,100,,5685,24,,,1
11401,'8',648,,5704,24,,,1,100,,5706,24,,,1,100,,5703,24,,,1,100,,5700,24,,,1,100,,5705,24,,,1,100,,5696,24,,,1,100,,5701,24,,,1,100,,5699,24,,,1,100,,5698,24,,,1,100,,5702,24,,,1,100,,5707,24,,,1,100,,5697,24,,,1
21401,'11',749,,7872,30,,,1,100,,7880,30,,,1,100,,7876,30,,,1,100,,7871,30,,,1,100,,7873,30,,,1,100,,7879,30,,,1,100,,7878,30,,,1,100,,7869,30,,,1,100,,7875,30,,,1,100,,7868,30,,,1,100,,7877,30,,,1,100,,7874,30,,,1,100,,7870,30,,,1
21401,'14',1849,,7885,30,,,1,100,,7883,30,,,1,100,,7881,30,,,1,100,,7884,30,,,1,100,,7882,30,,,1
21401,'18',1849,,7890,30,,,1,100,,7888,30,,,1,100,,7886,30,,,1,100,,7889,30,,,1,100,,7887,30,,,1
21401,'20',1849,,7893,30,,,1,100,,81,30,,,1,100,,7891,30,,,1,100,,7892,30,,,1,100,,7894,30,,,1
21401,'4',749,,7899,30,,,1,100,,7907,30,,,1,100,,7903,30,,,1,100,,7898,30,,,1,100,,7900,30,,,1,100,,7906,30,,,1,100,,7905,30,,,1,100,,7896,30,,,1,100,,7902,30,,,1,100,,7895,30,,,1,100,,7904,30,,,1,100,,7901,30,,,1,100,,7897,30,,,1
21401,'8',1849,,7911,30,,,1,100,,7909,30,,,1,100,,7908,30,,,1,100,,7910,30,,,1,100,,7912,30,,,1
