11600,'10',647,,16079,16,4,,1,70,,16050,16,4,,1,30,,12860,16,4,,1,70,,16063,16,4,,1,30,,16082,16,4,,1,70,,16077,16,4,,1,30,,16052,16,4,,1,70,,16068,16,4,,1,30,,16078,16,4,,1,70,,16053,16,4,,1,30,,16061,16,4,,1,70,,14144,16,4,,1,30,,16073,16,4,,1,70,,16087,16,4,,1,30,,16067,16,4,,1,70,,16084,16,4,,1,30,,16065,16,4,,1,70,,16058,16,4,,1,30,,16071,16,4,,1,70,,16066,16,4,,1,30,,16062,16,4,,1,70,,16074,16,4,,1,30,,16057,16,4,,1
11600,'15',647,,16120,16,4,,1,70,,16090,16,4,,1,30,,12902,16,4,,1,70,,16104,16,4,,1,30,,16123,16,4,,1,70,,16118,16,4,,1,30,,16092,16,4,,1,70,,16109,16,4,,1,30,,16119,16,4,,1,70,,16093,16,4,,1,30,,16102,16,4,,1,70,,14153,16,4,,1,30,,16114,16,4,,1,70,,16128,16,4,,1,30,,16108,16,4,,1,70,,16125,16,4,,1,30,,16106,16,4,,1,70,,16098,16,4,,1,30,,16112,16,4,,1,70,,16107,16,4,,1,30,,16103,16,4,,1,70,,16115,16,4,,1,30,,16097,16,4,,1
11601,'10',605,,16137,1,0,9 3 10 16,1,30,,16149,1,0,9 3 10 16,1,70,,16164,1,0,9 3 10 16,1,30,,16167,1,0,9 3 10 16,1,70,,16172,1,0,9 3 10 16,1,30,,16168,1,0,9 3 10 16,1,70,,16155,1,0,9 3 10 16,1,30,,16145,1,0,9 3 10 16,1,70,,16165,1,0,9 3 10 16,1,30,,16160,1,0,9 3 10 16,1,70,,16154,1,0,9 3 10 16,1,30,,12853,1,0,9 3 10 16,1,70,,16132,1,0,9 3 10 16,1,30,,16139,1,0,9 3 10 16,1,70,,16147,1,0,9 3 10 16,1,30,,16140,1,0,9 3 10 16,1,70,,16146,1,0,9 3 10 16,1,30,,16134,1,0,9 3 10 16,1,70,,16138,1,0,9 3 10 16,1,30,,16142,1,0,9 3 10 16,1,70,,16173,1,0,9 3 10 16,1,30,,16158,1,0,9 3 10 16,1,70,,16166,1,0,9 3 10 16,1,30,,16143,1,0,9 3 10 16,1
11601,'15',605,,16181,1,0,9 3 10 16,1,30,,16193,1,0,9 3 10 16,1,70,,16208,1,0,9 3 10 16,1,30,,16211,1,0,9 3 10 16,1,70,,16216,1,0,9 3 10 16,1,30,,16212,1,0,9 3 10 16,1,70,,16199,1,0,9 3 10 16,1,30,,16189,1,0,9 3 10 16,1,70,,16209,1,0,9 3 10 16,1,30,,16204,1,0,9 3 10 16,1,70,,16198,1,0,9 3 10 16,1,30,,12893,1,0,9 3 10 16,1,70,,16176,1,0,9 3 10 16,1,30,,16183,1,0,9 3 10 16,1,70,,16191,1,0,9 3 10 16,1,30,,16184,1,0,9 3 10 16,1,70,,16190,1,0,9 3 10 16,1,30,,16178,1,0,9 3 10 16,1,70,,16182,1,0,9 3 10 16,1,30,,16186,1,0,9 3 10 16,1,70,,16217,1,0,9 3 10 16,1,30,,16202,1,0,9 3 10 16,1,70,,16210,1,0,9 3 10 16,1,30,,16187,1,0,9 3 10 16,1
21600,'10',1817,,17045,16,4,,1,30,,17048,16,4,,1,70,,17066,16,4,,1,30,,17055,16,4,,1,70,,17060,16,4,,1,30,,17067,16,4,,1,70,,17063,16,4,,1,30,,17065,16,4,,1,70,,17058,16,4,,1,30,,17052,16,4,,1,70,,17064,16,4,,1,30,,17059,16,4,,1
21600,'15',1817,,17068,16,4,,1,30,,17071,16,4,,1,70,,17089,16,4,,1,30,,17078,16,4,,1,70,,17083,16,4,,1,30,,17090,16,4,,1,70,,17086,16,4,,1,30,,17088,16,4,,1,70,,17081,16,4,,1,30,,17075,16,4,,1,70,,17087,16,4,,1,30,,17082,16,4,,1
21600,'7',717,,17107,16,4,,1,30,,17094,16,4,,1,70,,17095,16,4,,1,30,,17119,16,4,,1,70,,17125,16,4,,1,30,,17137,16,4,,1,70,,17123,16,4,,1,30,,17113,16,4,,1,70,,17105,16,4,,1,30,,17129,16,4,,1,70,,17114,16,4,,1,30,,17116,16,4,,1,70,,17131,16,4,,1,30,,17136,16,4,,1,70,,17092,16,4,,1,30,,17122,16,4,,1,70,,13874,16,4,,1,30,,17111,16,4,,1,70,,17115,16,4,,1,30,,13773,16,4,,1,70,,17091,16,4,,1,30,,17110,16,4,,1,70,,17093,16,4,,1,30,,17130,16,4,,1,70,,17104,16,4,,1,30,,17103,16,4,,1,70,,17121,16,4,,1,30,,17106,16,4,,1,70,,17132,16,4,,1
21601,'10',1805,,17154,1,0,9 3 10 16,1,30,,12247,1,0,9 3 10 16,1,70,,17162,1,0,9 3 10 16,1,30,,12299,1,0,9 3 10 16,1,70,,13178,1,0,9 3 10 16,1,30,,17148,1,0,9 3 10 16,1,70,,17150,1,0,9 3 10 16,1,30,,17161,1,0,9 3 10 16,1,70,,17158,1,0,9 3 10 16,1,30,,17159,1,0,9 3 10 16,1,70,,17153,1,0,9 3 10 16,1
21601,'15',1805,,17169,1,0,9 3 10 16,1,30,,12268,1,0,9 3 10 16,1,70,,17177,1,0,9 3 10 16,1,30,,12342,1,0,9 3 10 16,1,70,,13212,1,0,9 3 10 16,1,30,,17164,1,0,9 3 10 16,1,70,,17165,1,0,9 3 10 16,1,30,,17176,1,0,9 3 10 16,1,70,,17173,1,0,9 3 10 16,1,30,,17174,1,0,9 3 10 16,1,70,,17168,1,0,9 3 10 16,1
21601,'7',635,,17232,1,0,9 3 10 16,1,70,,17220,1,0,9 3 10 16,1,30,,17200,1,0,9 3 10 16,1,70,,14379,1,0,9 3 10 16,1,30,,17217,1,0,9 3 10 16,1,70,,17201,1,0,9 3 10 16,1,30,,17182,1,0,9 3 10 16,1,70,,17197,1,0,9 3 10 16,1,30,,17211,1,0,9 3 10 16,1,70,,17179,1,0,9 3 10 16,1,30,,17223,1,0,9 3 10 16,1,70,,17185,1,0,9 3 10 16,1,30,,17206,1,0,9 3 10 16,1,70,,17207,1,0,9 3 10 16,1,30,,17219,1,0,9 3 10 16,1,70,,17180,1,0,9 3 10 16,1,30,,17181,1,0,9 3 10 16,1,70,,17202,1,0,9 3 10 16,1,30,,17205,1,0,9 3 10 16,1,70,,17190,1,0,9 3 10 16,1,30,,17210,1,0,9 3 10 16,1,70,,13933,1,0,9 3 10 16,1,30,,17199,1,0,9 3 10 16,1,70,,17216,1,0,9 3 10 16,1,30,,17194,1,0,9 3 10 16,1,70,,17193,1,0,9 3 10 16,1,30,,17198,1,0,9 3 10 16,1,70,,17229,1,0,9 3 10 16,1,30,,17225,1,0,9 3 10 16,1
