'11',10501,62600,4,'',1,10000,4,'',1,3000,4,'',1,7000,4,'',1,3000,4,'',1,7000,4,'',1,3000,4,'',1,7000,4,'',1,10000,4,'',1,10000,4,'',1,10000,4,'',1,10000,4,'',1,10000,4,'',1,3000,4,'',1,7000,4,'',1,3000,4,'',1,7000,4,'',1,3000,4,'',1,7000,4,'',1
'14',10501,62600,4,'',1,10000,4,'',1,3000,4,'',1,7000,4,'',1,3000,4,'',1,7000,4,'',1,3000,4,'',1,7000,4,'',1,10000,4,'',1,10000,4,'',1,10000,4,'',1,10000,4,'',1,10000,4,'',1,3000,4,'',1,7000,4,'',1,3000,4,'',1,7000,4,'',1,3000,4,'',1,7000,4,'',1
'16',10501,62600,4,'',1,10000,4,'',1,3000,4,'',1,7000,4,'',1,3000,4,'',1,7000,4,'',1,3000,4,'',1,7000,4,'',1,10000,4,'',1,10000,4,'',1,10000,4,'',1,10000,4,'',1,10000,4,'',1,3000,4,'',1,7000,4,'',1,3000,4,'',1,7000,4,'',1,3000,4,'',1,7000,4,'',1
'3',10501,62600,4,'',1,10000,4,'',1,3000,4,'',1,7000,4,'',1,3000,4,'',1,7000,4,'',1,3000,4,'',1,7000,4,'',1,10000,4,'',1,10000,4,'',1,10000,4,'',1,10000,4,'',1,10000,4,'',1,3000,4,'',1,7000,4,'',1,3000,4,'',1,7000,4,'',1,3000,4,'',1,7000,4,'',1
'11',20501,192400,4,'',1,100,,'',1,9900,4,'',1,100,,'',1,9900,4,'',1,100,,'',1,9900,4,'',1,100,,'',1
'14',20501,192400,4,'',1,100,,'',1,9900,4,'',1,100,,'',1,9900,4,'',1,100,,'',1,9900,4,'',1,100,,'',1
'16',20501,192400,4,'',1,100,,'',1,9900,4,'',1,100,,'',1,9900,4,'',1,100,,'',1,9900,4,'',1,100,,'',1
'3',20501,192400,4,'',1,100,,'',1,9900,4,'',1,100,,'',1,9900,4,'',1,100,,'',1,9900,4,'',1,100,,'',1
'6',20501,72400,4,'',1,100,,'',1,9900,4,'',1,100,,'',1,9900,4,'',1,100,,'',1,9900,4,'',1,100,,'',1,9900,4,'',1,100,,'',1,9900,4,'',1,100,,'',1,9900,4,'',1,100,,'',1,9900,4,'',1,100,,'',1,9900,4,'',1,100,,'',1,9900,4,'',1,100,,'',1,9900,4,'',1,100,,'',1,9900,4,'',1,100,,'',1,9900,4,'',1,100,,'',1,9900,4,'',1,100,,'',1
'9',20501,72400,4,'',1,100,,'',1,9900,4,'',1,100,,'',1,9900,4,'',1,100,,'',1,9900,4,'',1,100,,'',1,9900,4,'',1,100,,'',1,9900,4,'',1,100,,'',1,9900,4,'',1,100,,'',1,9900,4,'',1,100,,'',1,9900,4,'',1,100,,'',1,9900,4,'',1,100,,'',1,9900,4,'',1,100,,'',1,9900,4,'',1,100,,'',1,9900,4,'',1,100,,'',1,9900,4,'',1,100,,'',1
