11301,'14',654,,5474,18,,,1,100,,2215,18,,,1,100,,5477,18,,,1,100,,5490,18,,,1,100,,5482,18,,,1,100,,5459,18,,,1,100,,5461,18,,,1,100,,5464,18,,,1,100,,5479,18,,,1,100,,5483,18,,,1,100,,5463,18,,,1,100,,5484,18,,,1,100,,5466,18,,,1
11301,'18',654,,5513,18,,,1,100,,5502,18,,,1,100,,5516,18,,,1,100,,5531,18,,,1,100,,5522,18,,,1,100,,5496,18,,,1,100,,5498,18,,,1,100,,5501,18,,,1,100,,5518,18,,,1,100,,5523,18,,,1,100,,5500,18,,,1,100,,5525,18,,,1,100,,5504,18,,,1
11301,'20',654,,5545,18,,,1,100,,2139,18,,,1,100,,5548,18,,,1,100,,5566,18,,,1,100,,5552,18,,,1,100,,5537,18,,,1,100,,5568,18,,,1,100,,5540,18,,,1,100,,5556,18,,,1,100,,5564,18,,,1,100,,5571,18,,,1,100,,5567,18,,,1,100,,5542,18,,,1
11301,'8',654,,5585,18,,,1,100,,5579,18,,,1,100,,5588,18,,,1,100,,5607,18,,,1,100,,5592,18,,,1,100,,5575,18,,,1,100,,5609,18,,,1,100,,5578,18,,,1,100,,5597,18,,,1,100,,5605,18,,,1,100,,5612,18,,,1,100,,5608,18,,,1,100,,5581,18,,,1
21301,'11',754,,7709,18,,,1,100,,7712,18,,,1,100,,7732,18,,,1,100,,7726,18,,,1,100,,7710,18,,,1,100,,7734,18,,,1,100,,7738,18,,,1,100,,7720,18,,,1,100,,7725,18,,,1,100,,7730,18,,,1,100,,7705,18,,,1,100,,7711,18,,,1,100,,7706,18,,,1
21301,'14',1954,,7743,18,,,1,100,,7747,18,,,1,100,,7750,18,,,1,100,,7749,18,,,1
21301,'18',1954,,7753,18,,,1,100,,7757,18,,,1,100,,7761,18,,,1,100,,7760,18,,,1
21301,'20',1954,,7764,18,,,1,100,,7768,18,,,1,100,,7771,18,,,1,100,,7770,18,,,1
21301,'4',754,,7779,18,,,1,100,,7782,18,,,1,100,,7803,18,,,1,100,,7797,18,,,1,100,,7780,18,,,1,100,,7805,18,,,1,100,,7809,18,,,1,100,,7790,18,,,1,100,,7796,18,,,1,100,,7801,18,,,1,100,,7775,18,,,1,100,,7781,18,,,1,100,,7776,18,,,1
21301,'8',1954,,7814,18,,,1,100,,7818,18,,,1,100,,7822,18,,,1,100,,7821,18,,,1
