10800,'14',705,,4411,10,,,1,30,,4402,10,,,1,70,,4397,10,,,1,30,,4389,10,,,1,70,,4405,10,,,1,30,,4400,10,,,1,100,,4409,10,,,1,100,,4388,10,,,1,100,,4407,10,,,1,100,,547,10,,,1,100,,4379,10,,,1,70,,4401,10,,,1,30,,4403,10,,,1,70,,4383,10,,,1,30,,4390,10,,,1,70,,4384,10,,,1,30,,4408,10,,,1
10800,'18',705,,4445,10,,,1,30,,4436,10,,,1,70,,4431,10,,,1,30,,4422,10,,,1,70,,4439,10,,,1,30,,4434,10,,,1,100,,4443,10,,,1,100,,4421,10,,,1,100,,4441,10,,,1,100,,4424,10,,,1,100,,4412,10,,,1,70,,4435,10,,,1,30,,4437,10,,,1,70,,4416,10,,,1,30,,4423,10,,,1,70,,4417,10,,,1,30,,4442,10,,,1
10800,'20',705,,4446,10,,,1,30,,4472,10,,,1,70,,4466,10,,,1,30,,4458,10,,,1,70,,4457,10,,,1,30,,4470,10,,,1,100,,4476,10,,,1,100,,4456,10,,,1,100,,4474,10,,,1,100,,509,10,,,1,100,,4447,10,,,1,70,,4471,10,,,1,30,,4473,10,,,1,70,,4451,10,,,1,30,,4459,10,,,1,70,,4452,10,,,1,30,,4475,10,,,1
10800,'8',705,,4478,10,,,1,30,,4506,10,,,1,70,,4500,10,,,1,30,,4490,10,,,1,70,,4489,10,,,1,30,,4504,10,,,1,100,,4510,10,,,1,100,,4488,10,,,1,100,,4508,10,,,1,100,,4492,10,,,1,100,,4479,10,,,1,70,,4505,10,,,1,30,,4507,10,,,1,70,,4483,10,,,1,30,,4491,10,,,1,70,,4484,10,,,1,30,,4509,10,,,1
11401,'14',644,,5669,19,,,1,100,,5671,19,,,1,100,,5668,19,,,1,100,,5665,19,,,1,100,,5670,19,,,1,100,,1845,19,,,1,100,,5666,19,,,1,100,,5664,19,,,1,100,,5663,19,,,1,100,,5667,19,,,1,100,,5672,19,,,1,100,,5662,19,,,1
11401,'18',644,,5681,19,,,1,100,,5683,19,,,1,100,,5680,19,,,1,100,,5677,19,,,1,100,,5682,19,,,1,100,,5673,19,,,1,100,,5678,19,,,1,100,,5676,19,,,1,100,,5675,19,,,1,100,,5679,19,,,1,100,,5684,19,,,1,100,,5674,19,,,1
11401,'20',644,,5692,19,,,1,100,,5694,19,,,1,100,,5691,19,,,1,100,,5688,19,,,1,100,,5693,19,,,1,100,,1806,19,,,1,100,,5689,19,,,1,100,,5687,19,,,1,100,,5686,19,,,1,100,,5690,19,,,1,100,,5695,19,,,1,100,,5685,19,,,1
11401,'8',644,,5704,19,,,1,100,,5706,19,,,1,100,,5703,19,,,1,100,,5700,19,,,1,100,,5705,19,,,1,100,,5696,19,,,1,100,,5701,19,,,1,100,,5699,19,,,1,100,,5698,19,,,1,100,,5702,19,,,1,100,,5707,19,,,1,100,,5697,19,,,1
21401,'11',746,,7872,25,,,1,100,,7880,25,,,1,100,,7876,25,,,1,100,,7871,25,,,1,100,,7873,25,,,1,100,,7879,25,,,1,100,,7878,25,,,1,100,,7869,25,,,1,100,,7875,25,,,1,100,,7868,25,,,1,100,,7877,25,,,1,100,,7874,25,,,1,100,,7870,25,,,1
21401,'14',1846,,7885,25,,,1,100,,7883,25,,,1,100,,7881,25,,,1,100,,7884,25,,,1,100,,7882,25,,,1
21401,'18',1846,,7890,25,,,1,100,,7888,25,,,1,100,,7886,25,,,1,100,,7889,25,,,1,100,,7887,25,,,1
21401,'20',1846,,7893,25,,,1,100,,81,25,,,1,100,,7891,25,,,1,100,,7892,25,,,1,100,,7894,25,,,1
21401,'4',746,,7899,25,,,1,100,,7907,25,,,1,100,,7903,25,,,1,100,,7898,25,,,1,100,,7900,25,,,1,100,,7906,25,,,1,100,,7905,25,,,1,100,,7896,25,,,1,100,,7902,25,,,1,100,,7895,25,,,1,100,,7904,25,,,1,100,,7901,25,,,1,100,,7897,25,,,1
21401,'8',1846,,7911,25,,,1,100,,7909,25,,,1,100,,7908,25,,,1,100,,7910,25,,,1,100,,7912,25,,,1
