10400,'14',630,,3370,2,0,11 12,1,70,,3372,2,0,11 12,1,30,,3371,2,0,11 12,1,70,,3375,2,0,11 12,1,30,,3373,2,0,11 12,1,70,,3365,2,0,11 12,1,30,,3366,2,0,11 12,1,70,,3384,2,0,11 12,1,30,,3383,2,0,11 12,1,70,,3385,2,0,11 12,1,30,,3368,2,0,11 12,1,70,,3378,2,0,11 12,1,30,,3380,2,0,11 12,1,70,,3382,2,0,11 12,1,30,,3381,2,0,11 12,1,70,,3386,2,0,11 12,1,30,,3376,2,0,11 12,1,70,,3374,2,0,11 12,1,30,,3377,2,0,11 12,1,70,,1660,2,0,11 12,1,30,,3369,2,0,11 12,1,70,,3367,2,0,11 12,1,30,,3379,2,0,11 12,1,70,,3388,2,0,11 12,1,30,,3387,2,0,11 12,1
10400,'18',630,,3394,2,0,11 12,1,70,,3396,2,0,11 12,1,30,,3395,2,0,11 12,1,70,,3399,2,0,11 12,1,30,,3397,2,0,11 12,1,70,,3389,2,0,11 12,1,30,,3390,2,0,11 12,1,70,,3409,2,0,11 12,1,30,,3408,2,0,11 12,1,70,,3410,2,0,11 12,1,30,,3392,2,0,11 12,1,70,,3402,2,0,11 12,1,30,,3404,2,0,11 12,1,70,,3407,2,0,11 12,1,30,,3405,2,0,11 12,1,70,,3411,2,0,11 12,1,30,,3400,2,0,11 12,1,70,,3398,2,0,11 12,1,30,,3401,2,0,11 12,1,70,,3406,2,0,11 12,1,30,,3393,2,0,11 12,1,70,,3391,2,0,11 12,1,30,,3403,2,0,11 12,1,70,,3413,2,0,11 12,1,30,,3412,2,0,11 12,1
10400,'20',630,,3419,2,0,11 12,1,70,,3421,2,0,11 12,1,30,,3420,2,0,11 12,1,70,,3424,2,0,11 12,1,30,,3422,2,0,11 12,1,70,,3414,2,0,11 12,1,30,,3415,2,0,11 12,1,70,,3432,2,0,11 12,1,30,,3431,2,0,11 12,1,70,,3433,2,0,11 12,1,30,,3417,2,0,11 12,1,70,,3426,2,0,11 12,1,30,,3428,2,0,11 12,1,70,,3430,2,0,11 12,1,30,,3429,2,0,11 12,1,70,,3434,2,0,11 12,1,30,,3425,2,0,11 12,1,70,,3423,2,0,11 12,1,30,,1230,2,0,11 12,1,70,,1614,2,0,11 12,1,30,,3418,2,0,11 12,1,70,,3416,2,0,11 12,1,30,,3427,2,0,11 12,1,70,,3436,2,0,11 12,1,30,,3435,2,0,11 12,1
10400,'8',630,,3442,2,0,11 12,1,70,,3444,2,0,11 12,1,30,,3443,2,0,11 12,1,70,,3447,2,0,11 12,1,30,,3445,2,0,11 12,1,70,,3437,2,0,11 12,1,30,,3438,2,0,11 12,1,70,,3457,2,0,11 12,1,30,,3456,2,0,11 12,1,70,,3458,2,0,11 12,1,30,,3440,2,0,11 12,1,70,,3450,2,0,11 12,1,30,,3452,2,0,11 12,1,70,,3455,2,0,11 12,1,30,,3453,2,0,11 12,1,70,,3459,2,0,11 12,1,30,,3448,2,0,11 12,1,70,,3446,2,0,11 12,1,30,,3449,2,0,11 12,1,70,,3454,2,0,11 12,1,30,,3441,2,0,11 12,1,70,,3439,2,0,11 12,1,30,,3451,2,0,11 12,1,70,,3461,2,0,11 12,1,30,,3460,2,0,11 12,1
11601,'14',626,,6022,2,0,13,1,30,,6036,2,0,13,1,70,,6041,2,0,13,1,30,,6014,2,0,13,1,70,,1542,2,0,13,1,30,,6016,2,0,13,1,70,,1557,2,0,13,1,30,,6023,2,0,13,1,70,,6015,2,0,13,1,30,,6050,2,0,13,1,70,,6017,2,0,13,1,30,,6028,2,0,13,1,70,,6029,2,0,13,1,30,,6048,2,0,13,1,70,,2129,2,0,13,1,30,,6049,2,0,13,1,70,,6039,2,0,13,1,30,,6038,2,0,13,1,70,,6055,2,0,13,1,30,,219,2,0,13,1,70,,6030,2,0,13,1,30,,6037,2,0,13,1,70,,6054,2,0,13,1,30,,6045,2,0,13,1
11601,'18',626,,6065,2,0,13,1,30,,6082,2,0,13,1,70,,6088,2,0,13,1,30,,6057,2,0,13,1,70,,6056,2,0,13,1,30,,6059,2,0,13,1,70,,6073,2,0,13,1,30,,6066,2,0,13,1,70,,6058,2,0,13,1,30,,6098,2,0,13,1,70,,6060,2,0,13,1,30,,6072,2,0,13,1,70,,6074,2,0,13,1,30,,6096,2,0,13,1,70,,6079,2,0,13,1,30,,6097,2,0,13,1,70,,6085,2,0,13,1,30,,6084,2,0,13,1,70,,6103,2,0,13,1,30,,6086,2,0,13,1,70,,6075,2,0,13,1,30,,6083,2,0,13,1,70,,6102,2,0,13,1,30,,6093,2,0,13,1
11601,'20',626,,6112,2,0,13,1,30,,6125,2,0,13,1,70,,6131,2,0,13,1,30,,6104,2,0,13,1,70,,1506,2,0,13,1,30,,6106,2,0,13,1,70,,1521,2,0,13,1,30,,6113,2,0,13,1,70,,6105,2,0,13,1,30,,6140,2,0,13,1,70,,6107,2,0,13,1,30,,1309,2,0,13,1,70,,6119,2,0,13,1,30,,6138,2,0,13,1,70,,2093,2,0,13,1,30,,6139,2,0,13,1,70,,6128,2,0,13,1,30,,6127,2,0,13,1,70,,6145,2,0,13,1,30,,6129,2,0,13,1,70,,6120,2,0,13,1,30,,6126,2,0,13,1,70,,6144,2,0,13,1,30,,6135,2,0,13,1
11601,'8',626,,6155,2,0,13,1,30,,6172,2,0,13,1,70,,6178,2,0,13,1,30,,6147,2,0,13,1,70,,6146,2,0,13,1,30,,6149,2,0,13,1,70,,6163,2,0,13,1,30,,6156,2,0,13,1,70,,6148,2,0,13,1,30,,6188,2,0,13,1,70,,6150,2,0,13,1,30,,6162,2,0,13,1,70,,6164,2,0,13,1,30,,6186,2,0,13,1,70,,6169,2,0,13,1,30,,6187,2,0,13,1,70,,6175,2,0,13,1,30,,6174,2,0,13,1,70,,6193,2,0,13,1,30,,6176,2,0,13,1,70,,6165,2,0,13,1,30,,6173,2,0,13,1,70,,6192,2,0,13,1,30,,6183,2,0,13,1
20301,'14',2400,,375,3,,,1
20301,'18',2400,,6314,3,,,1
20301,'20',2400,,325,3,,,1
20301,'8',2400,,6362,3,,,1
20400,'11',731,,6391,3,,,1,70,,6384,3,,,1,30,,6389,3,,,1,70,,6373,3,,,1,30,,6390,3,,,1,70,,6374,3,,,1,30,,6399,3,,,1,70,,6380,3,,,1,30,,6387,3,,,1,70,,6383,3,,,1,30,,6398,3,,,1,70,,6394,3,,,1,30,,2564,3,,,1,70,,6397,3,,,1,30,,6395,3,,,1,70,,6388,3,,,1,30,,6381,3,,,1,70,,6393,3,,,1,30,,6396,3,,,1,70,,6377,3,,,1,30,,6382,3,,,1,70,,6386,3,,,1,30,,6375,3,,,1,70,,6376,3,,,1,30,,6385,3,,,1,70,,6379,3,,,1,30,,6378,3,,,1,70,,6392,3,,,1
20400,'14',1901,,6403,3,,,1,30,,6405,3,,,1,70,,6402,3,,,1,30,,6404,3,,,1,70,,6406,3,,,1,30,,1277,3,,,1,70,,6401,3,,,1,30,,206,3,,,1,70,,301,3,,,1,30,,6400,3,,,1
20400,'18',1901,,6412,3,,,1,30,,6415,3,,,1,70,,6411,3,,,1,30,,6414,3,,,1,70,,6416,3,,,1,30,,6410,3,,,1,70,,6409,3,,,1,30,,6408,3,,,1,70,,6413,3,,,1,30,,6407,3,,,1
20400,'20',1901,,6420,3,,,1,30,,6422,3,,,1,70,,6419,3,,,1,30,,6421,3,,,1,70,,6423,3,,,1,30,,1255,3,,,1,70,,6418,3,,,1,30,,187,3,,,1,70,,276,3,,,1,30,,6417,3,,,1
20400,'4',731,,6443,3,,,1,70,,6436,3,,,1,30,,6441,3,,,1,70,,6424,3,,,1,30,,6442,3,,,1,70,,6425,3,,,1,30,,6451,3,,,1,70,,6432,3,,,1,30,,6439,3,,,1,70,,6435,3,,,1,30,,6450,3,,,1,70,,6446,3,,,1,30,,6426,3,,,1,70,,6449,3,,,1,30,,6447,3,,,1,70,,6440,3,,,1,30,,6433,3,,,1,70,,6445,3,,,1,30,,6448,3,,,1,70,,6429,3,,,1,30,,6434,3,,,1,70,,6438,3,,,1,30,,6427,3,,,1,70,,6428,3,,,1,30,,6437,3,,,1,70,,6431,3,,,1,30,,6430,3,,,1,70,,6444,3,,,1
20400,'8',1901,,6457,3,,,1,30,,6460,3,,,1,70,,6456,3,,,1,30,,6459,3,,,1,70,,6461,3,,,1,30,,6455,3,,,1,70,,6454,3,,,1,30,,6453,3,,,1,70,,6458,3,,,1,30,,6452,3,,,1
21601,'11',656,,8154,2,0,13,1,70,,8149,2,0,13,1,30,,8176,2,0,13,1,70,,8172,2,0,13,1,30,,8131,2,0,13,1,70,,8123,2,0,13,1,30,,8162,2,0,13,1,70,,8174,2,0,13,1,30,,8138,2,0,13,1,70,,8156,2,0,13,1,30,,8127,2,0,13,1,70,,8146,2,0,13,1,30,,8126,2,0,13,1,70,,8128,2,0,13,1,30,,8136,2,0,13,1,70,,8141,2,0,13,1,30,,8139,2,0,13,1,70,,8163,2,0,13,1,30,,8124,2,0,13,1,70,,8135,2,0,13,1,30,,8159,2,0,13,1,70,,8175,2,0,13,1,30,,8134,2,0,13,1,70,,8168,2,0,13,1,30,,8161,2,0,13,1,70,,8144,2,0,13,1,30,,8129,2,0,13,1,70,,8166,2,0,13,1,30,,8157,2,0,13,1
21601,'14',1826,,8193,2,0,13,1,30,,981,2,0,13,1,70,,8188,2,0,13,1,30,,8182,2,0,13,1,70,,8180,2,0,13,1,30,,8197,2,0,13,1,70,,8183,2,0,13,1,30,,8191,2,0,13,1,70,,8199,2,0,13,1,30,,8190,2,0,13,1,70,,8185,2,0,13,1
21601,'18',1826,,8214,2,0,13,1,30,,8200,2,0,13,1,70,,8209,2,0,13,1,30,,8203,2,0,13,1,70,,8201,2,0,13,1,30,,8219,2,0,13,1,70,,8204,2,0,13,1,30,,8212,2,0,13,1,70,,8221,2,0,13,1,30,,8211,2,0,13,1,70,,8206,2,0,13,1
21601,'20',1826,,8235,2,0,13,1,30,,933,2,0,13,1,70,,8230,2,0,13,1,30,,8224,2,0,13,1,70,,8222,2,0,13,1,30,,8239,2,0,13,1,70,,8225,2,0,13,1,30,,8233,2,0,13,1,70,,8241,2,0,13,1,30,,8232,2,0,13,1,70,,8227,2,0,13,1
21601,'4',656,,8274,2,0,13,1,70,,8269,2,0,13,1,30,,8296,2,0,13,1,70,,8292,2,0,13,1,30,,8250,2,0,13,1,70,,8242,2,0,13,1,30,,8282,2,0,13,1,70,,8294,2,0,13,1,30,,8257,2,0,13,1,70,,8276,2,0,13,1,30,,8246,2,0,13,1,70,,8265,2,0,13,1,30,,8245,2,0,13,1,70,,8247,2,0,13,1,30,,8255,2,0,13,1,70,,8260,2,0,13,1,30,,8258,2,0,13,1,70,,8283,2,0,13,1,30,,8243,2,0,13,1,70,,8254,2,0,13,1,30,,8279,2,0,13,1,70,,8295,2,0,13,1,30,,8253,2,0,13,1,70,,8288,2,0,13,1,30,,8281,2,0,13,1,70,,8263,2,0,13,1,30,,8248,2,0,13,1,70,,8286,2,0,13,1,30,,8277,2,0,13,1
21601,'8',1826,,8314,2,0,13,1,30,,8300,2,0,13,1,70,,8309,2,0,13,1,30,,8303,2,0,13,1,70,,8301,2,0,13,1,30,,8319,2,0,13,1,70,,8304,2,0,13,1,30,,8312,2,0,13,1,70,,8321,2,0,13,1,30,,8311,2,0,13,1,70,,8306,2,0,13,1
