10101,'12',644,,8375,8,,,1,70,,8371,8,,,1,30,,8379,8,,,1,70,,8383,8,,,1,30,,8382,8,,,1,70,,8386,8,,,1,30,,8376,8,,,1,100,,8380,8,,,1,100,,8373,8,,,1,100,,8372,8,,,1,100,,8384,8,,,1,101,,8387,8,,,1,70,,8374,8,,,1,30,,8381,8,,,1,70,,8385,8,,,1,30,,8378,8,,,1,70,,8377,8,,,1,30,,5551,8,,,1
10101,'5',644,,8392,8,,,1,70,,8388,8,,,1,30,,8396,8,,,1,70,,8400,8,,,1,30,,8399,8,,,1,70,,8404,8,,,1,30,,8393,8,,,1,100,,8397,8,,,1,100,,8390,8,,,1,100,,8389,8,,,1,100,,8401,8,,,1,101,,8405,8,,,1,70,,8391,8,,,1,30,,8398,8,,,1,70,,8403,8,,,1,30,,8395,8,,,1,70,,8394,8,,,1,30,,8402,8,,,1
10101,'9',644,,8410,8,,,1,70,,8406,8,,,1,30,,8414,8,,,1,70,,8418,8,,,1,30,,8417,8,,,1,70,,8421,8,,,1,30,,8411,8,,,1,100,,8415,8,,,1,100,,8408,8,,,1,100,,8407,8,,,1,100,,8419,8,,,1,101,,8422,8,,,1,70,,8409,8,,,1,30,,8416,8,,,1,70,,8420,8,,,1,30,,8413,8,,,1,70,,8412,8,,,1,30,,5480,8,,,1
11101,'12',620,,9967,5,,,1,30,,9958,5,,,1,70,,9963,5,,,1,30,,9964,5,,,1,70,,9959,5,,,1,30,,9954,5,,,1,70,,9968,5,,,1,30,,9961,5,,,1,70,,9960,5,,,1,30,,9956,5,,,1,70,,9950,5,,,1,30,,9957,5,,,1,70,,9955,5,,,1,30,,9969,5,,,1,70,,9966,5,,,1,30,,9948,5,,,1,71,,9952,5,,,1,30,,9965,5,,,1,70,,3419,5,,,1,30,,6994,5,,,1,70,,9951,5,,,1,30,,9949,5,,,1,70,,9953,5,,,1,30,,4114,5,,,1,70,,9962,5,,,1
11101,'5',620,,9993,5,,,1,30,,9982,5,,,1,70,,9989,5,,,1,30,,9991,5,,,1,70,,9983,5,,,1,30,,9978,5,,,1,70,,9994,5,,,1,30,,9987,5,,,1,70,,9984,5,,,1,30,,9971,5,,,1,70,,9974,5,,,1,30,,9986,5,,,1,70,,9979,5,,,1,30,,9975,5,,,1,70,,9977,5,,,1,30,,9990,5,,,1,71,,9976,5,,,1,30,,9980,5,,,1,70,,9985,5,,,1,30,,9981,5,,,1,70,,9988,5,,,1,30,,9992,5,,,1,70,,9970,5,,,1,30,,9972,5,,,1,70,,9973,5,,,1
11101,'9',620,,10015,5,,,1,30,,10004,5,,,1,70,,10011,5,,,1,30,,10013,5,,,1,70,,10005,5,,,1,30,,5329,5,,,1,70,,10016,5,,,1,30,,10008,5,,,1,70,,10006,5,,,1,30,,3009,5,,,1,70,,9996,5,,,1,30,,10000,5,,,1,70,,10001,5,,,1,30,,9997,5,,,1,70,,10009,5,,,1,30,,10007,5,,,1,71,,9998,5,,,1,30,,7182,5,,,1,70,,10002,5,,,1,30,,9999,5,,,1,70,,10010,5,,,1,30,,10014,5,,,1,70,,10003,5,,,1,30,,10012,5,,,1,70,,9995,5,,,1
21101,'12',1850,,11563,5,,,1,70,,2910,5,,,1,30,,11561,5,,,1,70,,2670,5,,,1,30,,11559,5,,,1,70,,11560,5,,,1,30,,11562,5,,,1,70,,11558,5,,,1,30,,109,5,,,1
21101,'5',1850,,11568,5,,,1,70,,11567,5,,,1,30,,11569,5,,,1,70,,11570,5,,,1,30,,11565,5,,,1,70,,11566,5,,,1,30,,11572,5,,,1,70,,11564,5,,,1,30,,11571,5,,,1
21101,'7',720,,11580,5,,,1,30,,11590,5,,,1,70,,11588,5,,,1,30,,11598,5,,,1,70,,11591,5,,,1,30,,11586,5,,,1,70,,11581,5,,,1,30,,11593,5,,,1,70,,11597,5,,,1,30,,11594,5,,,1,70,,11592,5,,,1,30,,11576,5,,,1,70,,11596,5,,,1,30,,11575,5,,,1,70,,11587,5,,,1,30,,11584,5,,,1,70,,11582,5,,,1,30,,11599,5,,,1,70,,11577,5,,,1,30,,11579,5,,,1,70,,11574,5,,,1,30,,11595,5,,,1,70,,11585,5,,,1,30,,11573,5,,,1,70,,11578,5,,,1,30,,11583,5,,,1,70,,11589,5,,,1
21101,'9',1850,,11603,5,,,1,70,,2876,5,,,1,30,,11604,5,,,1,70,,2752,5,,,1,30,,11601,5,,,1,70,,11602,5,,,1,30,,11605,5,,,1,70,,11600,5,,,1,30,,166,5,,,1
