10301,'14',618,,3306,18,,,1,100,,25,18,,,1,30,,3307,18,,,1,70,,3297,18,,,1,30,,3301,18,,,1,70,,3303,18,,,1,30,,3295,18,,,1,70,,3292,18,,,1,100,,3290,18,,,1,100,,3294,18,,,1,100,,3302,18,,,1,100,,3291,18,,,1,100,,3293,18,,,1,30,,3299,18,,,1,70,,3300,18,,,1,30,,541,18,,,1,70,,3304,18,,,1,30,,3305,18,,,1,70,,3296,18,,,1,30,,3298,18,,,1
10301,'18',618,,3326,18,,,1,100,,3313,18,,,1,30,,3327,18,,,1,70,,3317,18,,,1,30,,3321,18,,,1,70,,3323,18,,,1,30,,3315,18,,,1,70,,3310,18,,,1,100,,3308,18,,,1,100,,3314,18,,,1,100,,3322,18,,,1,100,,3309,18,,,1,100,,3311,18,,,1,30,,3319,18,,,1,70,,3320,18,,,1,30,,3312,18,,,1,70,,3324,18,,,1,30,,3325,18,,,1,70,,3316,18,,,1,30,,3318,18,,,1
10301,'20',618,,3343,18,,,1,100,,7,18,,,1,30,,3333,18,,,1,70,,3334,18,,,1,30,,3344,18,,,1,70,,3339,18,,,1,30,,3340,18,,,1,70,,3330,18,,,1,100,,3328,18,,,1,100,,3332,18,,,1,100,,3338,18,,,1,100,,3329,18,,,1,100,,3331,18,,,1,30,,3336,18,,,1,70,,3337,18,,,1,30,,503,18,,,1,70,,3341,18,,,1,30,,3342,18,,,1,70,,1140,18,,,1,30,,3335,18,,,1
10301,'8',618,,3363,18,,,1,100,,3350,18,,,1,30,,3352,18,,,1,70,,3354,18,,,1,30,,3364,18,,,1,70,,3359,18,,,1,30,,3360,18,,,1,70,,3347,18,,,1,100,,3345,18,,,1,100,,3351,18,,,1,100,,3358,18,,,1,100,,3346,18,,,1,100,,3348,18,,,1,30,,3356,18,,,1,70,,3357,18,,,1,30,,3349,18,,,1,70,,3361,18,,,1,30,,3362,18,,,1,70,,3353,18,,,1,30,,3355,18,,,1
20301,'11',714,,6302,13,0,9 3 10,1,30,,6297,13,0,9 3 10,1,70,,6289,13,0,9 3 10,1,30,,6283,13,0,9 3 10,1,70,,6292,13,0,9 3 10,1,30,,6287,13,0,9 3 10,1,70,,6284,13,0,9 3 10,1,30,,6291,13,0,9 3 10,1,70,,6286,13,0,9 3 10,1,30,,6303,13,0,9 3 10,1,70,,6282,13,0,9 3 10,1,30,,2455,13,0,9 3 10,1,70,,6281,13,0,9 3 10,1,30,,6294,13,0,9 3 10,1,70,,6298,13,0,9 3 10,1,30,,6300,13,0,9 3 10,1,70,,6288,13,0,9 3 10,1,30,,6285,13,0,9 3 10,1,70,,6295,13,0,9 3 10,1,30,,6304,13,0,9 3 10,1,70,,2277,13,0,9 3 10,1,30,,6299,13,0,9 3 10,1,70,,2286,13,0,9 3 10,1,30,,6301,13,0,9 3 10,1,70,,6293,13,0,9 3 10,1,30,,6290,13,0,9 3 10,1,70,,6296,13,0,9 3 10,1,30,,6280,13,0,9 3 10,1
20301,'14',1914,,925,13,0,9 3 10,1,30,,6308,13,0,9 3 10,1,70,,6311,13,0,9 3 10,1,30,,6313,13,0,9 3 10,1,70,,6306,13,0,9 3 10,1,30,,6305,13,0,9 3 10,1,70,,6310,13,0,9 3 10,1,30,,6309,13,0,9 3 10,1,70,,6312,13,0,9 3 10,1,30,,6307,13,0,9 3 10,1
20301,'18',1914,,6319,13,0,9 3 10,1,30,,6317,13,0,9 3 10,1,70,,6322,13,0,9 3 10,1,30,,6324,13,0,9 3 10,1,70,,6316,13,0,9 3 10,1,30,,6315,13,0,9 3 10,1,70,,6321,13,0,9 3 10,1,30,,6320,13,0,9 3 10,1,70,,6323,13,0,9 3 10,1,30,,6318,13,0,9 3 10,1
20301,'20',1914,,913,13,0,9 3 10,1,30,,6328,13,0,9 3 10,1,70,,6331,13,0,9 3 10,1,30,,6333,13,0,9 3 10,1,70,,6326,13,0,9 3 10,1,30,,6325,13,0,9 3 10,1,70,,6330,13,0,9 3 10,1,30,,6329,13,0,9 3 10,1,70,,6332,13,0,9 3 10,1,30,,6327,13,0,9 3 10,1
20301,'4',714,,6359,13,0,9 3 10,1,30,,6354,13,0,9 3 10,1,70,,6346,13,0,9 3 10,1,30,,6337,13,0,9 3 10,1,70,,6349,13,0,9 3 10,1,30,,6342,13,0,9 3 10,1,70,,6338,13,0,9 3 10,1,30,,6348,13,0,9 3 10,1,70,,6341,13,0,9 3 10,1,30,,6360,13,0,9 3 10,1,70,,6336,13,0,9 3 10,1,30,,6344,13,0,9 3 10,1,70,,6335,13,0,9 3 10,1,30,,6351,13,0,9 3 10,1,70,,6355,13,0,9 3 10,1,30,,6357,13,0,9 3 10,1,70,,6343,13,0,9 3 10,1,30,,6340,13,0,9 3 10,1,70,,6352,13,0,9 3 10,1,30,,6361,13,0,9 3 10,1,70,,6339,13,0,9 3 10,1,30,,6356,13,0,9 3 10,1,70,,6345,13,0,9 3 10,1,30,,6358,13,0,9 3 10,1,70,,6350,13,0,9 3 10,1,30,,6347,13,0,9 3 10,1,70,,6353,13,0,9 3 10,1,30,,6334,13,0,9 3 10,1
20301,'8',1914,,6367,13,0,9 3 10,1,30,,6365,13,0,9 3 10,1,70,,6370,13,0,9 3 10,1,30,,6372,13,0,9 3 10,1,70,,6364,13,0,9 3 10,1,30,,6363,13,0,9 3 10,1,70,,6369,13,0,9 3 10,1,30,,6368,13,0,9 3 10,1,70,,6371,13,0,9 3 10,1,30,,6366,13,0,9 3 10,1
