10400,'10',631,,14867,3,0,11 12,1,70,,14869,3,0,11 12,1,30,,14865,3,0,11 12,1,70,,14873,3,0,11 12,1,30,,14870,3,0,11 12,1,70,,14882,3,0,11 12,1,30,,14880,3,0,11 12,1,70,,14863,3,0,11 12,1,30,,14871,3,0,11 12,1,70,,14877,3,0,11 12,1,30,,14864,3,0,11 12,1,70,,14862,3,0,11 12,1,30,,14866,3,0,11 12,1,70,,14881,3,0,11 12,1,30,,14876,3,0,11 12,1,70,,14275,3,0,11 12,1,30,,14878,3,0,11 12,1,70,,14872,3,0,11 12,1,30,,14883,3,0,11 12,1,70,,14875,3,0,11 12,1,30,,12291,3,0,11 12,1,70,,14868,3,0,11 12,1,30,,14861,3,0,11 12,1,70,,14874,3,0,11 12,1,30,,14879,3,0,11 12,1
10400,'15',631,,14890,3,0,11 12,1,70,,14892,3,0,11 12,1,30,,14888,3,0,11 12,1,70,,14896,3,0,11 12,1,30,,14893,3,0,11 12,1,70,,14905,3,0,11 12,1,30,,14903,3,0,11 12,1,70,,14886,3,0,11 12,1,30,,14894,3,0,11 12,1,70,,14900,3,0,11 12,1,30,,14887,3,0,11 12,1,70,,14885,3,0,11 12,1,30,,14889,3,0,11 12,1,70,,14904,3,0,11 12,1,30,,14899,3,0,11 12,1,70,,14283,3,0,11 12,1,30,,14901,3,0,11 12,1,70,,14895,3,0,11 12,1,30,,14906,3,0,11 12,1,70,,14898,3,0,11 12,1,30,,12334,3,0,11 12,1,70,,14891,3,0,11 12,1,30,,14884,3,0,11 12,1,70,,14897,3,0,11 12,1,30,,14902,3,0,11 12,1
11601,'10',627,,16133,3,0,13,1,30,,16170,3,0,13,1,70,,16141,3,0,13,1,30,,16162,3,0,13,1,70,,16171,3,0,13,1,30,,16159,3,0,13,1,70,,16153,3,0,13,1,30,,16151,3,0,13,1,70,,16169,3,0,13,1,30,,12039,3,0,13,1,70,,16148,3,0,13,1,30,,16157,3,0,13,1,70,,14235,3,0,13,1,30,,16135,3,0,13,1,70,,16150,3,0,13,1,30,,16136,3,0,13,1,70,,16144,3,0,13,1,30,,16156,3,0,13,1,70,,16131,3,0,13,1,30,,16161,3,0,13,1,70,,16163,3,0,13,1,30,,13743,3,0,13,1,70,,16152,3,0,13,1,30,,16130,3,0,13,1
11601,'15',627,,16177,3,0,13,1,30,,16214,3,0,13,1,70,,16185,3,0,13,1,30,,16206,3,0,13,1,70,,16215,3,0,13,1,30,,16203,3,0,13,1,70,,16197,3,0,13,1,30,,16195,3,0,13,1,70,,16213,3,0,13,1,30,,12056,3,0,13,1,70,,16192,3,0,13,1,30,,16201,3,0,13,1,70,,14242,3,0,13,1,30,,16179,3,0,13,1,70,,16194,3,0,13,1,30,,16180,3,0,13,1,70,,16188,3,0,13,1,30,,16200,3,0,13,1,70,,16175,3,0,13,1,30,,16205,3,0,13,1,70,,16207,3,0,13,1,30,,13760,3,0,13,1,70,,16196,3,0,13,1,30,,16174,3,0,13,1
20301,'10',2401,,16269,3,,,1
20301,'15',2401,,16279,3,,,1
20400,'10',1902,,16315,3,,,1,30,,16313,3,,,1,70,,16318,3,,,1,30,,16316,3,,,1,70,,16314,3,,,1,30,,16312,3,,,1,70,,16320,3,,,1,30,,16317,3,,,1,70,,16319,3,,,1,30,,16311,3,,,1
20400,'15',1902,,16325,3,,,1,30,,16323,3,,,1,70,,16328,3,,,1,30,,16326,3,,,1,70,,16324,3,,,1,30,,16322,3,,,1,70,,16330,3,,,1,30,,16327,3,,,1,70,,16329,3,,,1,30,,16321,3,,,1
20400,'7',732,,13726,3,,,1,70,,16351,3,,,1,30,,16336,3,,,1,70,,16340,3,,,1,30,,16347,3,,,1,70,,16355,3,,,1,30,,16332,3,,,1,70,,16339,3,,,1,30,,16337,3,,,1,70,,16348,3,,,1,30,,13846,3,,,1,70,,16343,3,,,1,30,,16356,3,,,1,70,,16334,3,,,1,30,,16352,3,,,1,70,,16331,3,,,1,30,,16341,3,,,1,70,,16345,3,,,1,30,,16333,3,,,1,70,,16353,3,,,1,30,,16354,3,,,1,70,,16338,3,,,1,30,,16342,3,,,1,70,,16350,3,,,1,30,,16346,3,,,1,70,,16349,3,,,1,30,,16335,3,,,1,70,,16344,3,,,1
21601,'10',1827,,17149,3,0,13,1,30,,17155,3,0,13,1,70,,17151,3,0,13,1,30,,17152,3,0,13,1,70,,12940,3,0,13,1,30,,17156,3,0,13,1,70,,17147,3,0,13,1,30,,17146,3,0,13,1,70,,13189,3,0,13,1,30,,17160,3,0,13,1,70,,17157,3,0,13,1
21601,'15',1827,,13086,3,0,13,1,30,,17170,3,0,13,1,70,,17166,3,0,13,1,30,,17167,3,0,13,1,70,,12960,3,0,13,1,30,,17171,3,0,13,1,70,,14418,3,0,13,1,30,,17163,3,0,13,1,70,,13227,3,0,13,1,30,,17175,3,0,13,1,70,,17172,3,0,13,1
21601,'7',657,,17184,3,0,13,1,70,,17230,3,0,13,1,30,,17222,3,0,13,1,70,,17227,3,0,13,1,30,,17203,3,0,13,1,70,,17183,3,0,13,1,30,,17228,3,0,13,1,70,,17224,3,0,13,1,30,,14257,3,0,13,1,70,,17213,3,0,13,1,30,,17189,3,0,13,1,70,,17187,3,0,13,1,30,,17204,3,0,13,1,70,,17186,3,0,13,1,30,,17192,3,0,13,1,70,,17215,3,0,13,1,30,,17218,3,0,13,1,70,,17212,3,0,13,1,30,,17221,3,0,13,1,70,,17209,3,0,13,1,30,,17178,3,0,13,1,70,,17191,3,0,13,1,30,,17196,3,0,13,1,70,,17231,3,0,13,1,30,,17226,3,0,13,1,70,,17214,3,0,13,1,30,,17195,3,0,13,1,70,,17188,3,0,13,1,30,,17208,3,0,13,1
