10501,'10',636,,12464,18,,,1,100,,12450,18,,,1,70,,12459,18,,,1,30,,12466,18,,,1,70,,12465,18,,,1,30,,12445,18,,,1,70,,12469,18,,,1,30,,12437,18,,,1,100,,12439,18,,,1,100,,12443,18,,,1,100,,12460,18,,,1,100,,8866,18,,,1,100,,12468,18,,,1,70,,12457,18,,,1,30,,12447,18,,,1,70,,8563,18,,,1,30,,12456,18,,,1,70,,12441,18,,,1,30,,12452,18,,,1
10501,'13',636,,12499,18,,,1,100,,12485,18,,,1,70,,12494,18,,,1,30,,12501,18,,,1,70,,12500,18,,,1,30,,12480,18,,,1,70,,12504,18,,,1,30,,12472,18,,,1,100,,12474,18,,,1,100,,12478,18,,,1,100,,12495,18,,,1,100,,8773,18,,,1,100,,12503,18,,,1,70,,12492,18,,,1,30,,12482,18,,,1,70,,8451,18,,,1,30,,12491,18,,,1,70,,12476,18,,,1,30,,12487,18,,,1
11300,'10',626,,13184,11,,,1,100,,13167,11,,,1,100,,13169,11,,,1,100,,13172,11,,,1,100,,13195,11,,,1,100,,13191,11,,,1,100,,13190,11,,,1,100,,13196,11,,,1,100,,9005,11,,,1,100,,13186,11,,,1,100,,13171,11,,,1,100,,13188,11,,,1,100,,13192,11,,,1
11300,'13',626,,13220,11,,,1,100,,13200,11,,,1,100,,13201,11,,,1,100,,13202,11,,,1,100,,13231,11,,,1,100,,13229,11,,,1,100,,13208,11,,,1,100,,13232,11,,,1,100,,13221,11,,,1,100,,13236,11,,,1,100,,13225,11,,,1,100,,13211,11,,,1,100,,13235,11,,,1
20501,'10',1935,,13861,18,,,1,100,,9573,18,,,1,100,,8422,18,,,1,100,,13863,18,,,1
20501,'13',1935,,13867,18,,,1,100,,9538,18,,,1,100,,8387,18,,,1,100,,13869,18,,,1
20501,'7',735,,13896,18,,,1,100,,13879,18,,,1,100,,13886,18,,,1,100,,13878,18,,,1,100,,13884,18,,,1,100,,13893,18,,,1,100,,13872,18,,,1,100,,13877,18,,,1,100,,13897,18,,,1,100,,13891,18,,,1,100,,13875,18,,,1,100,,13888,18,,,1,100,,13871,18,,,1,100,,13892,18,,,1
21300,'10',1926,,14315,11,,,1,100,,14318,11,,,1,100,,14316,11,,,1,100,,14317,11,,,1
21300,'13',1926,,14319,11,,,1,100,,14322,11,,,1,100,,14320,11,,,1,100,,14321,11,,,1
21300,'7',726,,14326,11,,,1,100,,14328,11,,,1,100,,14332,11,,,1,100,,14334,11,,,1,100,,14323,11,,,1,100,,11681,11,,,1,100,,14327,11,,,1,100,,14330,11,,,1,100,,14325,11,,,1,100,,14329,11,,,1,100,,14331,11,,,1,100,,14333,11,,,1,100,,14324,11,,,1
