11400,'14',633,,5615,7,,,1,100,,5616,7,,,1,100,,5620,7,,,1,100,,5617,7,,,1,100,,5619,7,,,1,100,,5618,7,,,1,100,,5624,7,,,1,100,,5623,7,,,1,100,,5626,7,,,1,100,,5621,7,,,1,100,,5625,7,,,1,100,,5622,7,,,1
11400,'18',633,,5627,7,,,1,100,,5628,7,,,1,100,,5632,7,,,1,100,,5629,7,,,1,100,,5631,7,,,1,100,,5630,7,,,1,100,,5636,7,,,1,100,,5635,7,,,1,100,,5638,7,,,1,100,,5633,7,,,1,100,,5637,7,,,1,100,,5634,7,,,1
11400,'20',633,,5639,7,,,1,100,,5640,7,,,1,100,,5643,7,,,1,100,,5641,7,,,1,100,,5642,7,,,1,100,,1137,7,,,1,100,,5647,7,,,1,100,,5646,7,,,1,100,,5649,7,,,1,100,,5644,7,,,1,100,,5648,7,,,1,100,,5645,7,,,1
11400,'8',633,,5650,7,,,1,100,,5651,7,,,1,100,,5655,7,,,1,100,,5652,7,,,1,100,,5654,7,,,1,100,,5653,7,,,1,100,,5659,7,,,1,100,,5658,7,,,1,100,,5661,7,,,1,100,,5656,7,,,1,100,,5660,7,,,1,100,,5657,7,,,1
21400,'11',733,,7830,7,,,1,100,,7826,7,,,1,100,,7835,7,,,1,100,,7823,7,,,1,100,,7829,7,,,1,100,,7827,7,,,1,100,,7833,7,,,1,100,,7824,7,,,1,100,,7832,7,,,1,100,,7831,7,,,1,100,,7834,7,,,1,100,,7825,7,,,1,100,,7828,7,,,1
21400,'14',1833,,7839,7,,,1,100,,7836,7,,,1,100,,7840,7,,,1,100,,7838,7,,,1,100,,7837,7,,,1
21400,'18',1833,,7844,7,,,1,100,,7841,7,,,1,100,,7845,7,,,1,100,,7843,7,,,1,100,,7842,7,,,1
21400,'20',1833,,7848,7,,,1,100,,7847,7,,,1,100,,7846,7,,,1,100,,7849,7,,,1,100,,339,7,,,1
21400,'4',733,,7857,7,,,1,100,,7853,7,,,1,100,,7862,7,,,1,100,,7850,7,,,1,100,,7856,7,,,1,100,,7854,7,,,1,100,,7860,7,,,1,100,,7851,7,,,1,100,,7859,7,,,1,100,,7858,7,,,1,100,,7861,7,,,1,100,,7852,7,,,1,100,,7855,7,,,1
21400,'8',1833,,7866,7,,,1,100,,7865,7,,,1,100,,7863,7,,,1,100,,7867,7,,,1,100,,7864,7,,,1
