10100,'14',707,,2603,14,,,1,30,,2868,14,,,1,70,,1656,14,,,1,30,,2872,14,,,1,70,,2869,14,,,1,30,,2880,14,,,1,70,,2878,14,,,1,100,,2873,14,,,1,100,,2881,14,,,1,100,,2877,14,,,1,100,,2876,14,,,1,100,,2867,14,,,1,30,,2875,14,,,1,70,,2879,14,,,1,30,,2882,14,,,1,70,,2870,14,,,1,30,,2871,14,,,1,70,,2874,14,,,1
10100,'18',707,,2890,14,,,1,30,,2884,14,,,1,70,,2895,14,,,1,30,,2888,14,,,1,70,,2885,14,,,1,30,,2898,14,,,1,70,,2896,14,,,1,100,,2889,14,,,1,100,,2899,14,,,1,100,,2894,14,,,1,100,,2893,14,,,1,100,,2883,14,,,1,30,,2892,14,,,1,70,,2897,14,,,1,30,,2900,14,,,1,70,,2886,14,,,1,30,,2887,14,,,1,70,,2891,14,,,1
10100,'20',707,,2552,14,,,1,30,,2902,14,,,1,70,,1610,14,,,1,30,,2906,14,,,1,70,,2903,14,,,1,30,,2914,14,,,1,70,,2912,14,,,1,100,,2907,14,,,1,100,,2915,14,,,1,100,,2911,14,,,1,100,,2910,14,,,1,100,,2901,14,,,1,30,,2909,14,,,1,70,,2913,14,,,1,30,,2916,14,,,1,70,,2904,14,,,1,30,,2905,14,,,1,70,,2908,14,,,1
10100,'8',707,,2924,14,,,1,30,,2918,14,,,1,70,,2929,14,,,1,30,,2922,14,,,1,70,,2919,14,,,1,30,,2932,14,,,1,70,,2930,14,,,1,100,,2923,14,,,1,100,,2933,14,,,1,100,,2928,14,,,1,100,,2927,14,,,1,100,,2917,14,,,1,30,,2926,14,,,1,70,,2931,14,,,1,30,,2934,14,,,1,70,,2920,14,,,1,30,,2921,14,,,1,70,,2925,14,,,1
20300,'11',735,,6213,10,,,1,70,,6203,10,,,1,30,,2599,10,,,1,70,,6204,10,,,1,30,,6214,10,,,1,70,,6208,10,,,1,30,,6218,10,,,1,70,,1827,10,,,1,30,,6216,10,,,1,70,,6211,10,,,1,30,,6205,10,,,1,70,,6200,10,,,1,30,,6209,10,,,1,70,,6199,10,,,1,30,,6215,10,,,1,70,,6212,10,,,1,30,,6198,10,,,1,70,,6197,10,,,1,30,,6195,10,,,1,70,,6210,10,,,1,30,,6202,10,,,1,70,,6201,10,,,1,30,,6206,10,,,1,70,,6207,10,,,1,30,,6217,10,,,1,70,,6196,10,,,1,30,,6194,10,,,1
20300,'14',1905,,6223,10,,,1,30,,6225,10,,,1,70,,6219,10,,,1,30,,6220,10,,,1,70,,2607,10,,,1,30,,6226,10,,,1,70,,6222,10,,,1,30,,6224,10,,,1,70,,6221,10,,,1
20300,'18',1905,,6231,10,,,1,30,,6234,10,,,1,70,,6227,10,,,1,30,,6228,10,,,1,70,,6232,10,,,1,30,,6235,10,,,1,70,,6230,10,,,1,30,,6233,10,,,1,70,,6229,10,,,1
20300,'20',1905,,6240,10,,,1,30,,6242,10,,,1,70,,6236,10,,,1,30,,6237,10,,,1,70,,2556,10,,,1,30,,6243,10,,,1,70,,6239,10,,,1,30,,6241,10,,,1,70,,6238,10,,,1
20300,'4',735,,6264,10,,,1,70,,6254,10,,,1,30,,6267,10,,,1,70,,6255,10,,,1,30,,6265,10,,,1,70,,6259,10,,,1,30,,6270,10,,,1,70,,6249,10,,,1,30,,6268,10,,,1,70,,6262,10,,,1,30,,6256,10,,,1,70,,6251,10,,,1,30,,6260,10,,,1,70,,6250,10,,,1,30,,6266,10,,,1,70,,6263,10,,,1,30,,6248,10,,,1,70,,6247,10,,,1,30,,6245,10,,,1,70,,6261,10,,,1,30,,6253,10,,,1,70,,6252,10,,,1,30,,6257,10,,,1,70,,6258,10,,,1,30,,6269,10,,,1,70,,6246,10,,,1,30,,6244,10,,,1
20300,'8',1905,,6275,10,,,1,30,,6278,10,,,1,70,,6271,10,,,1,30,,6272,10,,,1,70,,6276,10,,,1,30,,6279,10,,,1,70,,6274,10,,,1,30,,6277,10,,,1,70,,6273,10,,,1
