11601,'14',607,,6042,2,0,9 3 10 16,1,30,,6019,2,0,9 3 10 16,1,70,,6021,2,0,9 3 10 16,1,30,,6051,2,0,9 3 10 16,1,70,,6043,2,0,9 3 10 16,1,30,,262,2,0,9 3 10 16,1,70,,6018,2,0,9 3 10 16,1,30,,6035,2,0,9 3 10 16,1,70,,6027,2,0,9 3 10 16,1,30,,6053,2,0,9 3 10 16,1,70,,6047,2,0,9 3 10 16,1,30,,6046,2,0,9 3 10 16,1,70,,6024,2,0,9 3 10 16,1,30,,6031,2,0,9 3 10 16,1,70,,6044,2,0,9 3 10 16,1,30,,1209,2,0,9 3 10 16,1,70,,6020,2,0,9 3 10 16,1,30,,6032,2,0,9 3 10 16,1,70,,6052,2,0,9 3 10 16,1,30,,6040,2,0,9 3 10 16,1,70,,6034,2,0,9 3 10 16,1,30,,6033,2,0,9 3 10 16,1,70,,6026,2,0,9 3 10 16,1,30,,6025,2,0,9 3 10 16,1
11601,'18',607,,6089,2,0,9 3 10 16,1,30,,6062,2,0,9 3 10 16,1,70,,6064,2,0,9 3 10 16,1,30,,6099,2,0,9 3 10 16,1,70,,6090,2,0,9 3 10 16,1,30,,6092,2,0,9 3 10 16,1,70,,6061,2,0,9 3 10 16,1,30,,6081,2,0,9 3 10 16,1,70,,6071,2,0,9 3 10 16,1,30,,6101,2,0,9 3 10 16,1,70,,6095,2,0,9 3 10 16,1,30,,6094,2,0,9 3 10 16,1,70,,6068,2,0,9 3 10 16,1,30,,6076,2,0,9 3 10 16,1,70,,6091,2,0,9 3 10 16,1,30,,6067,2,0,9 3 10 16,1,70,,6063,2,0,9 3 10 16,1,30,,6077,2,0,9 3 10 16,1,70,,6100,2,0,9 3 10 16,1,30,,6087,2,0,9 3 10 16,1,70,,6080,2,0,9 3 10 16,1,30,,6078,2,0,9 3 10 16,1,70,,6070,2,0,9 3 10 16,1,30,,6069,2,0,9 3 10 16,1
11601,'20',607,,6132,2,0,9 3 10 16,1,30,,6109,2,0,9 3 10 16,1,70,,6111,2,0,9 3 10 16,1,30,,6141,2,0,9 3 10 16,1,70,,6133,2,0,9 3 10 16,1,30,,242,2,0,9 3 10 16,1,70,,6108,2,0,9 3 10 16,1,30,,6124,2,0,9 3 10 16,1,70,,6118,2,0,9 3 10 16,1,30,,6143,2,0,9 3 10 16,1,70,,6137,2,0,9 3 10 16,1,30,,6136,2,0,9 3 10 16,1,70,,6115,2,0,9 3 10 16,1,30,,6121,2,0,9 3 10 16,1,70,,6134,2,0,9 3 10 16,1,30,,6114,2,0,9 3 10 16,1,70,,6110,2,0,9 3 10 16,1,30,,1189,2,0,9 3 10 16,1,70,,6142,2,0,9 3 10 16,1,30,,6130,2,0,9 3 10 16,1,70,,6123,2,0,9 3 10 16,1,30,,6122,2,0,9 3 10 16,1,70,,6117,2,0,9 3 10 16,1,30,,6116,2,0,9 3 10 16,1
11601,'8',607,,6179,2,0,9 3 10 16,1,30,,6152,2,0,9 3 10 16,1,70,,6154,2,0,9 3 10 16,1,30,,6189,2,0,9 3 10 16,1,70,,6180,2,0,9 3 10 16,1,30,,6182,2,0,9 3 10 16,1,70,,6151,2,0,9 3 10 16,1,30,,6171,2,0,9 3 10 16,1,70,,6161,2,0,9 3 10 16,1,30,,6191,2,0,9 3 10 16,1,70,,6185,2,0,9 3 10 16,1,30,,6184,2,0,9 3 10 16,1,70,,6158,2,0,9 3 10 16,1,30,,6166,2,0,9 3 10 16,1,70,,6181,2,0,9 3 10 16,1,30,,6157,2,0,9 3 10 16,1,70,,6153,2,0,9 3 10 16,1,30,,6167,2,0,9 3 10 16,1,70,,6190,2,0,9 3 10 16,1,30,,6177,2,0,9 3 10 16,1,70,,6170,2,0,9 3 10 16,1,30,,6168,2,0,9 3 10 16,1,70,,6160,2,0,9 3 10 16,1,30,,6159,2,0,9 3 10 16,1
21601,'11',637,,8171,2,0,9 3 10 16,1,70,,8153,2,0,9 3 10 16,1,30,,8160,2,0,9 3 10 16,1,70,,8148,2,0,9 3 10 16,1,30,,8155,2,0,9 3 10 16,1,70,,8173,2,0,9 3 10 16,1,30,,8147,2,0,9 3 10 16,1,70,,8150,2,0,9 3 10 16,1,30,,8125,2,0,9 3 10 16,1,70,,8169,2,0,9 3 10 16,1,30,,8143,2,0,9 3 10 16,1,70,,8158,2,0,9 3 10 16,1,30,,8165,2,0,9 3 10 16,1,70,,8178,2,0,9 3 10 16,1,30,,8170,2,0,9 3 10 16,1,70,,8167,2,0,9 3 10 16,1,30,,8137,2,0,9 3 10 16,1,70,,8152,2,0,9 3 10 16,1,30,,8133,2,0,9 3 10 16,1,70,,8142,2,0,9 3 10 16,1,30,,8151,2,0,9 3 10 16,1,70,,8132,2,0,9 3 10 16,1,30,,8177,2,0,9 3 10 16,1,70,,8145,2,0,9 3 10 16,1,30,,8179,2,0,9 3 10 16,1,70,,2575,2,0,9 3 10 16,1,30,,8130,2,0,9 3 10 16,1,70,,8140,2,0,9 3 10 16,1,30,,8164,2,0,9 3 10 16,1
21601,'14',1807,,8184,2,0,9 3 10 16,1,30,,8196,2,0,9 3 10 16,1,70,,8189,2,0,9 3 10 16,1,30,,8186,2,0,9 3 10 16,1,70,,1655,2,0,9 3 10 16,1,30,,8187,2,0,9 3 10 16,1,70,,8198,2,0,9 3 10 16,1,30,,8192,2,0,9 3 10 16,1,70,,8194,2,0,9 3 10 16,1,30,,8181,2,0,9 3 10 16,1,70,,8195,2,0,9 3 10 16,1
21601,'18',1807,,8205,2,0,9 3 10 16,1,30,,8218,2,0,9 3 10 16,1,70,,8210,2,0,9 3 10 16,1,30,,8207,2,0,9 3 10 16,1,70,,8215,2,0,9 3 10 16,1,30,,8208,2,0,9 3 10 16,1,70,,8220,2,0,9 3 10 16,1,30,,8213,2,0,9 3 10 16,1,70,,8216,2,0,9 3 10 16,1,30,,8202,2,0,9 3 10 16,1,70,,8217,2,0,9 3 10 16,1
21601,'20',1807,,8226,2,0,9 3 10 16,1,30,,8238,2,0,9 3 10 16,1,70,,8231,2,0,9 3 10 16,1,30,,8228,2,0,9 3 10 16,1,70,,1609,2,0,9 3 10 16,1,30,,8229,2,0,9 3 10 16,1,70,,8240,2,0,9 3 10 16,1,30,,8234,2,0,9 3 10 16,1,70,,8236,2,0,9 3 10 16,1,30,,8223,2,0,9 3 10 16,1,70,,8237,2,0,9 3 10 16,1
21601,'4',637,,8291,2,0,9 3 10 16,1,70,,8273,2,0,9 3 10 16,1,30,,8280,2,0,9 3 10 16,1,70,,8267,2,0,9 3 10 16,1,30,,8275,2,0,9 3 10 16,1,70,,8293,2,0,9 3 10 16,1,30,,8266,2,0,9 3 10 16,1,70,,8270,2,0,9 3 10 16,1,30,,8244,2,0,9 3 10 16,1,70,,8289,2,0,9 3 10 16,1,30,,8262,2,0,9 3 10 16,1,70,,8278,2,0,9 3 10 16,1,30,,8285,2,0,9 3 10 16,1,70,,8298,2,0,9 3 10 16,1,30,,8290,2,0,9 3 10 16,1,70,,8287,2,0,9 3 10 16,1,30,,8256,2,0,9 3 10 16,1,70,,8272,2,0,9 3 10 16,1,30,,8252,2,0,9 3 10 16,1,70,,8261,2,0,9 3 10 16,1,30,,8271,2,0,9 3 10 16,1,70,,8251,2,0,9 3 10 16,1,30,,8297,2,0,9 3 10 16,1,70,,8264,2,0,9 3 10 16,1,30,,8299,2,0,9 3 10 16,1,70,,8268,2,0,9 3 10 16,1,30,,8249,2,0,9 3 10 16,1,70,,8259,2,0,9 3 10 16,1,30,,8284,2,0,9 3 10 16,1
21601,'8',1807,,8305,2,0,9 3 10 16,1,30,,8318,2,0,9 3 10 16,1,70,,8310,2,0,9 3 10 16,1,30,,8307,2,0,9 3 10 16,1,70,,8315,2,0,9 3 10 16,1,30,,8308,2,0,9 3 10 16,1,70,,8320,2,0,9 3 10 16,1,30,,8313,2,0,9 3 10 16,1,70,,8316,2,0,9 3 10 16,1,30,,8302,2,0,9 3 10 16,1,70,,8317,2,0,9 3 10 16,1
