11600,'14',637,,5859,2,0,21 22,1,70,,5870,2,0,21 22,1,30,,5842,2,0,21 22,1,70,,5846,2,0,21 22,1,30,,5865,2,0,21 22,1,70,,5838,2,0,21 22,1,30,,402,2,0,21 22,1,70,,5862,2,0,21 22,1,30,,5866,2,0,21 22,1,70,,5874,2,0,21 22,1,30,,5849,2,0,21 22,1,70,,5878,2,0,21 22,1,30,,5850,2,0,21 22,1,70,,5871,2,0,21 22,1,30,,5847,2,0,21 22,1,70,,5844,2,0,21 22,1,30,,5869,2,0,21 22,1,70,,5863,2,0,21 22,1,30,,5854,2,0,21 22,1,70,,627,2,0,21 22,1,30,,5843,2,0,21 22,1,70,,5851,2,0,21 22,1,30,,5839,2,0,21 22,1
11600,'18',637,,5904,2,0,21 22,1,70,,5916,2,0,21 22,1,30,,5884,2,0,21 22,1,70,,5888,2,0,21 22,1,30,,5911,2,0,21 22,1,70,,5880,2,0,21 22,1,30,,5908,2,0,21 22,1,70,,5907,2,0,21 22,1,30,,5912,2,0,21 22,1,70,,5920,2,0,21 22,1,30,,5892,2,0,21 22,1,70,,5924,2,0,21 22,1,30,,5893,2,0,21 22,1,70,,5917,2,0,21 22,1,30,,5889,2,0,21 22,1,70,,5886,2,0,21 22,1,30,,5915,2,0,21 22,1,70,,5909,2,0,21 22,1,30,,5899,2,0,21 22,1,70,,5896,2,0,21 22,1,30,,5885,2,0,21 22,1,70,,5894,2,0,21 22,1,30,,5881,2,0,21 22,1
11600,'20',637,,5947,2,0,21 22,1,70,,5958,2,0,21 22,1,30,,5930,2,0,21 22,1,70,,5934,2,0,21 22,1,30,,5953,2,0,21 22,1,70,,5926,2,0,21 22,1,30,,352,2,0,21 22,1,70,,5950,2,0,21 22,1,30,,5954,2,0,21 22,1,70,,5962,2,0,21 22,1,30,,5937,2,0,21 22,1,70,,5966,2,0,21 22,1,30,,5938,2,0,21 22,1,70,,5959,2,0,21 22,1,30,,5935,2,0,21 22,1,70,,5932,2,0,21 22,1,30,,5957,2,0,21 22,1,70,,5951,2,0,21 22,1,30,,5942,2,0,21 22,1,70,,607,2,0,21 22,1,30,,5931,2,0,21 22,1,70,,5939,2,0,21 22,1,30,,5927,2,0,21 22,1
11600,'8',637,,5992,2,0,21 22,1,70,,6004,2,0,21 22,1,30,,5972,2,0,21 22,1,70,,5976,2,0,21 22,1,30,,5999,2,0,21 22,1,70,,5968,2,0,21 22,1,30,,5996,2,0,21 22,1,70,,5995,2,0,21 22,1,30,,6000,2,0,21 22,1,70,,6008,2,0,21 22,1,30,,5980,2,0,21 22,1,70,,6012,2,0,21 22,1,30,,5981,2,0,21 22,1,70,,6005,2,0,21 22,1,30,,5977,2,0,21 22,1,70,,5974,2,0,21 22,1,30,,6003,2,0,21 22,1,70,,5997,2,0,21 22,1,30,,5987,2,0,21 22,1,70,,5984,2,0,21 22,1,30,,5973,2,0,21 22,1,70,,5982,2,0,21 22,1,30,,5969,2,0,21 22,1
21600,'11',707,,7922,2,0,21 22,1,30,,7962,2,0,21 22,1,70,,7944,2,0,21 22,1,30,,7924,2,0,21 22,1,70,,7945,2,0,21 22,1,30,,7929,2,0,21 22,1,70,,7958,2,0,21 22,1,30,,7965,2,0,21 22,1,70,,7931,2,0,21 22,1,30,,7955,2,0,21 22,1,70,,7913,2,0,21 22,1,30,,1971,2,0,21 22,1,70,,7950,2,0,21 22,1,30,,7941,2,0,21 22,1,70,,7916,2,0,21 22,1,30,,7928,2,0,21 22,1,70,,7938,2,0,21 22,1,30,,7957,2,0,21 22,1,70,,7946,2,0,21 22,1,30,,7921,2,0,21 22,1,70,,7940,2,0,21 22,1,30,,7949,2,0,21 22,1,70,,7926,2,0,21 22,1,30,,7915,2,0,21 22,1,70,,7964,2,0,21 22,1,30,,7943,2,0,21 22,1,70,,7963,2,0,21 22,1,30,,7966,2,0,21 22,1,70,,7917,2,0,21 22,1
21600,'14',1807,,7992,2,0,21 22,1,30,,7976,2,0,21 22,1,70,,7977,2,0,21 22,1,30,,7985,2,0,21 22,1,70,,7984,2,0,21 22,1,30,,7981,2,0,21 22,1,70,,7974,2,0,21 22,1,30,,7988,2,0,21 22,1,70,,7982,2,0,21 22,1,30,,7986,2,0,21 22,1,70,,7975,2,0,21 22,1,30,,7979,2,0,21 22,1
21600,'18',1807,,8016,2,0,21 22,1,30,,7999,2,0,21 22,1,70,,8000,2,0,21 22,1,30,,8009,2,0,21 22,1,70,,8008,2,0,21 22,1,30,,8005,2,0,21 22,1,70,,7997,2,0,21 22,1,30,,8012,2,0,21 22,1,70,,8006,2,0,21 22,1,30,,8010,2,0,21 22,1,70,,7998,2,0,21 22,1,30,,8002,2,0,21 22,1
21600,'20',1807,,8040,2,0,21 22,1,30,,8023,2,0,21 22,1,70,,8024,2,0,21 22,1,30,,8033,2,0,21 22,1,70,,8032,2,0,21 22,1,30,,8029,2,0,21 22,1,70,,8021,2,0,21 22,1,30,,8036,2,0,21 22,1,70,,8030,2,0,21 22,1,30,,8034,2,0,21 22,1,70,,8022,2,0,21 22,1,30,,8026,2,0,21 22,1
21600,'4',707,,8050,2,0,21 22,1,30,,8091,2,0,21 22,1,70,,8072,2,0,21 22,1,30,,8052,2,0,21 22,1,70,,8073,2,0,21 22,1,30,,8057,2,0,21 22,1,70,,8087,2,0,21 22,1,30,,8094,2,0,21 22,1,70,,8059,2,0,21 22,1,30,,8084,2,0,21 22,1,70,,8041,2,0,21 22,1,30,,8074,2,0,21 22,1,70,,8079,2,0,21 22,1,30,,8069,2,0,21 22,1,70,,8044,2,0,21 22,1,30,,8056,2,0,21 22,1,70,,8066,2,0,21 22,1,30,,8086,2,0,21 22,1,70,,8075,2,0,21 22,1,30,,8049,2,0,21 22,1,70,,8068,2,0,21 22,1,30,,8078,2,0,21 22,1,70,,8054,2,0,21 22,1,30,,8043,2,0,21 22,1,70,,8093,2,0,21 22,1,30,,8071,2,0,21 22,1,70,,8092,2,0,21 22,1,30,,8095,2,0,21 22,1,70,,8045,2,0,21 22,1
21600,'8',1807,,8122,2,0,21 22,1,30,,8105,2,0,21 22,1,70,,8106,2,0,21 22,1,30,,8115,2,0,21 22,1,70,,8114,2,0,21 22,1,30,,8111,2,0,21 22,1,70,,8103,2,0,21 22,1,30,,8118,2,0,21 22,1,70,,8112,2,0,21 22,1,30,,8116,2,0,21 22,1,70,,8104,2,0,21 22,1,30,,8108,2,0,21 22,1
