10701,'14',600,,4183,3,0,9 3 10,1,100,,4178,3,0,9 3 10,1,30,,1433,3,0,9 3 10,1,70,,4164,3,0,9 3 10,1,30,,4181,3,0,9 3 10,1,70,,4166,3,0,9 3 10,1,100,,4188,3,0,9 3 10,1,100,,4148,3,0,9 3 10,1,100,,4154,3,0,9 3 10,1,100,,4173,3,0,9 3 10,1,100,,4191,3,0,9 3 10,1,30,,4196,3,0,9 3 10,1,70,,4152,3,0,9 3 10,1,30,,4169,3,0,9 3 10,1,70,,4197,3,0,9 3 10,1,30,,4168,3,0,9 3 10,1,70,,4177,3,0,9 3 10,1,30,,4145,3,0,9 3 10,1,70,,4187,3,0,9 3 10,1,100,,4189,3,0,9 3 10,1
10701,'18',600,,4244,3,0,9 3 10,1,100,,4237,3,0,9 3 10,1,30,,4229,3,0,9 3 10,1,70,,4221,3,0,9 3 10,1,30,,4241,3,0,9 3 10,1,70,,4223,3,0,9 3 10,1,100,,4248,3,0,9 3 10,1,100,,4205,3,0,9 3 10,1,100,,4211,3,0,9 3 10,1,100,,4231,3,0,9 3 10,1,100,,4251,3,0,9 3 10,1,30,,4256,3,0,9 3 10,1,70,,4209,3,0,9 3 10,1,30,,4226,3,0,9 3 10,1,70,,4257,3,0,9 3 10,1,30,,4225,3,0,9 3 10,1,70,,4235,3,0,9 3 10,1,30,,4202,3,0,9 3 10,1,70,,4247,3,0,9 3 10,1,100,,4249,3,0,9 3 10,1
10701,'20',600,,4299,3,0,9 3 10,1,100,,4295,3,0,9 3 10,1,30,,1390,3,0,9 3 10,1,70,,4281,3,0,9 3 10,1,30,,4298,3,0,9 3 10,1,70,,4283,3,0,9 3 10,1,100,,4305,3,0,9 3 10,1,100,,4265,3,0,9 3 10,1,100,,4271,3,0,9 3 10,1,100,,4290,3,0,9 3 10,1,100,,4308,3,0,9 3 10,1,30,,4313,3,0,9 3 10,1,70,,4269,3,0,9 3 10,1,30,,4286,3,0,9 3 10,1,70,,4314,3,0,9 3 10,1,30,,4285,3,0,9 3 10,1,70,,4294,3,0,9 3 10,1,30,,4262,3,0,9 3 10,1,70,,4304,3,0,9 3 10,1,100,,4306,3,0,9 3 10,1
10701,'8',600,,4361,3,0,9 3 10,1,100,,4354,3,0,9 3 10,1,30,,4346,3,0,9 3 10,1,70,,4338,3,0,9 3 10,1,30,,4358,3,0,9 3 10,1,70,,4340,3,0,9 3 10,1,100,,4365,3,0,9 3 10,1,100,,4322,3,0,9 3 10,1,100,,4328,3,0,9 3 10,1,100,,4348,3,0,9 3 10,1,100,,4368,3,0,9 3 10,1,30,,4373,3,0,9 3 10,1,70,,4326,3,0,9 3 10,1,30,,4343,3,0,9 3 10,1,70,,4374,3,0,9 3 10,1,30,,4342,3,0,9 3 10,1,70,,4352,3,0,9 3 10,1,30,,4319,3,0,9 3 10,1,70,,4364,3,0,9 3 10,1,100,,4366,3,0,9 3 10,1
21401,'11',741,,7872,12,,,1,100,,7880,12,,,1,100,,7876,12,,,1,100,,7871,12,,,1,100,,7873,12,,,1,100,,7879,12,,,1,100,,7878,12,,,1,100,,7869,12,,,1,100,,7875,12,,,1,100,,7868,12,,,1,100,,7877,12,,,1,100,,7874,12,,,1,100,,7870,12,,,1
21401,'14',1841,,7885,12,,,1,100,,7883,12,,,1,100,,7881,12,,,1,100,,7884,12,,,1,100,,7882,12,,,1
21401,'18',1841,,7890,12,,,1,100,,7888,12,,,1,100,,7886,12,,,1,100,,7889,12,,,1,100,,7887,12,,,1
21401,'20',1841,,7893,12,,,1,100,,81,12,,,1,100,,7891,12,,,1,100,,7892,12,,,1,100,,7894,12,,,1
21401,'4',741,,7899,12,,,1,100,,7907,12,,,1,100,,7903,12,,,1,100,,7898,12,,,1,100,,7900,12,,,1,100,,7906,12,,,1,100,,7905,12,,,1,100,,7896,12,,,1,100,,7902,12,,,1,100,,7895,12,,,1,100,,7904,12,,,1,100,,7901,12,,,1,100,,7897,12,,,1
21401,'8',1841,,7911,12,,,1,100,,7909,12,,,1,100,,7908,12,,,1,100,,7910,12,,,1,100,,7912,12,,,1
