10201,'14',651,,3050,10,,,1,70,,3029,10,,,1,30,,3040,10,,,1,70,,3012,10,,,1,30,,3008,10,,,1,70,,3025,10,,,1,30,,3006,10,,,1,100,,2633,10,,,1,100,,3037,10,,,1,100,,3014,10,,,1,100,,3021,10,,,1,100,,2476,10,,,1,70,,3004,10,,,1,30,,3019,10,,,1,70,,3044,10,,,1,30,,3032,10,,,1,70,,3036,10,,,1,30,,3041,10,,,1
10201,'18',651,,3107,10,,,1,70,,3086,10,,,1,30,,3097,10,,,1,70,,3065,10,,,1,30,,3060,10,,,1,70,,3082,10,,,1,30,,3058,10,,,1,100,,3073,10,,,1,100,,3094,10,,,1,100,,3067,10,,,1,100,,3078,10,,,1,100,,3062,10,,,1,70,,3055,10,,,1,30,,3075,10,,,1,70,,3101,10,,,1,30,,3089,10,,,1,70,,3093,10,,,1,30,,3098,10,,,1
10201,'20',651,,3159,10,,,1,70,,3138,10,,,1,30,,3149,10,,,1,70,,3120,10,,,1,30,,3116,10,,,1,70,,3134,10,,,1,30,,3114,10,,,1,100,,3127,10,,,1,100,,3146,10,,,1,100,,3122,10,,,1,100,,3130,10,,,1,100,,2440,10,,,1,70,,3112,10,,,1,30,,3128,10,,,1,70,,3153,10,,,1,30,,3141,10,,,1,70,,3145,10,,,1,30,,3150,10,,,1
10201,'8',651,,3216,10,,,1,70,,3195,10,,,1,30,,3206,10,,,1,70,,3174,10,,,1,30,,3169,10,,,1,70,,3191,10,,,1,30,,3167,10,,,1,100,,3182,10,,,1,100,,3203,10,,,1,100,,3176,10,,,1,100,,3187,10,,,1,100,,3171,10,,,1,70,,3164,10,,,1,30,,3184,10,,,1,70,,3210,10,,,1,30,,3198,10,,,1,70,,3202,10,,,1,30,,3207,10,,,1
10701,'14',623,,4184,15,,,1,100,,4174,15,,,1,30,,4150,15,,,1,70,,476,15,,,1,30,,4159,15,,,1,70,,4149,15,,,1,100,,4155,15,,,1,100,,4147,15,,,1,100,,4190,15,,,1,104,,4193,15,,,1,96,,4162,15,,,1,30,,4163,15,,,1,70,,4161,15,,,1,30,,4156,15,,,1,74,,4194,15,,,1,26,,4180,15,,,1,74,,4185,15,,,1,30,,4167,15,,,1,66,,4165,15,,,1,100,,4153,15,,,1
10701,'18',623,,4243,15,,,1,100,,4232,15,,,1,30,,4207,15,,,1,70,,4236,15,,,1,30,,4216,15,,,1,70,,4206,15,,,1,100,,4212,15,,,1,100,,4204,15,,,1,100,,4250,15,,,1,104,,4253,15,,,1,96,,4219,15,,,1,30,,4220,15,,,1,70,,4218,15,,,1,30,,4213,15,,,1,74,,4254,15,,,1,26,,4240,15,,,1,74,,4245,15,,,1,30,,4224,15,,,1,66,,4222,15,,,1,100,,4210,15,,,1
10701,'20',623,,4301,15,,,1,100,,4291,15,,,1,30,,4267,15,,,1,70,,438,15,,,1,30,,4276,15,,,1,70,,4266,15,,,1,100,,4272,15,,,1,100,,4264,15,,,1,100,,4307,15,,,1,104,,4310,15,,,1,96,,4279,15,,,1,30,,4280,15,,,1,70,,4278,15,,,1,30,,4273,15,,,1,74,,4311,15,,,1,26,,4297,15,,,1,74,,4302,15,,,1,30,,4284,15,,,1,66,,4282,15,,,1,100,,4270,15,,,1
10701,'8',623,,4360,15,,,1,100,,4349,15,,,1,30,,4324,15,,,1,70,,4353,15,,,1,30,,4333,15,,,1,70,,4323,15,,,1,100,,4329,15,,,1,100,,4321,15,,,1,100,,4367,15,,,1,104,,4370,15,,,1,96,,4336,15,,,1,30,,4337,15,,,1,70,,4335,15,,,1,30,,4330,15,,,1,74,,4371,15,,,1,26,,4357,15,,,1,74,,4362,15,,,1,30,,4341,15,,,1,66,,4339,15,,,1,100,,4327,15,,,1
21001,'11',721,,7406,10,,,1,30,,7399,10,,,1,70,,7407,10,,,1,30,,7396,10,,,1,70,,7414,10,,,1,30,,7415,10,,,1,70,,7395,10,,,1,30,,7400,10,,,1,70,,2572,10,,,1,30,,7417,10,,,1,70,,7404,10,,,1,30,,7411,10,,,1,70,,7418,10,,,1,30,,1974,10,,,1,70,,7401,10,,,1,30,,7397,10,,,1,70,,7402,10,,,1,30,,7419,10,,,1,70,,2600,10,,,1,30,,7409,10,,,1,70,,7410,10,,,1,30,,7412,10,,,1,70,,7403,10,,,1,30,,7416,10,,,1,70,,7398,10,,,1,30,,7413,10,,,1,70,,7405,10,,,1,30,,7408,10,,,1
21001,'14',1851,,7420,10,,,1,70,,7423,10,,,1,30,,7424,10,,,1,70,,7427,10,,,1,30,,7421,10,,,1,70,,7428,10,,,1,30,,7425,10,,,1,70,,7426,10,,,1,30,,7429,10,,,1,70,,7422,10,,,1
21001,'18',1851,,7430,10,,,1,70,,7433,10,,,1,30,,7434,10,,,1,70,,7437,10,,,1,30,,7431,10,,,1,70,,7438,10,,,1,30,,7435,10,,,1,70,,7436,10,,,1,30,,7439,10,,,1,70,,7432,10,,,1
21001,'20',1851,,7440,10,,,1,70,,7443,10,,,1,30,,7444,10,,,1,70,,7447,10,,,1,30,,7441,10,,,1,70,,7448,10,,,1,30,,7445,10,,,1,70,,7446,10,,,1,30,,7449,10,,,1,70,,7442,10,,,1
21001,'4',721,,7462,10,,,1,30,,7454,10,,,1,70,,7463,10,,,1,30,,7451,10,,,1,70,,7470,10,,,1,30,,7471,10,,,1,70,,7450,10,,,1,30,,7455,10,,,1,70,,7458,10,,,1,30,,7475,10,,,1,70,,7460,10,,,1,30,,7467,10,,,1,70,,7476,10,,,1,30,,7472,10,,,1,70,,7456,10,,,1,30,,7452,10,,,1,70,,7457,10,,,1,30,,7477,10,,,1,70,,7474,10,,,1,30,,7465,10,,,1,70,,7466,10,,,1,30,,7468,10,,,1,70,,7459,10,,,1,30,,7473,10,,,1,70,,7453,10,,,1,30,,7469,10,,,1,70,,7461,10,,,1,30,,7464,10,,,1
21001,'8',1851,,7478,10,,,1,70,,7481,10,,,1,30,,7482,10,,,1,70,,7485,10,,,1,30,,7479,10,,,1,70,,7486,10,,,1,30,,7483,10,,,1,70,,7484,10,,,1,30,,7487,10,,,1,70,,7480,10,,,1
