10501,'14',627,,3819,6,0,14 15 16,1,100,,3820,6,0,14 15 16,1,30,,3828,6,0,14 15 16,1,70,,3816,6,0,14 15 16,1,30,,3798,6,0,14 15 16,1,70,,3806,6,0,14 15 16,1,30,,3826,6,0,14 15 16,1,70,,3812,6,0,14 15 16,1,100,,3796,6,0,14 15 16,1,100,,3811,6,0,14 15 16,1,100,,3814,6,0,14 15 16,1,100,,3794,6,0,14 15 16,1,100,,3813,6,0,14 15 16,1,30,,3823,6,0,14 15 16,1,70,,3822,6,0,14 15 16,1,30,,3821,6,0,14 15 16,1,70,,3818,6,0,14 15 16,1,30,,3829,6,0,14 15 16,1,70,,3825,6,0,14 15 16,1
10501,'18',627,,3857,6,0,14 15 16,1,100,,3858,6,0,14 15 16,1,30,,3866,6,0,14 15 16,1,70,,3854,6,0,14 15 16,1,30,,3834,6,0,14 15 16,1,70,,3843,6,0,14 15 16,1,30,,3864,6,0,14 15 16,1,70,,3849,6,0,14 15 16,1,100,,3832,6,0,14 15 16,1,100,,3848,6,0,14 15 16,1,100,,3852,6,0,14 15 16,1,100,,3830,6,0,14 15 16,1,100,,3850,6,0,14 15 16,1,30,,3861,6,0,14 15 16,1,70,,3860,6,0,14 15 16,1,30,,3859,6,0,14 15 16,1,70,,3856,6,0,14 15 16,1,30,,3867,6,0,14 15 16,1,70,,3863,6,0,14 15 16,1
10501,'20',627,,3893,6,0,14 15 16,1,100,,3894,6,0,14 15 16,1,30,,3902,6,0,14 15 16,1,70,,3890,6,0,14 15 16,1,30,,3872,6,0,14 15 16,1,70,,3880,6,0,14 15 16,1,30,,3900,6,0,14 15 16,1,70,,3886,6,0,14 15 16,1,100,,3870,6,0,14 15 16,1,100,,3885,6,0,14 15 16,1,100,,3888,6,0,14 15 16,1,100,,3868,6,0,14 15 16,1,100,,3887,6,0,14 15 16,1,30,,3897,6,0,14 15 16,1,70,,3896,6,0,14 15 16,1,30,,3895,6,0,14 15 16,1,70,,3892,6,0,14 15 16,1,30,,3903,6,0,14 15 16,1,70,,3899,6,0,14 15 16,1
10501,'8',627,,3931,6,0,14 15 16,1,100,,3932,6,0,14 15 16,1,30,,3940,6,0,14 15 16,1,70,,3928,6,0,14 15 16,1,30,,3908,6,0,14 15 16,1,70,,3917,6,0,14 15 16,1,30,,3938,6,0,14 15 16,1,70,,3923,6,0,14 15 16,1,100,,3906,6,0,14 15 16,1,100,,3922,6,0,14 15 16,1,100,,3926,6,0,14 15 16,1,100,,3904,6,0,14 15 16,1,100,,3924,6,0,14 15 16,1,30,,3935,6,0,14 15 16,1,70,,3934,6,0,14 15 16,1,30,,3933,6,0,14 15 16,1,70,,3930,6,0,14 15 16,1,30,,3941,6,0,14 15 16,1,70,,3937,6,0,14 15 16,1
20501,'11',726,,6751,6,,,1,100,,6752,6,,,1,100,,6738,6,,,1,100,,2515,6,,,1,100,,6753,6,,,1,100,,6750,6,,,1,100,,6740,6,,,1,100,,6748,6,,,1,100,,6730,6,,,1,100,,6735,6,,,1,100,,6734,6,,,1,100,,6732,6,,,1,100,,6742,6,,,1,100,,6747,6,,,1
20501,'14',1926,,6756,6,,,1,100,,6762,6,,,1,100,,6755,6,,,1,100,,6760,6,,,1
20501,'18',1926,,6764,6,,,1,100,,6770,6,,,1,100,,6763,6,,,1,100,,6768,6,,,1
20501,'20',1926,,6772,6,,,1,100,,6778,6,,,1,100,,6771,6,,,1,100,,6776,6,,,1
20501,'4',726,,6803,6,,,1,100,,6804,6,,,1,100,,6789,6,,,1,100,,6796,6,,,1,100,,6805,6,,,1,100,,6802,6,,,1,100,,6791,6,,,1,100,,6800,6,,,1,100,,6780,6,,,1,100,,6786,6,,,1,100,,6785,6,,,1,100,,6783,6,,,1,100,,6793,6,,,1,100,,6799,6,,,1
20501,'8',1926,,6808,6,,,1,100,,6814,6,,,1,100,,6807,6,,,1,100,,6812,6,,,1
