10201,'10',644,,12073,18,4,,1,1,,4591,1,,,1,69,,12070,18,4,,1,1,,12111,1,,,1,29,,12105,18,4,,1,1,,12074,1,,,1,69,,12110,18,4,,1,1,,12082,1,,,1,29,,12109,18,4,,1,1,,12093,1,,,1,69,,12108,18,4,,1,1,,12091,1,,,1,29,,12083,18,4,,1,1,,12102,1,,,1,99,,12067,18,4,,1,1,,12072,1,,,1,99,,12089,18,4,,1,1,,12079,1,,,1,99,,12100,18,4,,1,1,,12104,1,,,1,99,,12095,18,4,,1,1,,12078,1,,,1,99,,12061,18,4,,1,1,,12068,1,,,1,69,,12098,18,4,,1,1,,12086,1,,,1,29,,12112,18,4,,1,1,,12107,1,,,1,69,,9814,18,4,,1,1,,12081,1,,,1,29,,12080,18,4,,1,1,,12092,1,,,1,69,,12090,18,4,,1,1,,12063,1,,,1,29,,12103,18,4,,1,1,,12064,1,,,1
10201,'13',644,,12126,18,4,,1,1,,4615,1,,,1,69,,12123,18,4,,1,1,,12164,1,,,1,29,,12158,18,4,,1,1,,12127,1,,,1,69,,12163,18,4,,1,1,,12135,1,,,1,29,,12162,18,4,,1,1,,12146,1,,,1,69,,12160,18,4,,1,1,,12144,1,,,1,29,,12136,18,4,,1,1,,12155,1,,,1,99,,12120,18,4,,1,1,,12125,1,,,1,99,,12142,18,4,,1,1,,12132,1,,,1,99,,12153,18,4,,1,1,,12157,1,,,1,99,,12148,18,4,,1,1,,12131,1,,,1,99,,12114,18,4,,1,1,,12121,1,,,1,69,,12151,18,4,,1,1,,12139,1,,,1,29,,12165,18,4,,1,1,,12161,1,,,1,69,,9768,18,4,,1,1,,12134,1,,,1,29,,12133,18,4,,1,1,,12145,1,,,1,69,,12143,18,4,,1,1,,12116,1,,,1,29,,12156,18,4,,1,1,,12117,1,,,1
10800,'10',700,,12735,1,,,1,30,,12750,1,,,1,70,,12754,1,,,1,30,,12744,1,,,1,70,,12741,1,,,1,30,,12743,1,,,1,100,,12731,1,,,1,100,,12726,1,,,1,100,,12745,1,,,1,100,,12734,1,,,1,100,,12724,1,,,1,70,,12738,1,,,1,30,,12746,1,,,1,70,,12728,1,,,1,30,,12753,1,,,1,70,,12749,1,,,1,30,,12733,1,,,1
10800,'13',700,,12768,1,,,1,30,,12782,1,,,1,70,,12765,1,,,1,30,,12777,1,,,1,70,,12775,1,,,1,30,,12776,1,,,1,100,,12764,1,,,1,100,,12759,1,,,1,100,,12778,1,,,1,100,,12767,1,,,1,100,,12757,1,,,1,70,,12771,1,,,1,30,,12779,1,,,1,70,,12761,1,,,1,30,,12785,1,,,1,70,,12780,1,,,1,30,,12766,1,,,1
10801,'10',652,,12789,35,4,,1,70,,12796,35,4,,1,30,,12795,35,4,,1,70,,12788,35,4,,1,30,,12798,35,4,,1,70,,10799,35,4,,1,100,,12786,35,4,,1,100,,12794,35,4,,1,100,,12799,35,4,,1,100,,12800,35,4,,1,100,,12791,35,4,,1,30,,12787,35,4,,1,70,,12792,35,4,,1,30,,12801,35,4,,1,70,,4655,35,4,,1,30,,12802,35,4,,1,70,,12790,35,4,,1
10801,'13',652,,12811,35,4,,1,70,,12814,35,4,,1,30,,12808,35,4,,1,70,,12806,35,4,,1,30,,10419,35,4,,1,70,,12803,35,4,,1,100,,12804,35,4,,1,100,,12812,35,4,,1,100,,12816,35,4,,1,100,,12817,35,4,,1,100,,12809,35,4,,1,30,,12805,35,4,,1,70,,12810,35,4,,1,30,,12818,35,4,,1,70,,4746,35,4,,1,30,,12819,35,4,,1,70,,12807,35,4,,1
10900,'10',700,,12822,1,,,1,100,,12824,1,,,1,100,,12821,1,,,1,100,,12829,1,,,1,100,,12826,1,,,1,100,,12825,1,,,1,100,,12828,1,,,1,100,,12820,1,,,1,100,,12830,1,,,1,100,,12827,1,,,1,100,,12823,1,,,1,100,,10360,1,,,1
10900,'13',700,,12833,1,,,1,100,,12835,1,,,1,100,,12832,1,,,1,100,,12839,1,,,1,100,,12836,1,,,1,100,,10235,1,,,1,100,,12838,1,,,1,100,,12831,1,,,1,100,,12840,1,,,1,100,,12837,1,,,1,100,,12834,1,,,1,100,,10338,1,,,1
10901,'10',622,,12873,10,4,,1,100,,12847,10,4,,1,100,,12846,10,4,,1,100,,12880,10,4,,1,100,,12852,10,4,,1,100,,11111,10,4,,1,100,,12878,10,4,,1,100,,12876,10,4,,1,100,,10209,10,4,,1,100,,12871,10,4,,1,100,,12851,10,4,,1,100,,12870,10,4,,1
10901,'13',622,,12915,10,4,,1,100,,12887,10,4,,1,100,,12886,10,4,,1,100,,12922,10,4,,1,100,,12892,10,4,,1,100,,11072,10,4,,1,100,,12920,10,4,,1,100,,12918,10,4,,1,100,,10137,10,4,,1,100,,12913,10,4,,1,100,,12891,10,4,,1,100,,12912,10,4,,1
11000,'10',639,,12940,13,4,,1,70,,12923,13,4,,1,30,,12942,13,4,,1,70,,12935,13,4,,1,30,,9106,13,4,,1,70,,12931,13,4,,1,30,,4638,13,4,,1,70,,12930,13,4,,1,30,,12941,13,4,,1,70,,12938,13,4,,1,30,,12936,13,4,,1,70,,12926,13,4,,1,30,,12933,13,4,,1,70,,12937,13,4,,1,30,,12939,13,4,,1,70,,12924,13,4,,1,30,,4179,13,4,,1,70,,9716,13,4,,1,30,,12943,13,4,,1,70,,12929,13,4,,1,30,,12928,13,4,,1,70,,12934,13,4,,1,30,,12925,13,4,,1,70,,12927,13,4,,1,30,,12932,13,4,,1
11000,'13',639,,12960,13,4,,1,70,,12944,13,4,,1,30,,12962,13,4,,1,70,,12955,13,4,,1,30,,9037,13,4,,1,70,,10122,13,4,,1,30,,4729,13,4,,1,70,,12951,13,4,,1,30,,12961,13,4,,1,70,,12958,13,4,,1,30,,12956,13,4,,1,70,,12947,13,4,,1,30,,12953,13,4,,1,70,,12957,13,4,,1,30,,12959,13,4,,1,70,,12945,13,4,,1,30,,4296,13,4,,1,70,,9625,13,4,,1,30,,12963,13,4,,1,70,,12950,13,4,,1,30,,12949,13,4,,1,70,,12954,13,4,,1,30,,12946,13,4,,1,70,,12948,13,4,,1,30,,12952,13,4,,1
11001,'10',615,,12980,1,,,1,30,,12975,1,,,1,70,,12982,1,,,1,30,,12979,1,,,1,70,,12984,1,,,1,30,,12967,1,,,1,70,,12972,1,,,1,30,,12968,1,,,1,70,,12971,1,,,1,30,,12969,1,,,1,70,,12974,1,,,1,30,,12985,1,,,1,70,,12983,1,,,1,30,,12978,1,,,1,70,,12964,1,,,1,30,,12973,1,,,1,70,,8193,1,,,1,30,,12986,1,,,1,70,,12977,1,,,1,30,,12981,1,,,1,70,,8756,1,,,1,30,,12966,1,,,1,70,,12965,1,,,1,30,,12970,1,,,1,70,,12976,1,,,1
11001,'13',615,,13003,1,,,1,30,,12998,1,,,1,70,,13005,1,,,1,30,,13002,1,,,1,70,,13007,1,,,1,30,,12990,1,,,1,70,,12995,1,,,1,30,,12991,1,,,1,70,,12994,1,,,1,30,,12992,1,,,1,70,,12997,1,,,1,30,,13008,1,,,1,70,,13006,1,,,1,30,,13001,1,,,1,70,,12987,1,,,1,30,,12996,1,,,1,70,,8235,1,,,1,30,,13009,1,,,1,70,,13000,1,,,1,30,,13004,1,,,1,70,,8707,1,,,1,30,,12989,1,,,1,70,,12988,1,,,1,30,,12993,1,,,1,70,,12999,1,,,1
11100,'10',600,,13018,1,,,1,30,,13013,1,,,1,70,,13025,1,,,1,30,,13032,1,,,1,70,,13027,1,,,1,30,,13024,1,,,1,70,,13010,1,,,1,30,,13029,1,,,1,70,,13017,1,,,1,30,,13019,1,,,1,70,,13016,1,,,1,30,,13026,1,,,1,70,,13028,1,,,1,30,,13015,1,,,1,70,,13023,1,,,1,30,,13020,1,,,1,70,,13031,1,,,1,30,,13034,1,,,1,70,,13033,1,,,1,30,,13022,1,,,1,70,,13030,1,,,1,30,,8868,1,,,1,70,,13011,1,,,1,30,,13014,1,,,1,70,,13012,1,,,1,30,,13021,1,,,1
11100,'13',600,,13046,1,,,1,30,,13039,1,,,1,70,,13050,1,,,1,30,,13056,1,,,1,70,,13053,1,,,1,30,,10132,1,,,1,70,,13035,1,,,1,30,,13054,1,,,1,70,,13044,1,,,1,30,,13047,1,,,1,70,,13041,1,,,1,30,,13043,1,,,1,70,,13048,1,,,1,30,,13040,1,,,1,70,,13037,1,,,1,30,,13052,1,,,1,70,,13042,1,,,1,30,,13058,1,,,1,70,,13045,1,,,1,30,,13051,1,,,1,70,,13059,1,,,1,30,,13057,1,,,1,70,,13049,1,,,1,30,,13055,1,,,1,70,,13036,1,,,1,30,,13038,1,,,1
11101,'10',628,,13076,15,4,,1,30,,13077,15,4,,1,70,,13063,15,4,,1,30,,13064,15,4,,1,70,,13072,15,4,,1,30,,13066,15,4,,1,70,,13081,15,4,,1,30,,10482,15,4,,1,70,,13060,15,4,,1,30,,13075,15,4,,1,70,,13073,15,4,,1,30,,13074,15,4,,1,70,,13080,15,4,,1,30,,10910,15,4,,1,70,,13069,15,4,,1,30,,13071,15,4,,1,71,,13065,15,4,,1,30,,13068,15,4,,1,70,,13061,15,4,,1,30,,13079,15,4,,1,70,,13070,15,4,,1,30,,11604,15,4,,1,70,,13067,15,4,,1,30,,13062,15,4,,1,70,,13078,15,4,,1
11101,'13',628,,13097,15,4,,1,30,,13098,15,4,,1,70,,13083,15,4,,1,30,,13084,15,4,,1,70,,13094,15,4,,1,30,,13091,15,4,,1,70,,13102,15,4,,1,30,,10412,15,4,,1,70,,13082,15,4,,1,30,,13099,15,4,,1,70,,13095,15,4,,1,30,,13096,15,4,,1,70,,13100,15,4,,1,30,,13101,15,4,,1,70,,13104,15,4,,1,30,,13092,15,4,,1,71,,13088,15,4,,1,30,,13085,15,4,,1,70,,13093,15,4,,1,30,,13086,15,4,,1,70,,13105,15,4,,1,30,,13089,15,4,,1,70,,13103,15,4,,1,30,,13087,15,4,,1,70,,13090,15,4,,1
11400,'10',630,,13319,1,,,1,100,,13315,1,,,1,100,,13323,1,,,1,100,,13321,1,,,1,100,,13320,1,,,1,100,,13324,1,,,1,100,,13317,1,,,1,100,,10389,1,,,1,100,,13318,1,,,1,100,,9713,1,,,1,100,,13316,1,,,1,100,,13322,1,,,1
11400,'13',630,,13329,1,,,1,100,,13325,1,,,1,100,,13333,1,,,1,100,,13331,1,,,1,100,,13330,1,,,1,100,,13334,1,,,1,100,,13327,1,,,1,100,,10366,1,,,1,100,,13328,1,,,1,100,,9622,1,,,1,100,,13326,1,,,1,100,,13332,1,,,1
11401,'10',656,,13339,34,4,,1,100,,13337,34,4,,1,100,,13338,34,4,,1,100,,13341,34,4,,1,100,,13344,34,4,,1,100,,13340,34,4,,1,100,,13335,34,4,,1,100,,13336,34,4,,1,100,,13343,34,4,,1,100,,13342,34,4,,1,100,,13346,34,4,,1,100,,13345,34,4,,1
11401,'13',656,,13351,34,4,,1,100,,13349,34,4,,1,100,,13350,34,4,,1,100,,13353,34,4,,1,100,,13356,34,4,,1,100,,13352,34,4,,1,100,,13347,34,4,,1,100,,13348,34,4,,1,100,,13355,34,4,,1,100,,13354,34,4,,1,100,,13358,34,4,,1,100,,13357,34,4,,1
11501,'10',708,,13386,11,4,,1,7,,13362,1,,,1,23,,13369,11,4,,1,7,,13376,1,,,1,63,,13385,11,4,,1,7,,13377,1,,,1,23,,13380,11,4,,1,7,,13384,1,,,1,63,,13373,11,4,,1,7,,13389,1,,,1,23,,13381,11,4,,1,7,,13374,1,,,1,63,,13368,11,4,,1,7,,8551,1,,,1,93,,11401,11,4,,1,7,,8761,1,,,1,93,,13370,11,4,,1,7,,9504,1,,,1,93,,13378,11,4,,1,7,,13387,1,,,1,93,,13371,11,4,,1,7,,13379,1,,,1,93,,13363,11,4,,1,7,,13360,1,,,1,23,,13364,11,4,,1,7,,13372,1,,,1,63,,13388,11,4,,1,7,,13375,1,,,1,23,,13383,11,4,,1,7,,13366,1,,,1,63,,13367,11,4,,1,7,,13359,1,,,1,23,,13382,11,4,,1,7,,13365,1,,,1,63,,8770,11,4,,1,7,,13361,1,,,1
11501,'13',708,,13418,11,4,,1,7,,13394,1,,,1,23,,13401,11,4,,1,7,,13408,1,,,1,63,,13417,11,4,,1,7,,13409,1,,,1,23,,13412,11,4,,1,7,,13416,1,,,1,63,,13405,11,4,,1,7,,13421,1,,,1,23,,13413,11,4,,1,7,,13406,1,,,1,63,,13400,11,4,,1,7,,8439,1,,,1,93,,11310,11,4,,1,7,,8712,1,,,1,93,,13402,11,4,,1,7,,13390,1,,,1,93,,13410,11,4,,1,7,,13419,1,,,1,93,,13403,11,4,,1,7,,13411,1,,,1,93,,13395,11,4,,1,7,,13392,1,,,1,23,,13396,11,4,,1,7,,13404,1,,,1,63,,13420,11,4,,1,7,,13407,1,,,1,23,,13415,11,4,,1,7,,13398,1,,,1,63,,13399,11,4,,1,7,,13391,1,,,1,23,,13414,11,4,,1,7,,13397,1,,,1,63,,8721,11,4,,1,7,,13393,1,,,1
20900,'10',1900,,14033,1,,,1,100,,14034,1,,,1,100,,14035,1,,,1,100,,14036,1,,,1
20900,'13',1900,,9454,1,,,1,100,,14038,1,,,1,100,,14039,1,,,1,100,,14037,1,,,1
20900,'7',800,,14045,1,,,1,100,,14043,1,,,1,100,,14049,1,,,1,100,,14048,1,,,1,100,,11928,1,,,1,100,,14044,1,,,1,100,,14047,1,,,1,100,,7869,1,,,1,100,,14042,1,,,1,100,,14046,1,,,1,100,,14040,1,,,1,100,,11060,1,,,1,100,,14041,1,,,1
20901,'10',1822,,14061,10,4,,1,100,,14063,10,4,,1,100,,14051,10,4,,1,100,,14053,10,4,,1,100,,14064,10,4,,1
20901,'13',1822,,14079,10,4,,1,100,,14080,10,4,,1,100,,14071,10,4,,1,100,,14075,10,4,,1,100,,14069,10,4,,1
20901,'7',722,,14132,10,4,,1,100,,14118,10,4,,1,100,,14119,10,4,,1,100,,14125,10,4,,1,100,,14098,10,4,,1,100,,14105,10,4,,1,100,,14104,10,4,,1,100,,14129,10,4,,1,100,,14117,10,4,,1,100,,11379,10,4,,1,100,,14127,10,4,,1,100,,14137,10,4,,1,100,,14136,10,4,,1,100,,14114,10,4,,1
21000,'10',1907,,14146,11,4,,1,30,,14140,11,4,,1,70,,14143,11,4,,1,30,,14142,11,4,,1,70,,14141,11,4,,1,30,,14144,11,4,,1,70,,14145,11,4,,1,30,,14147,11,4,,1,70,,14148,11,4,,1
21000,'13',1907,,14155,11,4,,1,30,,14149,11,4,,1,70,,14152,11,4,,1,30,,14151,11,4,,1,70,,14150,11,4,,1,30,,14153,11,4,,1,70,,14154,11,4,,1,30,,14156,11,4,,1,70,,14157,11,4,,1
21000,'7',737,,14177,11,4,,1,70,,14165,11,4,,1,30,,14163,11,4,,1,70,,14172,11,4,,1,30,,14161,11,4,,1,70,,14169,11,4,,1,30,,14162,11,4,,1,70,,14184,11,4,,1,30,,14167,11,4,,1,70,,14160,11,4,,1,30,,14158,11,4,,1,70,,14180,11,4,,1,30,,14166,11,4,,1,70,,14179,11,4,,1,30,,14176,11,4,,1,70,,14181,11,4,,1,30,,14159,11,4,,1,70,,14173,11,4,,1,30,,14170,11,4,,1,70,,14183,11,4,,1,30,,14171,11,4,,1,70,,14164,11,4,,1,30,,14178,11,4,,1,70,,14168,11,4,,1,30,,14174,11,4,,1,70,,14175,11,4,,1,30,,14182,11,4,,1
21001,'10',1845,,14186,1,,,1,70,,14188,1,,,1,30,,14190,1,,,1,70,,14194,1,,,1,30,,14185,1,,,1,70,,14193,1,,,1,30,,14187,1,,,1,70,,14189,1,,,1,30,,14192,1,,,1,70,,14191,1,,,1
21001,'13',1845,,14196,1,,,1,70,,14198,1,,,1,30,,14200,1,,,1,70,,14204,1,,,1,30,,14195,1,,,1,70,,14203,1,,,1,30,,14197,1,,,1,70,,14199,1,,,1,30,,14202,1,,,1,70,,14201,1,,,1
21001,'7',715,,14228,1,,,1,30,,14225,1,,,1,70,,14218,1,,,1,30,,14223,1,,,1,70,,14222,1,,,1,30,,14231,1,,,1,70,,14221,1,,,1,30,,14227,1,,,1,70,,11592,1,,,1,30,,14224,1,,,1,70,,14212,1,,,1,30,,14229,1,,,1,70,,14219,1,,,1,30,,14217,1,,,1,70,,14211,1,,,1,30,,14206,1,,,1,70,,14205,1,,,1,30,,14220,1,,,1,70,,14226,1,,,1,30,,14209,1,,,1,70,,14210,1,,,1,30,,14208,1,,,1,70,,14214,1,,,1,30,,14213,1,,,1,70,,14207,1,,,1,30,,14230,1,,,1,70,,14216,1,,,1,30,,14215,1,,,1
21100,'10',1900,,14233,1,,,1,30,,14238,1,,,1,70,,14236,1,,,1,30,,14239,1,,,1,70,,14237,1,,,1,30,,14234,1,,,1,70,,14232,1,,,1,30,,8640,1,,,1,70,,14235,1,,,1
21100,'13',1900,,14245,1,,,1,30,,14246,1,,,1,70,,14243,1,,,1,30,,14247,1,,,1,70,,14244,1,,,1,30,,14241,1,,,1,70,,14240,1,,,1,30,,8603,1,,,1,70,,14242,1,,,1
21100,'7',730,,14264,1,,,1,70,,14268,1,,,1,30,,14253,1,,,1,70,,14249,1,,,1,30,,11442,1,,,1,70,,14254,1,,,1,30,,14248,1,,,1,70,,14259,1,,,1,30,,14267,1,,,1,70,,14251,1,,,1,30,,14258,1,,,1,70,,14269,1,,,1,30,,14257,1,,,1,70,,14250,1,,,1,30,,14265,1,,,1,70,,14262,1,,,1,30,,14272,1,,,1,70,,14252,1,,,1,30,,14261,1,,,1,70,,14256,1,,,1,30,,14263,1,,,1,70,,14273,1,,,1,30,,14255,1,,,1,70,,14266,1,,,1,30,,14270,1,,,1,70,,14260,1,,,1,30,,14271,1,,,1
21101,'10',1858,,14279,15,4,,1,70,,14278,15,4,,1,30,,14277,15,4,,1,70,,14275,15,4,,1,30,,14280,15,4,,1,70,,9102,15,4,,1,30,,14274,15,4,,1,70,,14276,15,4,,1,30,,14281,15,4,,1
21101,'13',1858,,9316,15,4,,1,70,,14286,15,4,,1,30,,14285,15,4,,1,70,,14283,15,4,,1,30,,14287,15,4,,1,70,,9033,15,4,,1,30,,14282,15,4,,1,70,,14284,15,4,,1,30,,14288,15,4,,1
21101,'7',728,,14308,15,4,,1,30,,14306,15,4,,1,70,,14298,15,4,,1,30,,14313,15,4,,1,70,,11665,15,4,,1,30,,14307,15,4,,1,70,,14301,15,4,,1,30,,14293,15,4,,1,70,,14305,15,4,,1,30,,14291,15,4,,1,70,,14289,15,4,,1,30,,14300,15,4,,1,70,,14296,15,4,,1,30,,14299,15,4,,1,70,,14311,15,4,,1,30,,14310,15,4,,1,70,,14303,15,4,,1,30,,14314,15,4,,1,70,,14292,15,4,,1,30,,14312,15,4,,1,70,,14294,15,4,,1,30,,14309,15,4,,1,70,,14290,15,4,,1,30,,14302,15,4,,1,70,,14295,15,4,,1,30,,14304,15,4,,1,70,,14297,15,4,,1
21400,'10',1830,,14394,1,,,1,100,,10095,1,,,1,100,,14393,1,,,1,100,,14395,1,,,1,100,,14392,1,,,1
21400,'13',1830,,14397,1,,,1,100,,14398,1,,,1,100,,14399,1,,,1,100,,14396,1,,,1,100,,14400,1,,,1
21400,'7',730,,14408,1,,,1,100,,14406,1,,,1,100,,14402,1,,,1,100,,14411,1,,,1,100,,14403,1,,,1,100,,14409,1,,,1,100,,14405,1,,,1,100,,14404,1,,,1,100,,11964,1,,,1,100,,14410,1,,,1,100,,14412,1,,,1,100,,14407,1,,,1,100,,14401,1,,,1
21401,'10',1855,,14415,40,4,,1,100,,14416,40,4,,1,100,,14413,40,4,,1,100,,14417,40,4,,1,100,,14414,40,4,,1
21401,'13',1855,,14421,40,4,,1,100,,14420,40,4,,1,100,,14422,40,4,,1,100,,14418,40,4,,1,100,,14419,40,4,,1
21401,'7',755,,14429,40,4,,1,100,,14428,40,4,,1,100,,14431,40,4,,1,100,,14424,40,4,,1,100,,14432,40,4,,1,100,,11741,40,4,,1,100,,14423,40,4,,1,100,,14434,40,4,,1,100,,14433,40,4,,1,100,,14430,40,4,,1,100,,14426,40,4,,1,100,,14427,40,4,,1,100,,14425,40,4,,1
