10100,'10',710,,14638,19,,,1,30,,14639,19,,,1,70,,14636,19,,,1,30,,14640,19,,,1,70,,14634,19,,,1,30,,14643,19,,,1,70,,14633,19,,,1,100,,14632,19,,,1,100,,14635,19,,,1,100,,14644,19,,,1,100,,14628,19,,,1,100,,14631,19,,,1,30,,12078,19,,,1,70,,14629,19,,,1,30,,14641,19,,,1,70,,14637,19,,,1,30,,14630,19,,,1,70,,14642,19,,,1
10100,'15',710,,14655,19,,,1,30,,14656,19,,,1,70,,14653,19,,,1,30,,14657,19,,,1,70,,14651,19,,,1,30,,14660,19,,,1,70,,14650,19,,,1,100,,14649,19,,,1,100,,14652,19,,,1,100,,14661,19,,,1,100,,14645,19,,,1,100,,14648,19,,,1,30,,12131,19,,,1,70,,14646,19,,,1,30,,14658,19,,,1,70,,14654,19,,,1,30,,14647,19,,,1,70,,14659,19,,,1
10101,'10',638,,14674,4,,,1,70,,14670,4,,,1,30,,14276,4,,,1,70,,14671,4,,,1,30,,14668,4,,,1,70,,14669,4,,,1,30,,14665,4,,,1,100,,13598,4,,,1,100,,14666,4,,,1,100,,14667,4,,,1,100,,14664,4,,,1,101,,14673,4,,,1,70,,14663,4,,,1,30,,14672,4,,,1,70,,10910,4,,,1,30,,13264,4,,,1,70,,14662,4,,,1,30,,12731,4,,,1
10101,'15',638,,14688,4,,,1,70,,14683,4,,,1,30,,14284,4,,,1,70,,14684,4,,,1,30,,14681,4,,,1,70,,14682,4,,,1,30,,14678,4,,,1,100,,13606,4,,,1,100,,14679,4,,,1,100,,14680,4,,,1,100,,14677,4,,,1,101,,14687,4,,,1,70,,14676,4,,,1,30,,14685,4,,,1,70,,14675,4,,,1,30,,14686,4,,,1,70,,12765,4,,,1,30,,12764,4,,,1
10300,'10',645,,14796,26,,,1,100,,14803,26,,,1,70,,14794,26,,,1,30,,14793,26,,,1,70,,14807,26,,,1,30,,14805,26,,,1,70,,14802,26,,,1,30,,14797,26,,,1,100,,14800,26,,,1,100,,14799,26,,,1,100,,14791,26,,,1,100,,14792,26,,,1,100,,14806,26,,,1,70,,14795,26,,,1,30,,14804,26,,,1,70,,13026,26,,,1,30,,9159,26,,,1,70,,14798,26,,,1,30,,14801,26,,,1
10300,'15',645,,14812,26,,,1,100,,14817,26,,,1,70,,13865,26,,,1,30,,14810,26,,,1,70,,12890,26,,,1,30,,14821,26,,,1,70,,14820,26,,,1,30,,14813,26,,,1,100,,13045,26,,,1,100,,14815,26,,,1,100,,14808,26,,,1,100,,14809,26,,,1,100,,14823,26,,,1,70,,14811,26,,,1,30,,14818,26,,,1,70,,14819,26,,,1,30,,14822,26,,,1,70,,14814,26,,,1,30,,14816,26,,,1
10301,'10',606,,14832,3,,,1,100,,14826,3,,,1,30,,14830,3,,,1,70,,9089,3,,,1,30,,14828,3,,,1,70,,14838,3,,,1,30,,14834,3,,,1,70,,14837,3,,,1,100,,14829,3,,,1,100,,14824,3,,,1,100,,14839,3,,,1,100,,14835,3,,,1,100,,14833,3,,,1,30,,14841,3,,,1,70,,14831,3,,,1,30,,14840,3,,,1,70,,14836,3,,,1,30,,14827,3,,,1,70,,14825,3,,,1,30,,14318,3,,,1
10301,'15',606,,14852,3,,,1,100,,14845,3,,,1,30,,14851,3,,,1,70,,9020,3,,,1,30,,14847,3,,,1,70,,14857,3,,,1,30,,14843,3,,,1,70,,14856,3,,,1,100,,14849,3,,,1,100,,14842,3,,,1,100,,14858,3,,,1,100,,14854,3,,,1,100,,14853,3,,,1,30,,14860,3,,,1,70,,14850,3,,,1,30,,14859,3,,,1,70,,14855,3,,,1,30,,14846,3,,,1,70,,14844,3,,,1,30,,14848,3,,,1
11200,'10',649,,15735,3,,,1,100,,15740,3,,,1,100,,15736,3,,,1,100,,15741,3,,,1,100,,15744,3,,,1,100,,15742,3,,,1,100,,15743,3,,,1,100,,15745,3,,,1,101,,15737,3,,,1,99,,15739,3,,,1,100,,15738,3,,,1
11200,'15',649,,15747,3,,,1,100,,15746,3,,,1,100,,15755,3,,,1,100,,13573,3,,,1,100,,15753,3,,,1,100,,15751,3,,,1,100,,15752,3,,,1,100,,15754,3,,,1,101,,15748,3,,,1,99,,15750,3,,,1,100,,15749,3,,,1
11201,'10',731,,15771,30,,,1,100,,15772,30,,,1,100,,15763,30,,,1,100,,15774,30,,,1,100,,15765,30,,,1,100,,15775,30,,,1,100,,15766,30,,,1,100,,15758,30,,,1,100,,15759,30,,,1,100,,15757,30,,,1,100,,15768,30,,,1
11201,'15',731,,13484,30,,,1,100,,15781,30,,,1,100,,15788,30,,,1,100,,15790,30,,,1,100,,15782,30,,,1,100,,15793,30,,,1,100,,15783,30,,,1,100,,15777,30,,,1,100,,15778,30,,,1,100,,15776,30,,,1,100,,15785,30,,,1
20300,'10',1915,,16219,27,,,1,30,,16225,27,,,1,70,,16221,27,,,1,30,,16220,27,,,1,70,,16218,27,,,1,30,,16222,27,,,1,70,,16226,27,,,1,30,,16224,27,,,1,70,,16223,27,,,1
20300,'15',1915,,16229,27,,,1,30,,16234,27,,,1,70,,16227,27,,,1,30,,16230,27,,,1,70,,16228,27,,,1,30,,16231,27,,,1,70,,16235,27,,,1,30,,16233,27,,,1,70,,16232,27,,,1
20300,'7',745,,16236,27,,,1,70,,16262,27,,,1,30,,16260,27,,,1,70,,16257,27,,,1,30,,16240,27,,,1,70,,16254,27,,,1,30,,16256,27,,,1,70,,16242,27,,,1,30,,16245,27,,,1,70,,16247,27,,,1,30,,16249,27,,,1,70,,16238,27,,,1,30,,16243,27,,,1,70,,16258,27,,,1,30,,16250,27,,,1,70,,16239,27,,,1,30,,16241,27,,,1,70,,16246,27,,,1,30,,16252,27,,,1,70,,16244,27,,,1,30,,16261,27,,,1,70,,16251,27,,,1,30,,16255,27,,,1,70,,16253,27,,,1,30,,16248,27,,,1,70,,16237,27,,,1,30,,16259,27,,,1
20301,'10',1906,,16264,3,0,9 3 10,1,30,,16270,3,0,9 3 10,1,70,,16268,3,0,9 3 10,1,30,,14449,3,0,9 3 10,1,70,,16263,3,0,9 3 10,1,30,,16271,3,0,9 3 10,1,70,,16267,3,0,9 3 10,1,30,,16272,3,0,9 3 10,1,70,,16266,3,0,9 3 10,1,30,,16265,3,0,9 3 10,1
20301,'15',1906,,16274,3,0,9 3 10,1,30,,16280,3,0,9 3 10,1,70,,16278,3,0,9 3 10,1,30,,14471,3,0,9 3 10,1,70,,16273,3,0,9 3 10,1,30,,16281,3,0,9 3 10,1,70,,16277,3,0,9 3 10,1,30,,16282,3,0,9 3 10,1,70,,16276,3,0,9 3 10,1,30,,16275,3,0,9 3 10,1
20301,'7',706,,16304,3,0,9 3 10,1,30,,16288,3,0,9 3 10,1,70,,16283,3,0,9 3 10,1,30,,16307,3,0,9 3 10,1,70,,16300,3,0,9 3 10,1,30,,16306,3,0,9 3 10,1,70,,16299,3,0,9 3 10,1,30,,16303,3,0,9 3 10,1,70,,16301,3,0,9 3 10,1,30,,16295,3,0,9 3 10,1,70,,16287,3,0,9 3 10,1,30,,16293,3,0,9 3 10,1,70,,16290,3,0,9 3 10,1,30,,16310,3,0,9 3 10,1,70,,16298,3,0,9 3 10,1,30,,16302,3,0,9 3 10,1,70,,16286,3,0,9 3 10,1,30,,16285,3,0,9 3 10,1,70,,16297,3,0,9 3 10,1,30,,16284,3,0,9 3 10,1,70,,16308,3,0,9 3 10,1,30,,16294,3,0,9 3 10,1,70,,16296,3,0,9 3 10,1,30,,16305,3,0,9 3 10,1,70,,16292,3,0,9 3 10,1,30,,16291,3,0,9 3 10,1,70,,16289,3,0,9 3 10,1,30,,16309,3,0,9 3 10,1
