10700,'10',641,,15209,16,4,,1,100,,14444,16,4,,1,70,,15208,16,4,,1,30,,15215,16,4,,1,70,,15207,16,4,,1,30,,12584,16,4,,1,100,,12287,16,4,,1,100,,12931,16,4,,1,100,,15216,16,4,,1,100,,15212,16,4,,1,100,,15213,16,4,,1,70,,15214,16,4,,1,30,,15210,16,4,,1,70,,15206,16,4,,1,30,,15211,16,4,,1,70,,15205,16,4,,1,30,,12292,16,4,,1,70,,15204,16,4,,1,30,,15203,16,4,,1
10700,'15',641,,15223,16,4,,1,100,,14466,16,4,,1,70,,15222,16,4,,1,30,,15229,16,4,,1,70,,15221,16,4,,1,30,,12600,16,4,,1,100,,12331,16,4,,1,100,,10122,16,4,,1,100,,15230,16,4,,1,100,,15226,16,4,,1,100,,15227,16,4,,1,70,,15228,16,4,,1,30,,15224,16,4,,1,70,,15220,16,4,,1,30,,15225,16,4,,1,70,,15219,16,4,,1,30,,12335,16,4,,1,70,,15218,16,4,,1,30,,15217,16,4,,1
10701,'10',555,,15239,1,0,5 6,1,48,,15287,9,4,,1,12,,15278,1,,,1,40,,15285,1,0,5 6,1,48,,15276,9,4,,1,12,,15238,1,,,1,10,,15245,1,0,5 6,1,8,,15275,9,4,,1,12,,15234,1,,,1,10,,15271,1,0,5 6,1,48,,15286,9,4,,1,12,,15264,1,,,1,10,,15249,1,0,5 6,1,8,,15274,9,4,,1,12,,15279,1,,,1,10,,15232,1,0,5 6,1,48,,15259,9,4,,1,12,,15244,1,,,1,40,,15269,1,0,5 6,1,48,,15277,9,4,,1,12,,15270,1,,,1,40,,15254,1,0,5 6,1,48,,15231,9,4,,1,12,,15261,1,,,1,40,,15246,1,0,5 6,1,48,,15263,9,4,,1,12,,15272,1,,,1,40,,15233,1,0,5 6,1,48,,15265,9,4,,1,12,,15247,1,,,1,40,,15248,1,0,5 6,1,48,,15280,9,4,,1,12,,15253,1,,,1,10,,15262,1,0,5 6,1,8,,15252,9,4,,1,12,,15236,1,,,1,10,,15268,1,0,5 6,1,48,,15258,9,4,,1,12,,15256,1,,,1,10,,15242,1,0,5 6,1,8,,15283,9,4,,1,12,,15255,1,,,1,10,,15257,1,0,5 6,1,48,,15281,9,4,,1,12,,15240,1,,,1,10,,15273,1,0,5 6,1,8,,15237,9,4,,1,12,,13954,1,,,1,10,,15266,1,0,5 6,1,48,,15282,9,4,,1,12,,15241,1,,,1,10,,15235,1,0,5 6,1,8,,15260,9,4,,1,12,,15284,1,,,1,10,,15288,1,0,5 6,1,48,,12625,9,4,,1,12,,15243,1,,,1,40,,15267,1,0,5 6,1,48,,15250,9,4,,1,12,,15251,1,,,1
10701,'15',555,,15297,1,0,5 6,1,48,,15345,9,4,,1,12,,15336,1,,,1,40,,15343,1,0,5 6,1,48,,15334,9,4,,1,12,,15296,1,,,1,10,,15303,1,0,5 6,1,8,,15333,9,4,,1,12,,15292,1,,,1,10,,15329,1,0,5 6,1,48,,15344,9,4,,1,12,,15322,1,,,1,10,,15307,1,0,5 6,1,8,,15332,9,4,,1,12,,15337,1,,,1,10,,15290,1,0,5 6,1,48,,15317,9,4,,1,12,,15302,1,,,1,40,,15327,1,0,5 6,1,48,,15335,9,4,,1,12,,15328,1,,,1,40,,15312,1,0,5 6,1,48,,15289,9,4,,1,12,,15319,1,,,1,40,,15304,1,0,5 6,1,48,,15321,9,4,,1,12,,15330,1,,,1,40,,15291,1,0,5 6,1,48,,15323,9,4,,1,12,,15305,1,,,1,40,,15306,1,0,5 6,1,48,,15338,9,4,,1,12,,15311,1,,,1,10,,15320,1,0,5 6,1,8,,15310,9,4,,1,12,,15294,1,,,1,10,,15326,1,0,5 6,1,48,,15316,9,4,,1,12,,15314,1,,,1,10,,15300,1,0,5 6,1,8,,15341,9,4,,1,12,,15313,1,,,1,10,,15315,1,0,5 6,1,48,,15339,9,4,,1,12,,15298,1,,,1,10,,15331,1,0,5 6,1,8,,15295,9,4,,1,12,,13974,1,,,1,10,,15324,1,0,5 6,1,48,,15340,9,4,,1,12,,15299,1,,,1,10,,15293,1,0,5 6,1,8,,15318,9,4,,1,12,,15342,1,,,1,10,,15346,1,0,5 6,1,48,,12680,9,4,,1,12,,15301,1,,,1,40,,15325,1,0,5 6,1,48,,15308,9,4,,1,12,,15309,1,,,1
10800,'10',708,,15349,13,4,,1,7,,15358,1,,,1,23,,15353,13,4,,1,7,,15354,1,,,1,63,,13545,13,4,,1,7,,15357,1,,,1,23,,15367,13,4,,1,7,,12540,1,,,1,63,,15360,13,4,,1,7,,12795,1,,,1,23,,15355,13,4,,1,7,,15365,1,,,1,93,,15363,13,4,,1,7,,15371,1,,,1,93,,15366,13,4,,1,7,,15361,1,,,1,93,,15372,13,4,,1,7,,15368,1,,,1,93,,15356,13,4,,1,7,,15375,1,,,1,93,,15350,13,4,,1,7,,15369,1,,,1,63,,15364,13,4,,1,7,,15374,1,,,1,23,,15359,13,4,,1,7,,15352,1,,,1,63,,15373,13,4,,1,7,,15376,1,,,1,23,,15347,13,4,,1,7,,15377,1,,,1,63,,15362,13,4,,1,7,,15370,1,,,1,23,,15351,13,4,,1,7,,15348,1,,,1
10800,'15',708,,15379,13,4,,1,7,,12605,1,,,1,23,,15385,13,4,,1,7,,15386,1,,,1,63,,15380,13,4,,1,7,,15389,1,,,1,23,,15398,13,4,,1,7,,12560,1,,,1,63,,15408,13,4,,1,7,,15390,1,,,1,23,,15387,13,4,,1,7,,15396,1,,,1,93,,15394,13,4,,1,7,,15402,1,,,1,93,,15397,13,4,,1,7,,15392,1,,,1,93,,15403,13,4,,1,7,,15399,1,,,1,93,,15388,13,4,,1,7,,15406,1,,,1,93,,15382,13,4,,1,7,,15400,1,,,1,63,,15395,13,4,,1,7,,15405,1,,,1,23,,15391,13,4,,1,7,,15384,1,,,1,63,,15404,13,4,,1,7,,15407,1,,,1,23,,15378,13,4,,1,7,,15409,1,,,1,63,,15393,13,4,,1,7,,15401,1,,,1,23,,15383,13,4,,1,7,,15381,1,,,1
11401,'10',647,,15967,22,,,1,100,,15966,22,,,1,100,,12868,22,,,1,100,,15969,22,,,1,100,,15971,22,,,1,100,,15965,22,,,1,100,,15963,22,,,1,100,,15968,22,,,1,100,,15970,22,,,1,100,,15972,22,,,1,100,,15964,22,,,1,100,,13453,22,,,1
11401,'15',647,,15977,22,,,1,100,,15976,22,,,1,100,,12910,22,,,1,100,,15979,22,,,1,100,,15981,22,,,1,100,,15975,22,,,1,100,,15973,22,,,1,100,,15978,22,,,1,100,,15980,22,,,1,100,,15982,22,,,1,100,,15974,22,,,1,100,,13495,22,,,1
21401,'10',1848,,17023,28,,,1,100,,17024,28,,,1,100,,17026,28,,,1,100,,17025,28,,,1,100,,13318,28,,,1
21401,'15',1848,,17028,28,,,1,100,,17030,28,,,1,100,,17027,28,,,1,100,,17031,28,,,1,100,,17029,28,,,1
21401,'7',748,,17034,28,,,1,100,,17038,28,,,1,100,,17042,28,,,1,100,,17033,28,,,1,100,,17040,28,,,1,100,,17036,28,,,1,100,,17037,28,,,1,100,,17043,28,,,1,100,,17039,28,,,1,100,,17044,28,,,1,100,,17032,28,,,1,100,,17041,28,,,1,100,,17035,28,,,1
