10100,'14',701,,2603,3,,,1,30,,2868,3,,,1,70,,1656,3,,,1,30,,2872,3,,,1,70,,2869,3,,,1,30,,2880,3,,,1,70,,2878,3,,,1,100,,2873,3,,,1,100,,2881,3,,,1,100,,2877,3,,,1,100,,2876,3,,,1,100,,2867,3,,,1,30,,2875,3,,,1,70,,2879,3,,,1,30,,2882,3,,,1,70,,2870,3,,,1,30,,2871,3,,,1,70,,2874,3,,,1
10100,'18',701,,2890,3,,,1,30,,2884,3,,,1,70,,2895,3,,,1,30,,2888,3,,,1,70,,2885,3,,,1,30,,2898,3,,,1,70,,2896,3,,,1,100,,2889,3,,,1,100,,2899,3,,,1,100,,2894,3,,,1,100,,2893,3,,,1,100,,2883,3,,,1,30,,2892,3,,,1,70,,2897,3,,,1,30,,2900,3,,,1,70,,2886,3,,,1,30,,2887,3,,,1,70,,2891,3,,,1
10100,'20',701,,2552,3,,,1,30,,2902,3,,,1,70,,1610,3,,,1,30,,2906,3,,,1,70,,2903,3,,,1,30,,2914,3,,,1,70,,2912,3,,,1,100,,2907,3,,,1,100,,2915,3,,,1,100,,2911,3,,,1,100,,2910,3,,,1,100,,2901,3,,,1,30,,2909,3,,,1,70,,2913,3,,,1,30,,2916,3,,,1,70,,2904,3,,,1,30,,2905,3,,,1,70,,2908,3,,,1
10100,'8',701,,2924,3,,,1,30,,2918,3,,,1,70,,2929,3,,,1,30,,2922,3,,,1,70,,2919,3,,,1,30,,2932,3,,,1,70,,2930,3,,,1,100,,2923,3,,,1,100,,2933,3,,,1,100,,2928,3,,,1,100,,2927,3,,,1,100,,2917,3,,,1,30,,2926,3,,,1,70,,2931,3,,,1,30,,2934,3,,,1,70,,2920,3,,,1,30,,2921,3,,,1,70,,2925,3,,,1
10600,'14',637,,3956,3,,,1,100,,3951,3,,,1,70,,850,3,,,1,30,,3952,3,,,1,70,,3955,3,,,1,30,,3945,3,,,1,100,,3954,3,,,1,100,,3953,3,,,1,100,,3944,3,,,1,100,,3949,3,,,1,100,,3948,3,,,1,70,,3943,3,,,1,30,,3946,3,,,1,70,,3942,3,,,1,29,,1074,3,,,1,71,,3950,3,,,1,29,,3947,3,,,1
10600,'18',637,,3973,3,,,1,100,,3967,3,,,1,70,,3963,3,,,1,30,,3968,3,,,1,70,,3971,3,,,1,30,,3960,3,,,1,100,,3970,3,,,1,100,,3969,3,,,1,100,,3959,3,,,1,100,,3965,3,,,1,100,,3964,3,,,1,70,,3958,3,,,1,30,,3961,3,,,1,70,,3957,3,,,1,29,,3972,3,,,1,71,,3966,3,,,1,29,,3962,3,,,1
10600,'20',637,,3988,3,,,1,100,,3983,3,,,1,70,,820,3,,,1,30,,3984,3,,,1,70,,3987,3,,,1,30,,3977,3,,,1,100,,3986,3,,,1,100,,3985,3,,,1,100,,3976,3,,,1,100,,3981,3,,,1,100,,3980,3,,,1,70,,3975,3,,,1,30,,3978,3,,,1,70,,3974,3,,,1,29,,1049,3,,,1,71,,3982,3,,,1,29,,3979,3,,,1
10600,'8',637,,4005,3,,,1,100,,3999,3,,,1,70,,3995,3,,,1,30,,4000,3,,,1,70,,4003,3,,,1,30,,3992,3,,,1,100,,4002,3,,,1,100,,4001,3,,,1,100,,3991,3,,,1,100,,3997,3,,,1,100,,3996,3,,,1,70,,3990,3,,,1,30,,3993,3,,,1,70,,3989,3,,,1,29,,4004,3,,,1,71,,3998,3,,,1,29,,3994,3,,,1
20600,'11',736,,6836,3,,,1,70,,6823,3,,,1,30,,6840,3,,,1,70,,6839,3,,,1,30,,6820,3,,,1,70,,6821,3,,,1,30,,6835,3,,,1,69,,6816,3,,,1,31,,6830,3,,,1,70,,6818,3,,,1,30,,6815,3,,,1,70,,6826,3,,,1,30,,6831,3,,,1,69,,6838,3,,,1,31,,6827,3,,,1,70,,6833,3,,,1,30,,6817,3,,,1,70,,6819,3,,,1,30,,6832,3,,,1,70,,6828,3,,,1,30,,6824,3,,,1,70,,6837,3,,,1,29,,6822,3,,,1,71,,6834,3,,,1,30,,6829,3,,,1,70,,6825,3,,,1
20600,'14',1805,,6841,3,,,1,31,,6848,3,,,1,70,,6846,3,,,1,29,,6842,3,,,1,70,,6849,3,,,1,30,,6844,3,,,1,71,,6847,3,,,1,30,,477,3,,,1,70,,6845,3,,,1,30,,6843,3,,,1
20600,'18',1805,,6850,3,,,1,31,,6858,3,,,1,70,,6856,3,,,1,29,,6851,3,,,1,70,,6859,3,,,1,30,,6853,3,,,1,71,,6857,3,,,1,30,,6855,3,,,1,70,,6854,3,,,1,30,,6852,3,,,1
20600,'20',1805,,6860,3,,,1,31,,6867,3,,,1,70,,6865,3,,,1,29,,6861,3,,,1,70,,6868,3,,,1,30,,6863,3,,,1,71,,6866,3,,,1,30,,439,3,,,1,70,,6864,3,,,1,30,,6862,3,,,1
20600,'4',736,,6890,3,,,1,70,,6877,3,,,1,30,,6894,3,,,1,70,,6893,3,,,1,30,,6874,3,,,1,70,,6875,3,,,1,30,,6889,3,,,1,69,,6870,3,,,1,31,,6884,3,,,1,70,,6872,3,,,1,30,,6869,3,,,1,70,,6880,3,,,1,30,,6885,3,,,1,69,,6892,3,,,1,31,,6881,3,,,1,70,,6887,3,,,1,30,,6871,3,,,1,70,,6873,3,,,1,30,,6886,3,,,1,70,,6882,3,,,1,30,,6878,3,,,1,70,,6891,3,,,1,29,,6876,3,,,1,71,,6888,3,,,1,30,,6883,3,,,1,70,,6879,3,,,1
20600,'8',1805,,6895,3,,,1,31,,6903,3,,,1,70,,6901,3,,,1,29,,6896,3,,,1,70,,6904,3,,,1,30,,6898,3,,,1,71,,6902,3,,,1,30,,6900,3,,,1,70,,6899,3,,,1,30,,6897,3,,,1
