11301,'14',651,,5474,11,,,1,100,,2215,11,,,1,100,,5477,11,,,1,100,,5490,11,,,1,100,,5482,11,,,1,100,,5459,11,,,1,100,,5461,11,,,1,100,,5464,11,,,1,100,,5479,11,,,1,100,,5483,11,,,1,100,,5463,11,,,1,100,,5484,11,,,1,100,,5466,11,,,1
11301,'18',651,,5513,11,,,1,100,,5502,11,,,1,100,,5516,11,,,1,100,,5531,11,,,1,100,,5522,11,,,1,100,,5496,11,,,1,100,,5498,11,,,1,100,,5501,11,,,1,100,,5518,11,,,1,100,,5523,11,,,1,100,,5500,11,,,1,100,,5525,11,,,1,100,,5504,11,,,1
11301,'20',651,,5545,11,,,1,100,,2139,11,,,1,100,,5548,11,,,1,100,,5566,11,,,1,100,,5552,11,,,1,100,,5537,11,,,1,100,,5568,11,,,1,100,,5540,11,,,1,100,,5556,11,,,1,100,,5564,11,,,1,100,,5571,11,,,1,100,,5567,11,,,1,100,,5542,11,,,1
11301,'8',651,,5585,11,,,1,100,,5579,11,,,1,100,,5588,11,,,1,100,,5607,11,,,1,100,,5592,11,,,1,100,,5575,11,,,1,100,,5609,11,,,1,100,,5578,11,,,1,100,,5597,11,,,1,100,,5605,11,,,1,100,,5612,11,,,1,100,,5608,11,,,1,100,,5581,11,,,1
21301,'11',751,,7709,11,,,1,100,,7712,11,,,1,100,,7732,11,,,1,100,,7726,11,,,1,100,,7710,11,,,1,100,,7734,11,,,1,100,,7738,11,,,1,100,,7720,11,,,1,100,,7725,11,,,1,100,,7730,11,,,1,100,,7705,11,,,1,100,,7711,11,,,1,100,,7706,11,,,1
21301,'14',1951,,7743,11,,,1,100,,7747,11,,,1,100,,7750,11,,,1,100,,7749,11,,,1
21301,'18',1951,,7753,11,,,1,100,,7757,11,,,1,100,,7761,11,,,1,100,,7760,11,,,1
21301,'20',1951,,7764,11,,,1,100,,7768,11,,,1,100,,7771,11,,,1,100,,7770,11,,,1
21301,'4',751,,7779,11,,,1,100,,7782,11,,,1,100,,7803,11,,,1,100,,7797,11,,,1,100,,7780,11,,,1,100,,7805,11,,,1,100,,7809,11,,,1,100,,7790,11,,,1,100,,7796,11,,,1,100,,7801,11,,,1,100,,7775,11,,,1,100,,7781,11,,,1,100,,7776,11,,,1
21301,'8',1951,,7814,11,,,1,100,,7818,11,,,1,100,,7822,11,,,1,100,,7821,11,,,1
