10601,'14',556,,4011,3,,,1,100,,4014,3,,,1,70,,4018,3,,,1,30,,4007,3,,,1,70,,4016,3,,,1,30,,4022,3,,,1,70,,4013,3,0,17,1,30,,4019,3,,,1,100,,1560,3,,,1,100,,4008,3,,,1,100,,4020,3,,,1,100,,2330,3,,,1,70,,4010,3,,,1,30,,4021,3,,,1,70,,4009,3,,,1,30,,4017,3,,,1,70,,4006,3,,,1,30,,773,3,,,1,70,,4015,3,,,1,30,,4012,3,,,1
10601,'18',556,,4029,3,,,1,100,,4033,3,,,1,70,,4038,3,,,1,30,,4024,3,,,1,70,,4036,3,,,1,30,,4042,3,,,1,70,,4032,3,0,17,1,30,,4039,3,,,1,100,,4031,3,,,1,100,,4026,3,,,1,100,,4040,3,,,1,100,,4025,3,,,1,70,,4028,3,,,1,30,,4041,3,,,1,70,,4027,3,,,1,30,,4037,3,,,1,70,,4023,3,,,1,30,,4034,3,,,1,70,,4035,3,,,1,30,,4030,3,,,1
10601,'20',556,,4049,3,,,1,100,,4052,3,,,1,70,,4055,3,,,1,30,,4044,3,,,1,70,,4053,3,,,1,30,,4058,3,,,1,70,,4051,3,0,17,1,30,,4056,3,,,1,100,,1524,3,,,1,100,,4046,3,,,1,100,,1237,3,,,1,100,,4045,3,,,1,70,,4048,3,,,1,30,,4057,3,,,1,70,,4047,3,,,1,30,,4054,3,,,1,70,,4043,3,,,1,30,,713,3,,,1,70,,2265,3,,,1,30,,4050,3,,,1
10601,'8',556,,4065,3,,,1,100,,4069,3,,,1,70,,4074,3,,,1,30,,4060,3,,,1,70,,4072,3,,,1,30,,4078,3,,,1,70,,4068,3,0,17,1,30,,4075,3,,,1,100,,4067,3,,,1,100,,4062,3,,,1,100,,4076,3,,,1,100,,4061,3,,,1,70,,4064,3,,,1,30,,4077,3,,,1,70,,4063,3,,,1,30,,4073,3,,,1,70,,4059,3,,,1,30,,4070,3,,,1,70,,4071,3,,,1,30,,4066,3,,,1
20601,'11',654,,6914,3,,,1,70,,6908,3,,,1,30,,6934,3,,,1,70,,2574,3,,,1,30,,6938,3,,,1,70,,6926,3,,,1,30,,6915,3,,,1,70,,6911,3,,,1,30,,6907,3,,,1,70,,6939,3,,,1,30,,6906,3,,,1,70,,6952,3,,,1,30,,6949,3,,,1,70,,6935,3,,,1,30,,6909,3,,,1,70,,6943,3,,,1,30,,6929,3,,,1,70,,6954,3,,,1,30,,6947,3,,,1,70,,2825,3,,,1,30,,6932,3,,,1,70,,6937,3,,,1,30,,6941,3,,,1,70,,6940,3,,,1,30,,6922,3,,,1,70,,6910,3,,,1,30,,2586,3,,,1,70,,6913,3,,,1
20601,'14',1824,,6972,3,,,1,30,,544,3,,,1,70,,6962,3,,,1,30,,6971,3,,,1,70,,6968,3,,,1,30,,6967,3,,,1,70,,6965,3,,,1,30,,367,3,,,1,70,,6966,3,,,1,30,,6959,3,,,1
20601,'18',1824,,6992,3,,,1,30,,6984,3,,,1,70,,6980,3,,,1,30,,6991,3,,,1,70,,6988,3,,,1,30,,6987,3,,,1,70,,6985,3,,,1,30,,6975,3,,,1,70,,6986,3,,,1,30,,6977,3,,,1
20601,'20',1824,,7009,3,,,1,30,,506,3,,,1,70,,6999,3,,,1,30,,7008,3,,,1,70,,7005,3,,,1,30,,7004,3,,,1,70,,7002,3,,,1,30,,317,3,,,1,70,,7003,3,,,1,30,,6996,3,,,1
20601,'4',654,,7019,3,,,1,70,,7013,3,,,1,30,,7041,3,,,1,70,,7034,3,,,1,30,,7046,3,,,1,70,,7032,3,,,1,30,,7020,3,,,1,70,,7016,3,,,1,30,,7012,3,,,1,70,,7047,3,,,1,30,,7011,3,,,1,70,,7062,3,,,1,30,,7059,3,,,1,70,,7043,3,,,1,30,,7014,3,,,1,70,,7053,3,,,1,30,,7036,3,,,1,70,,7064,3,,,1,30,,7057,3,,,1,70,,7050,3,,,1,30,,7039,3,,,1,70,,7045,3,,,1,30,,7051,3,,,1,70,,7049,3,,,1,30,,7027,3,,,1,70,,7015,3,,,1,30,,7048,3,,,1,70,,7018,3,,,1
20601,'8',1824,,7085,3,,,1,30,,7077,3,,,1,70,,7073,3,,,1,30,,7084,3,,,1,70,,7081,3,,,1,30,,7080,3,,,1,70,,7078,3,,,1,30,,7068,3,,,1,70,,7079,3,,,1,30,,7070,3,,,1
