11100,'14',608,,5007,14,,,1,30,,5010,14,,,1,70,,5017,14,,,1,30,,5016,14,,,1,70,,765,14,,,1,30,,5018,14,,,1,70,,5024,14,,,1,30,,1287,14,,,1,70,,5020,14,,,1,30,,5014,14,,,1,70,,5019,14,,,1,30,,5005,14,,,1,70,,5004,14,,,1,30,,5003,14,,,1,70,,5013,14,,,1,30,,5023,14,,,1,70,,5021,14,,,1,30,,5008,14,,,1,70,,5009,14,,,1,30,,5015,14,,,1,70,,5006,14,,,1,30,,5002,14,,,1,70,,5022,14,,,1,30,,5012,14,,,1,70,,5011,14,,,1,30,,1286,14,,,1
11100,'18',608,,5030,14,,,1,30,,5033,14,,,1,70,,5041,14,,,1,30,,5040,14,,,1,70,,5039,14,,,1,30,,5044,14,,,1,70,,5050,14,,,1,30,,5043,14,,,1,70,,5046,14,,,1,30,,5037,14,,,1,70,,5045,14,,,1,30,,5028,14,,,1,70,,5027,14,,,1,30,,5026,14,,,1,70,,5036,14,,,1,30,,5049,14,,,1,70,,5047,14,,,1,30,,5031,14,,,1,70,,5032,14,,,1,30,,5038,14,,,1,70,,5029,14,,,1,30,,5025,14,,,1,70,,5048,14,,,1,30,,5035,14,,,1,70,,5034,14,,,1,30,,5042,14,,,1
11100,'20',608,,5059,14,,,1,30,,5062,14,,,1,70,,5067,14,,,1,30,,5065,14,,,1,70,,705,14,,,1,30,,5068,14,,,1,70,,5074,14,,,1,30,,1269,14,,,1,70,,5070,14,,,1,30,,5063,14,,,1,70,,5069,14,,,1,30,,5054,14,,,1,70,,5056,14,,,1,30,,5051,14,,,1,70,,5064,14,,,1,30,,5073,14,,,1,70,,5058,14,,,1,30,,5060,14,,,1,70,,5066,14,,,1,30,,5052,14,,,1,70,,5057,14,,,1,30,,5055,14,,,1,70,,5061,14,,,1,30,,5072,14,,,1,70,,5053,14,,,1,30,,5071,14,,,1
11100,'8',608,,5083,14,,,1,30,,5086,14,,,1,70,,5092,14,,,1,30,,5090,14,,,1,70,,5089,14,,,1,30,,5094,14,,,1,70,,5100,14,,,1,30,,5093,14,,,1,70,,5096,14,,,1,30,,5087,14,,,1,70,,5095,14,,,1,30,,5078,14,,,1,70,,5080,14,,,1,30,,5075,14,,,1,70,,5088,14,,,1,30,,5099,14,,,1,70,,5082,14,,,1,30,,5084,14,,,1,70,,5091,14,,,1,30,,5076,14,,,1,70,,5081,14,,,1,30,,5079,14,,,1,70,,5085,14,,,1,30,,5098,14,,,1,70,,5077,14,,,1,30,,5097,14,,,1
21100,'11',738,,7493,14,,,1,70,,7506,14,,,1,30,,7489,14,,,1,70,,7508,14,,,1,30,,7492,14,,,1,70,,7491,14,,,1,30,,7501,14,,,1,70,,7496,14,,,1,30,,7512,14,,,1,70,,2503,14,,,1,30,,7490,14,,,1,70,,7504,14,,,1,30,,7495,14,,,1,70,,7503,14,,,1,30,,7499,14,,,1,70,,7505,14,,,1,30,,7502,14,,,1,70,,7497,14,,,1,30,,7507,14,,,1,70,,7509,14,,,1,30,,7511,14,,,1,70,,2362,14,,,1,30,,7500,14,,,1,70,,7494,14,,,1,30,,7510,14,,,1,70,,7498,14,,,1,30,,7488,14,,,1
21100,'14',1908,,7515,14,,,1,30,,7521,14,,,1,70,,7514,14,,,1,30,,7513,14,,,1,70,,7517,14,,,1,30,,7520,14,,,1,70,,7518,14,,,1,30,,7516,14,,,1,70,,7519,14,,,1
21100,'18',1908,,7524,14,,,1,30,,7530,14,,,1,70,,7523,14,,,1,30,,7522,14,,,1,70,,7526,14,,,1,30,,7529,14,,,1,70,,7527,14,,,1,30,,7525,14,,,1,70,,7528,14,,,1
21100,'20',1908,,7538,14,,,1,30,,7539,14,,,1,70,,7532,14,,,1,30,,7531,14,,,1,70,,7534,14,,,1,30,,7537,14,,,1,70,,7535,14,,,1,30,,7533,14,,,1,70,,7536,14,,,1
21100,'4',738,,7546,14,,,1,70,,7560,14,,,1,30,,7541,14,,,1,70,,7562,14,,,1,30,,7545,14,,,1,70,,7544,14,,,1,30,,7555,14,,,1,70,,7549,14,,,1,30,,7566,14,,,1,70,,7553,14,,,1,30,,7542,14,,,1,70,,7558,14,,,1,30,,7548,14,,,1,70,,7557,14,,,1,30,,7552,14,,,1,70,,7559,14,,,1,30,,7556,14,,,1,70,,7550,14,,,1,30,,7561,14,,,1,70,,7563,14,,,1,30,,7565,14,,,1,70,,7543,14,,,1,30,,7554,14,,,1,70,,7547,14,,,1,30,,7564,14,,,1,70,,7551,14,,,1,30,,7540,14,,,1
21100,'8',1908,,7574,14,,,1,30,,7575,14,,,1,70,,7568,14,,,1,30,,7567,14,,,1,70,,7570,14,,,1,30,,7573,14,,,1,70,,7571,14,,,1,30,,7569,14,,,1,70,,7572,14,,,1
