11601,'14',610,,6042,6,0,9 3 10 16,1,30,,6019,6,0,9 3 10 16,1,70,,6021,6,0,9 3 10 16,1,30,,6051,6,0,9 3 10 16,1,70,,6043,6,0,9 3 10 16,1,30,,262,6,0,9 3 10 16,1,70,,6018,6,0,9 3 10 16,1,30,,6035,6,0,9 3 10 16,1,70,,6027,6,0,9 3 10 16,1,30,,6053,6,0,9 3 10 16,1,70,,6047,6,0,9 3 10 16,1,30,,6046,6,0,9 3 10 16,1,70,,6024,6,0,9 3 10 16,1,30,,6031,6,0,9 3 10 16,1,70,,6044,6,0,9 3 10 16,1,30,,1209,6,0,9 3 10 16,1,70,,6020,6,0,9 3 10 16,1,30,,6032,6,0,9 3 10 16,1,70,,6052,6,0,9 3 10 16,1,30,,6040,6,0,9 3 10 16,1,70,,6034,6,0,9 3 10 16,1,30,,6033,6,0,9 3 10 16,1,70,,6026,6,0,9 3 10 16,1,30,,6025,6,0,9 3 10 16,1
11601,'18',610,,6089,6,0,9 3 10 16,1,30,,6062,6,0,9 3 10 16,1,70,,6064,6,0,9 3 10 16,1,30,,6099,6,0,9 3 10 16,1,70,,6090,6,0,9 3 10 16,1,30,,6092,6,0,9 3 10 16,1,70,,6061,6,0,9 3 10 16,1,30,,6081,6,0,9 3 10 16,1,70,,6071,6,0,9 3 10 16,1,30,,6101,6,0,9 3 10 16,1,70,,6095,6,0,9 3 10 16,1,30,,6094,6,0,9 3 10 16,1,70,,6068,6,0,9 3 10 16,1,30,,6076,6,0,9 3 10 16,1,70,,6091,6,0,9 3 10 16,1,30,,6067,6,0,9 3 10 16,1,70,,6063,6,0,9 3 10 16,1,30,,6077,6,0,9 3 10 16,1,70,,6100,6,0,9 3 10 16,1,30,,6087,6,0,9 3 10 16,1,70,,6080,6,0,9 3 10 16,1,30,,6078,6,0,9 3 10 16,1,70,,6070,6,0,9 3 10 16,1,30,,6069,6,0,9 3 10 16,1
11601,'20',610,,6132,6,0,9 3 10 16,1,30,,6109,6,0,9 3 10 16,1,70,,6111,6,0,9 3 10 16,1,30,,6141,6,0,9 3 10 16,1,70,,6133,6,0,9 3 10 16,1,30,,242,6,0,9 3 10 16,1,70,,6108,6,0,9 3 10 16,1,30,,6124,6,0,9 3 10 16,1,70,,6118,6,0,9 3 10 16,1,30,,6143,6,0,9 3 10 16,1,70,,6137,6,0,9 3 10 16,1,30,,6136,6,0,9 3 10 16,1,70,,6115,6,0,9 3 10 16,1,30,,6121,6,0,9 3 10 16,1,70,,6134,6,0,9 3 10 16,1,30,,6114,6,0,9 3 10 16,1,70,,6110,6,0,9 3 10 16,1,30,,1189,6,0,9 3 10 16,1,70,,6142,6,0,9 3 10 16,1,30,,6130,6,0,9 3 10 16,1,70,,6123,6,0,9 3 10 16,1,30,,6122,6,0,9 3 10 16,1,70,,6117,6,0,9 3 10 16,1,30,,6116,6,0,9 3 10 16,1
11601,'8',610,,6179,6,0,9 3 10 16,1,30,,6152,6,0,9 3 10 16,1,70,,6154,6,0,9 3 10 16,1,30,,6189,6,0,9 3 10 16,1,70,,6180,6,0,9 3 10 16,1,30,,6182,6,0,9 3 10 16,1,70,,6151,6,0,9 3 10 16,1,30,,6171,6,0,9 3 10 16,1,70,,6161,6,0,9 3 10 16,1,30,,6191,6,0,9 3 10 16,1,70,,6185,6,0,9 3 10 16,1,30,,6184,6,0,9 3 10 16,1,70,,6158,6,0,9 3 10 16,1,30,,6166,6,0,9 3 10 16,1,70,,6181,6,0,9 3 10 16,1,30,,6157,6,0,9 3 10 16,1,70,,6153,6,0,9 3 10 16,1,30,,6167,6,0,9 3 10 16,1,70,,6190,6,0,9 3 10 16,1,30,,6177,6,0,9 3 10 16,1,70,,6170,6,0,9 3 10 16,1,30,,6168,6,0,9 3 10 16,1,70,,6160,6,0,9 3 10 16,1,30,,6159,6,0,9 3 10 16,1
21601,'11',640,,8171,6,0,9 3 10 16,1,70,,8153,6,0,9 3 10 16,1,30,,8160,6,0,9 3 10 16,1,70,,8148,6,0,9 3 10 16,1,30,,8155,6,0,9 3 10 16,1,70,,8173,6,0,9 3 10 16,1,30,,8147,6,0,9 3 10 16,1,70,,8150,6,0,9 3 10 16,1,30,,8125,6,0,9 3 10 16,1,70,,8169,6,0,9 3 10 16,1,30,,8143,6,0,9 3 10 16,1,70,,8158,6,0,9 3 10 16,1,30,,8165,6,0,9 3 10 16,1,70,,8178,6,0,9 3 10 16,1,30,,8170,6,0,9 3 10 16,1,70,,8167,6,0,9 3 10 16,1,30,,8137,6,0,9 3 10 16,1,70,,8152,6,0,9 3 10 16,1,30,,8133,6,0,9 3 10 16,1,70,,8142,6,0,9 3 10 16,1,30,,8151,6,0,9 3 10 16,1,70,,8132,6,0,9 3 10 16,1,30,,8177,6,0,9 3 10 16,1,70,,8145,6,0,9 3 10 16,1,30,,8179,6,0,9 3 10 16,1,70,,2575,6,0,9 3 10 16,1,30,,8130,6,0,9 3 10 16,1,70,,8140,6,0,9 3 10 16,1,30,,8164,6,0,9 3 10 16,1
21601,'14',1810,,8184,6,0,9 3 10 16,1,30,,8196,6,0,9 3 10 16,1,70,,8189,6,0,9 3 10 16,1,30,,8186,6,0,9 3 10 16,1,70,,1655,6,0,9 3 10 16,1,30,,8187,6,0,9 3 10 16,1,70,,8198,6,0,9 3 10 16,1,30,,8192,6,0,9 3 10 16,1,70,,8194,6,0,9 3 10 16,1,30,,8181,6,0,9 3 10 16,1,70,,8195,6,0,9 3 10 16,1
21601,'18',1810,,8205,6,0,9 3 10 16,1,30,,8218,6,0,9 3 10 16,1,70,,8210,6,0,9 3 10 16,1,30,,8207,6,0,9 3 10 16,1,70,,8215,6,0,9 3 10 16,1,30,,8208,6,0,9 3 10 16,1,70,,8220,6,0,9 3 10 16,1,30,,8213,6,0,9 3 10 16,1,70,,8216,6,0,9 3 10 16,1,30,,8202,6,0,9 3 10 16,1,70,,8217,6,0,9 3 10 16,1
21601,'20',1810,,8226,6,0,9 3 10 16,1,30,,8238,6,0,9 3 10 16,1,70,,8231,6,0,9 3 10 16,1,30,,8228,6,0,9 3 10 16,1,70,,1609,6,0,9 3 10 16,1,30,,8229,6,0,9 3 10 16,1,70,,8240,6,0,9 3 10 16,1,30,,8234,6,0,9 3 10 16,1,70,,8236,6,0,9 3 10 16,1,30,,8223,6,0,9 3 10 16,1,70,,8237,6,0,9 3 10 16,1
21601,'4',640,,8291,6,0,9 3 10 16,1,70,,8273,6,0,9 3 10 16,1,30,,8280,6,0,9 3 10 16,1,70,,8267,6,0,9 3 10 16,1,30,,8275,6,0,9 3 10 16,1,70,,8293,6,0,9 3 10 16,1,30,,8266,6,0,9 3 10 16,1,70,,8270,6,0,9 3 10 16,1,30,,8244,6,0,9 3 10 16,1,70,,8289,6,0,9 3 10 16,1,30,,8262,6,0,9 3 10 16,1,70,,8278,6,0,9 3 10 16,1,30,,8285,6,0,9 3 10 16,1,70,,8298,6,0,9 3 10 16,1,30,,8290,6,0,9 3 10 16,1,70,,8287,6,0,9 3 10 16,1,30,,8256,6,0,9 3 10 16,1,70,,8272,6,0,9 3 10 16,1,30,,8252,6,0,9 3 10 16,1,70,,8261,6,0,9 3 10 16,1,30,,8271,6,0,9 3 10 16,1,70,,8251,6,0,9 3 10 16,1,30,,8297,6,0,9 3 10 16,1,70,,8264,6,0,9 3 10 16,1,30,,8299,6,0,9 3 10 16,1,70,,8268,6,0,9 3 10 16,1,30,,8249,6,0,9 3 10 16,1,70,,8259,6,0,9 3 10 16,1,30,,8284,6,0,9 3 10 16,1
21601,'8',1810,,8305,6,0,9 3 10 16,1,30,,8318,6,0,9 3 10 16,1,70,,8310,6,0,9 3 10 16,1,30,,8307,6,0,9 3 10 16,1,70,,8315,6,0,9 3 10 16,1,30,,8308,6,0,9 3 10 16,1,70,,8320,6,0,9 3 10 16,1,30,,8313,6,0,9 3 10 16,1,70,,8316,6,0,9 3 10 16,1,30,,8302,6,0,9 3 10 16,1,70,,8317,6,0,9 3 10 16,1
