11101,'14',622,,5112,7,,,1,30,,5103,7,,,1,70,,5114,7,,,1,30,,5119,7,,,1,70,,5107,7,,,1,30,,5102,7,,,1,70,,5110,7,,,1,30,,5118,7,,,1,70,,5120,7,,,1,30,,5108,7,,,1,70,,793,7,,,1,30,,5101,7,,,1,70,,5109,7,,,1,30,,5113,7,,,1,70,,5116,7,,,1,30,,5115,7,,,1,70,,5117,7,,,1,30,,5106,7,,,1,70,,5105,7,,,1,30,,5111,7,,,1,70,,5122,7,,,1,30,,453,7,,,1,70,,1216,7,,,1,30,,5121,7,,,1,70,,5104,7,,,1
11101,'18',622,,5136,7,,,1,30,,5126,7,,,1,70,,5138,7,,,1,30,,5144,7,,,1,70,,5130,7,,,1,30,,5124,7,,,1,70,,5133,7,,,1,30,,5143,7,,,1,70,,5145,7,,,1,30,,5131,7,,,1,70,,5140,7,,,1,30,,5123,7,,,1,70,,5132,7,,,1,30,,5137,7,,,1,70,,5141,7,,,1,30,,5139,7,,,1,70,,5142,7,,,1,30,,5129,7,,,1,70,,5128,7,,,1,30,,5135,7,,,1,70,,5147,7,,,1,30,,5125,7,,,1,70,,5134,7,,,1,30,,5146,7,,,1,70,,5127,7,,,1
11101,'20',622,,5158,7,,,1,30,,5149,7,,,1,70,,5160,7,,,1,30,,5167,7,,,1,70,,5150,7,,,1,30,,5148,7,,,1,70,,5155,7,,,1,30,,5165,7,,,1,70,,5168,7,,,1,30,,5157,7,,,1,70,,733,7,,,1,30,,5163,7,,,1,70,,5153,7,,,1,30,,5152,7,,,1,70,,5166,7,,,1,30,,510,7,,,1,70,,5164,7,,,1,30,,2557,7,,,1,70,,5161,7,,,1,30,,5151,7,,,1,70,,5154,7,,,1,30,,5156,7,,,1,70,,1864,7,,,1,30,,5162,7,,,1,70,,5159,7,,,1
11101,'8',622,,5181,7,,,1,30,,5170,7,,,1,70,,5184,7,,,1,30,,5192,7,,,1,70,,5171,7,,,1,30,,5169,7,,,1,70,,5176,7,,,1,30,,5190,7,,,1,70,,5193,7,,,1,30,,5179,7,,,1,70,,5188,7,,,1,30,,5187,7,,,1,70,,5174,7,,,1,30,,5173,7,,,1,70,,5191,7,,,1,30,,5178,7,,,1,70,,5189,7,,,1,30,,5183,7,,,1,70,,5185,7,,,1,30,,5172,7,,,1,70,,5175,7,,,1,30,,5177,7,,,1,70,,5180,7,,,1,30,,5186,7,,,1,70,,5182,7,,,1
21101,'11',722,,7590,7,,,1,30,,7598,7,,,1,70,,7592,7,,,1,30,,7591,7,,,1,70,,7577,7,,,1,30,,7597,7,,,1,70,,7594,7,,,1,30,,7600,7,,,1,70,,7578,7,,,1,30,,7589,7,,,1,70,,7595,7,,,1,30,,7581,7,,,1,70,,7593,7,,,1,30,,2377,7,,,1,70,,7596,7,,,1,30,,7601,7,,,1,70,,7576,7,,,1,30,,7582,7,,,1,70,,7588,7,,,1,30,,7586,7,,,1,70,,7587,7,,,1,30,,7583,7,,,1,70,,7579,7,,,1,30,,7580,7,,,1,70,,7599,7,,,1,30,,7584,7,,,1,70,,7585,7,,,1
21101,'14',1852,,7609,7,,,1,70,,7606,7,,,1,30,,7608,7,,,1,70,,596,7,,,1,30,,7603,7,,,1,70,,7604,7,,,1,30,,7602,7,,,1,70,,7605,7,,,1,30,,7607,7,,,1
21101,'18',1852,,7618,7,,,1,70,,7615,7,,,1,30,,7617,7,,,1,70,,7614,7,,,1,30,,7611,7,,,1,70,,7612,7,,,1,30,,7610,7,,,1,70,,7613,7,,,1,30,,7616,7,,,1
21101,'20',1852,,7623,7,,,1,70,,7624,7,,,1,30,,7626,7,,,1,70,,579,7,,,1,30,,7620,7,,,1,70,,7621,7,,,1,30,,7619,7,,,1,70,,7622,7,,,1,30,,7625,7,,,1
21101,'4',722,,7641,7,,,1,30,,7650,7,,,1,70,,7643,7,,,1,30,,7642,7,,,1,70,,7628,7,,,1,30,,7649,7,,,1,70,,7646,7,,,1,30,,7652,7,,,1,70,,7629,7,,,1,30,,7640,7,,,1,70,,7647,7,,,1,30,,7632,7,,,1,70,,7645,7,,,1,30,,7644,7,,,1,70,,7648,7,,,1,30,,7653,7,,,1,70,,7627,7,,,1,30,,7633,7,,,1,70,,7639,7,,,1,30,,7637,7,,,1,70,,7638,7,,,1,30,,7634,7,,,1,70,,7630,7,,,1,30,,7631,7,,,1,70,,7651,7,,,1,30,,7635,7,,,1,70,,7636,7,,,1
21101,'8',1852,,7659,7,,,1,70,,7660,7,,,1,30,,7662,7,,,1,70,,7658,7,,,1,30,,7655,7,,,1,70,,7656,7,,,1,30,,7654,7,,,1,70,,7657,7,,,1,30,,7661,7,,,1
