10801,'10',650,,12789,34,,,1,70,,12796,34,,,1,30,,12795,34,,,1,70,,12788,34,,,1,30,,12798,34,,,1,70,,10799,34,,,1,100,,12786,34,,,1,100,,12794,34,,,1,100,,12799,34,,,1,100,,12800,34,,,1,100,,12791,34,,,1,30,,12787,34,,,1,70,,12792,34,,,1,30,,12801,34,,,1,70,,4655,34,,,1,30,,12802,34,,,1,70,,12790,34,,,1
10801,'13',650,,12811,34,,,1,70,,12814,34,,,1,30,,12808,34,,,1,70,,12806,34,,,1,30,,10419,34,,,1,70,,12803,34,,,1,100,,12804,34,,,1,100,,12812,34,,,1,100,,12816,34,,,1,100,,12817,34,,,1,100,,12809,34,,,1,30,,12805,34,,,1,70,,12810,34,,,1,30,,12818,34,,,1,70,,4746,34,,,1,30,,12819,34,,,1,70,,12807,34,,,1
10901,'10',621,,12873,9,,,1,100,,12847,9,,,1,100,,12846,9,,,1,100,,12880,9,,,1,100,,12852,9,,,1,100,,11111,9,,,1,100,,12878,9,,,1,100,,12876,9,,,1,100,,10209,9,,,1,100,,12871,9,,,1,100,,12851,9,,,1,100,,12870,9,,,1
10901,'13',621,,12915,9,,,1,100,,12887,9,,,1,100,,12886,9,,,1,100,,12922,9,,,1,100,,12892,9,,,1,100,,11072,9,,,1,100,,12920,9,,,1,100,,12918,9,,,1,100,,10137,9,,,1,100,,12913,9,,,1,100,,12891,9,,,1,100,,12912,9,,,1
11401,'10',654,,13339,33,,,1,100,,13337,33,,,1,100,,13338,33,,,1,100,,13341,33,,,1,100,,13344,33,,,1,100,,13340,33,,,1,100,,13335,33,,,1,100,,13336,33,,,1,100,,13343,33,,,1,100,,13342,33,,,1,100,,13346,33,,,1,100,,13345,33,,,1
11401,'13',654,,13351,33,,,1,100,,13349,33,,,1,100,,13350,33,,,1,100,,13353,33,,,1,100,,13356,33,,,1,100,,13352,33,,,1,100,,13347,33,,,1,100,,13348,33,,,1,100,,13355,33,,,1,100,,13354,33,,,1,100,,13358,33,,,1,100,,13357,33,,,1
20901,'10',1821,,14061,9,,,1,100,,14063,9,,,1,100,,14051,9,,,1,100,,14053,9,,,1,100,,14064,9,,,1
20901,'13',1821,,14079,9,,,1,100,,14080,9,,,1,100,,14071,9,,,1,100,,14075,9,,,1,100,,14069,9,,,1
20901,'7',721,,14132,9,,,1,100,,14118,9,,,1,100,,14119,9,,,1,100,,14125,9,,,1,100,,14098,9,,,1,100,,14105,9,,,1,100,,14104,9,,,1,100,,14129,9,,,1,100,,14117,9,,,1,100,,11379,9,,,1,100,,14127,9,,,1,100,,14137,9,,,1,100,,14136,9,,,1,100,,14114,9,,,1
21401,'10',1853,,14415,39,,,1,100,,14416,39,,,1,100,,14413,39,,,1,100,,14417,39,,,1,100,,14414,39,,,1
21401,'13',1853,,14421,39,,,1,100,,14420,39,,,1,100,,14422,39,,,1,100,,14418,39,,,1,100,,14419,39,,,1
21401,'7',753,,14429,39,,,1,100,,14428,39,,,1,100,,14431,39,,,1,100,,14424,39,,,1,100,,14432,39,,,1,100,,11741,39,,,1,100,,14423,39,,,1,100,,14434,39,,,1,100,,14433,39,,,1,100,,14430,39,,,1,100,,14426,39,,,1,100,,14427,39,,,1,100,,14425,39,,,1
