10500,'14',601,,3682,10,,,1,100,,3668,10,,,1,30,,3649,10,,,1,70,,3679,10,,,1,30,,3650,10,,,1,70,,3678,10,,,1,30,,3665,10,,,1,70,,3648,10,,,1,100,,3664,10,,,1,100,,1449,10,,,1,100,,3662,10,,,1,100,,3661,10,,,1,100,,3657,10,,,1,30,,3653,10,,,1,70,,3667,10,,,1,30,,3671,10,,,1,70,,1017,10,,,1,30,,3660,10,,,1,70,,3680,10,,,1
10500,'18',601,,3720,10,,,1,100,,3704,10,,,1,30,,3684,10,,,1,70,,3717,10,,,1,30,,3685,10,,,1,70,,3716,10,,,1,30,,3700,10,,,1,70,,3683,10,,,1,100,,3699,10,,,1,100,,3707,10,,,1,100,,3697,10,,,1,100,,3696,10,,,1,100,,3692,10,,,1,30,,3688,10,,,1,70,,3703,10,,,1,30,,3709,10,,,1,70,,3705,10,,,1,30,,3695,10,,,1,70,,3718,10,,,1
10500,'20',601,,3755,10,,,1,100,,3740,10,,,1,30,,3722,10,,,1,70,,3752,10,,,1,30,,3723,10,,,1,70,,3751,10,,,1,30,,3737,10,,,1,70,,3721,10,,,1,100,,3736,10,,,1,100,,3742,10,,,1,100,,3734,10,,,1,100,,3733,10,,,1,100,,3729,10,,,1,30,,806,10,,,1,70,,3739,10,,,1,30,,3744,10,,,1,70,,969,10,,,1,30,,3732,10,,,1,70,,3753,10,,,1
10500,'8',601,,3793,10,,,1,100,,3777,10,,,1,30,,3757,10,,,1,70,,3790,10,,,1,30,,3758,10,,,1,70,,3789,10,,,1,30,,3773,10,,,1,70,,3756,10,,,1,100,,3772,10,,,1,100,,3780,10,,,1,100,,3770,10,,,1,100,,3769,10,,,1,100,,3765,10,,,1,30,,3761,10,,,1,70,,3776,10,,,1,30,,3782,10,,,1,70,,3778,10,,,1,30,,3768,10,,,1,70,,3791,10,,,1
10501,'14',620,,3799,9,,,1,100,,3797,9,,,1,30,,3801,9,,,1,70,,3827,9,,,1,30,,1733,9,,,1,70,,1161,9,,,1,30,,3803,9,,,1,70,,3800,9,,,1,100,,3817,9,,,1,100,,3815,9,,,1,100,,3810,9,,,1,100,,3805,9,,,1,100,,3807,9,,,1,30,,3809,9,,,1,70,,3808,9,,,1,30,,3804,9,,,1,70,,3802,9,,,1,30,,3824,9,,,1,70,,3795,9,,,1
10501,'18',620,,3835,9,,,1,100,,3833,9,,,1,30,,3837,9,,,1,70,,3865,9,,,1,30,,3851,9,,,1,70,,3838,9,,,1,30,,3840,9,,,1,70,,3836,9,,,1,100,,3855,9,,,1,100,,3853,9,,,1,100,,3847,9,,,1,100,,3842,9,,,1,100,,3844,9,,,1,30,,3846,9,,,1,70,,3845,9,,,1,30,,3841,9,,,1,70,,3839,9,,,1,30,,3862,9,,,1,70,,3831,9,,,1
10501,'20',620,,3873,9,,,1,100,,3871,9,,,1,30,,3875,9,,,1,70,,3901,9,,,1,30,,1685,9,,,1,70,,1133,9,,,1,30,,3877,9,,,1,70,,3874,9,,,1,100,,3891,9,,,1,100,,3889,9,,,1,100,,3884,9,,,1,100,,3879,9,,,1,100,,3881,9,,,1,30,,3883,9,,,1,70,,3882,9,,,1,30,,3878,9,,,1,70,,3876,9,,,1,30,,3898,9,,,1,70,,3869,9,,,1
10501,'8',620,,3909,9,,,1,100,,3907,9,,,1,30,,3911,9,,,1,70,,3939,9,,,1,30,,3925,9,,,1,70,,3912,9,,,1,30,,3914,9,,,1,70,,3910,9,,,1,100,,3929,9,,,1,100,,3927,9,,,1,100,,3921,9,,,1,100,,3916,9,,,1,100,,3918,9,,,1,30,,3920,9,,,1,70,,3919,9,,,1,30,,3915,9,,,1,70,,3913,9,,,1,30,,3936,9,,,1,70,,3905,9,,,1
20500,'11',700,,6648,7,,,1,100,,6658,7,,,1,100,,6654,7,,,1,100,,6662,7,,,1,100,,6667,7,,,1,100,,6647,7,,,1,100,,6668,7,,,1,100,,6663,7,,,1,100,,6669,7,,,1,100,,6646,7,,,1,100,,2735,7,,,1,100,,6665,7,,,1,100,,2642,7,,,1,100,,6650,7,,,1
20500,'14',1900,,6671,7,,,1,100,,6672,7,,,1,100,,1735,7,,,1,100,,6677,7,,,1
20500,'18',1900,,6678,7,,,1,100,,6679,7,,,1,100,,6682,7,,,1,100,,6685,7,,,1
20500,'20',1900,,6686,7,,,1,100,,6687,7,,,1,100,,1687,7,,,1,100,,6692,7,,,1
20500,'4',700,,6696,7,,,1,100,,6707,7,,,1,100,,6703,7,,,1,100,,6711,7,,,1,100,,6717,7,,,1,100,,6695,7,,,1,100,,6718,7,,,1,100,,6712,7,,,1,100,,6719,7,,,1,100,,6693,7,,,1,100,,6713,7,,,1,100,,6715,7,,,1,100,,6694,7,,,1,100,,6699,7,,,1
20500,'8',1900,,6721,7,,,1,100,,6722,7,,,1,100,,6725,7,,,1,100,,6728,7,,,1
