11100,'14',602,,5007,3,,,1,30,,5010,3,,,1,70,,5017,3,,,1,30,,5016,3,,,1,70,,765,3,,,1,30,,5018,3,,,1,70,,5024,3,,,1,30,,1287,3,,,1,70,,5020,3,,,1,30,,5014,3,,,1,70,,5019,3,,,1,30,,5005,3,,,1,70,,5004,3,,,1,30,,5003,3,,,1,70,,5013,3,,,1,30,,5023,3,,,1,70,,5021,3,,,1,30,,5008,3,,,1,70,,5009,3,,,1,30,,5015,3,,,1,70,,5006,3,,,1,30,,5002,3,,,1,70,,5022,3,,,1,30,,5012,3,,,1,70,,5011,3,,,1,30,,1286,3,,,1
11100,'18',602,,5030,3,,,1,30,,5033,3,,,1,70,,5041,3,,,1,30,,5040,3,,,1,70,,5039,3,,,1,30,,5044,3,,,1,70,,5050,3,,,1,30,,5043,3,,,1,70,,5046,3,,,1,30,,5037,3,,,1,70,,5045,3,,,1,30,,5028,3,,,1,70,,5027,3,,,1,30,,5026,3,,,1,70,,5036,3,,,1,30,,5049,3,,,1,70,,5047,3,,,1,30,,5031,3,,,1,70,,5032,3,,,1,30,,5038,3,,,1,70,,5029,3,,,1,30,,5025,3,,,1,70,,5048,3,,,1,30,,5035,3,,,1,70,,5034,3,,,1,30,,5042,3,,,1
11100,'20',602,,5059,3,,,1,30,,5062,3,,,1,70,,5067,3,,,1,30,,5065,3,,,1,70,,705,3,,,1,30,,5068,3,,,1,70,,5074,3,,,1,30,,1269,3,,,1,70,,5070,3,,,1,30,,5063,3,,,1,70,,5069,3,,,1,30,,5054,3,,,1,70,,5056,3,,,1,30,,5051,3,,,1,70,,5064,3,,,1,30,,5073,3,,,1,70,,5058,3,,,1,30,,5060,3,,,1,70,,5066,3,,,1,30,,5052,3,,,1,70,,5057,3,,,1,30,,5055,3,,,1,70,,5061,3,,,1,30,,5072,3,,,1,70,,5053,3,,,1,30,,5071,3,,,1
11100,'8',602,,5083,3,,,1,30,,5086,3,,,1,70,,5092,3,,,1,30,,5090,3,,,1,70,,5089,3,,,1,30,,5094,3,,,1,70,,5100,3,,,1,30,,5093,3,,,1,70,,5096,3,,,1,30,,5087,3,,,1,70,,5095,3,,,1,30,,5078,3,,,1,70,,5080,3,,,1,30,,5075,3,,,1,70,,5088,3,,,1,30,,5099,3,,,1,70,,5082,3,,,1,30,,5084,3,,,1,70,,5091,3,,,1,30,,5076,3,,,1,70,,5081,3,,,1,30,,5079,3,,,1,70,,5085,3,,,1,30,,5098,3,,,1,70,,5077,3,,,1,30,,5097,3,,,1
21100,'11',732,,7493,3,,,1,70,,7506,3,,,1,30,,7489,3,,,1,70,,7508,3,,,1,30,,7492,3,,,1,70,,7491,3,,,1,30,,7501,3,,,1,70,,7496,3,,,1,30,,7512,3,,,1,70,,2503,3,,,1,30,,7490,3,,,1,70,,7504,3,,,1,30,,7495,3,,,1,70,,7503,3,,,1,30,,7499,3,,,1,70,,7505,3,,,1,30,,7502,3,,,1,70,,7497,3,,,1,30,,7507,3,,,1,70,,7509,3,,,1,30,,7511,3,,,1,70,,2362,3,,,1,30,,7500,3,,,1,70,,7494,3,,,1,30,,7510,3,,,1,70,,7498,3,,,1,30,,7488,3,,,1
21100,'14',1902,,7515,3,,,1,30,,7521,3,,,1,70,,7514,3,,,1,30,,7513,3,,,1,70,,7517,3,,,1,30,,7520,3,,,1,70,,7518,3,,,1,30,,7516,3,,,1,70,,7519,3,,,1
21100,'18',1902,,7524,3,,,1,30,,7530,3,,,1,70,,7523,3,,,1,30,,7522,3,,,1,70,,7526,3,,,1,30,,7529,3,,,1,70,,7527,3,,,1,30,,7525,3,,,1,70,,7528,3,,,1
21100,'20',1902,,7538,3,,,1,30,,7539,3,,,1,70,,7532,3,,,1,30,,7531,3,,,1,70,,7534,3,,,1,30,,7537,3,,,1,70,,7535,3,,,1,30,,7533,3,,,1,70,,7536,3,,,1
21100,'4',732,,7546,3,,,1,70,,7560,3,,,1,30,,7541,3,,,1,70,,7562,3,,,1,30,,7545,3,,,1,70,,7544,3,,,1,30,,7555,3,,,1,70,,7549,3,,,1,30,,7566,3,,,1,70,,7553,3,,,1,30,,7542,3,,,1,70,,7558,3,,,1,30,,7548,3,,,1,70,,7557,3,,,1,30,,7552,3,,,1,70,,7559,3,,,1,30,,7556,3,,,1,70,,7550,3,,,1,30,,7561,3,,,1,70,,7563,3,,,1,30,,7565,3,,,1,70,,7543,3,,,1,30,,7554,3,,,1,70,,7547,3,,,1,30,,7564,3,,,1,70,,7551,3,,,1,30,,7540,3,,,1
21100,'8',1902,,7574,3,,,1,30,,7575,3,,,1,70,,7568,3,,,1,30,,7567,3,,,1,70,,7570,3,,,1,30,,7573,3,,,1,70,,7571,3,,,1,30,,7569,3,,,1,70,,7572,3,,,1
