10401,'12',641,,8793,5,,,1,70,,8779,5,,,1,30,,8812,5,,,1,70,,8772,5,,,1,30,,5214,5,,,1,70,,6140,5,,,1,30,,8775,5,,,1,70,,3572,5,,,1,30,,8780,5,,,1,70,,5788,5,,,1,30,,8797,5,,,1,70,,8804,5,,,1,30,,8803,5,,,1,70,,8796,5,,,1,30,,8813,5,,,1,70,,8773,5,,,1,30,,8790,5,,,1,70,,8810,5,,,1,30,,8798,5,,,1,70,,8807,5,,,1,30,,8776,5,,,1,70,,8030,5,,,1,30,,8785,5,,,1,70,,8795,5,,,1,30,,8800,5,,,1
10401,'5',641,,8836,5,,,1,70,,8822,5,,,1,30,,8860,5,,,1,70,,8815,5,,,1,30,,8844,5,,,1,70,,8863,5,,,1,30,,8818,5,,,1,70,,8839,5,,,1,30,,8823,5,,,1,70,,8848,5,,,1,30,,8841,5,,,1,70,,8852,5,,,1,30,,8851,5,,,1,70,,8840,5,,,1,30,,8861,5,,,1,70,,8816,5,,,1,30,,8833,5,,,1,70,,8858,5,,,1,30,,8842,5,,,1,70,,8855,5,,,1,30,,8819,5,,,1,70,,8846,5,,,1,30,,8828,5,,,1,70,,8838,5,,,1,30,,8845,5,,,1
10401,'9',641,,8886,5,,,1,70,,8872,5,,,1,30,,8906,5,,,1,70,,8865,5,,,1,30,,8893,5,,,1,70,,6050,5,,,1,30,,8868,5,,,1,70,,3479,5,,,1,30,,8873,5,,,1,70,,5723,5,,,1,30,,8890,5,,,1,70,,8898,5,,,1,30,,8897,5,,,1,70,,8889,5,,,1,30,,8907,5,,,1,70,,8866,5,,,1,30,,8883,5,,,1,70,,8904,5,,,1,30,,8891,5,,,1,70,,8901,5,,,1,30,,8869,5,,,1,70,,7982,5,,,1,30,,8878,5,,,1,70,,8888,5,,,1,30,,8894,5,,,1
10801,'12',630,,9542,2,,,1,70,,9541,2,,,1,30,,9551,2,,,1,70,,9538,2,,,1,30,,9543,2,,,1,70,,9539,2,,,1,100,,9536,2,,,1,100,,9550,2,,,1,100,,9547,2,,,1,100,,9549,2,,,1,100,,9544,2,,,1,30,,9546,2,,,1,70,,9548,2,,,1,30,,6419,2,,,1,70,,2911,2,,,1,30,,9535,2,,,1,70,,9540,2,,,1
10801,'5',630,,9561,2,,,1,70,,9557,2,,,1,30,,9569,2,,,1,70,,9554,2,,,1,30,,9570,2,,,1,70,,9555,2,,,1,100,,9553,2,,,1,100,,9568,2,,,1,100,,9565,2,,,1,100,,9567,2,,,1,100,,9560,2,,,1,30,,9563,2,,,1,70,,9566,2,,,1,30,,9558,2,,,1,70,,9559,2,,,1,30,,9552,2,,,1,70,,9556,2,,,1
10801,'9',630,,3662,2,,,1,70,,9576,2,,,1,30,,9585,2,,,1,70,,9573,2,,,1,30,,9586,2,,,1,70,,9574,2,,,1,100,,9572,2,,,1,100,,9584,2,,,1,100,,9581,2,,,1,100,,9583,2,,,1,100,,9577,2,,,1,30,,9579,2,,,1,70,,9582,2,,,1,30,,6402,2,,,1,70,,2877,2,,,1,30,,9571,2,,,1,70,,9575,2,,,1
20301,'12',2408,,10812,18,,,1
20301,'5',2408,,10822,18,,,1
20301,'9',2408,,10856,18,,,1
20401,'12',1912,,10925,5,,,1,30,,10931,5,,,1,70,,10935,5,,,1,30,,10932,5,,,1,70,,10927,5,,,1,30,,10923,5,,,1,70,,10934,5,,,1,30,,10922,5,,,1,70,,10924,5,,,1,30,,10930,5,,,1
20401,'5',1912,,10943,5,,,1,30,,10949,5,,,1,70,,10955,5,,,1,30,,10950,5,,,1,70,,10945,5,,,1,30,,10941,5,,,1,70,,10952,5,,,1,30,,10940,5,,,1,70,,10942,5,,,1,30,,10948,5,,,1
20401,'7',742,,11002,5,,,1,70,,10997,5,,,1,30,,10964,5,,,1,70,,10963,5,,,1,30,,10976,5,,,1,70,,10989,5,,,1,30,,10972,5,,,1,70,,10971,5,,,1,30,,10961,5,,,1,70,,6914,5,,,1,30,,6735,5,,,1,70,,10985,5,,,1,30,,11003,5,,,1,70,,10991,5,,,1,30,,10968,5,,,1,70,,10957,5,,,1,30,,10983,5,,,1,70,,10967,5,,,1,30,,10959,5,,,1,70,,10990,5,,,1,30,,10975,5,,,1,70,,10981,5,,,1,30,,10978,5,,,1,70,,10987,5,,,1,30,,11001,5,,,1,70,,10980,5,,,1,30,,10973,5,,,1,70,,10988,5,,,1
20401,'9',1912,,11013,5,,,1,30,,11019,5,,,1,70,,11024,5,,,1,30,,11020,5,,,1,70,,11015,5,,,1,30,,11011,5,,,1,70,,11022,5,,,1,30,,11010,5,,,1,70,,11012,5,,,1,30,,11018,5,,,1
