10100,'10',708,,12005,15,,,1,30,,11998,15,,,1,70,,12007,15,,,1,30,,12003,15,,,1,70,,12010,15,,,1,30,,12006,15,,,1,70,,11996,15,,,1,100,,12000,15,,,1,100,,12004,15,,,1,100,,12001,15,,,1,100,,11993,15,,,1,100,,12008,15,,,1,30,,11999,15,,,1,70,,11995,15,,,1,30,,11997,15,,,1,70,,11994,15,,,1,30,,12009,15,,,1,70,,12002,15,,,1
10100,'13',708,,12023,15,,,1,30,,12016,15,,,1,70,,12025,15,,,1,30,,12021,15,,,1,70,,12028,15,,,1,30,,12024,15,,,1,70,,12014,15,,,1,100,,12018,15,,,1,100,,12022,15,,,1,100,,12019,15,,,1,100,,12011,15,,,1,100,,12026,15,,,1,30,,12017,15,,,1,70,,12013,15,,,1,30,,12015,15,,,1,70,,12012,15,,,1,30,,12027,15,,,1,70,,12020,15,,,1
11100,'10',606,,13018,10,,,1,30,,13013,10,,,1,70,,13025,10,,,1,30,,13032,10,,,1,70,,13027,10,,,1,30,,13024,10,,,1,70,,13010,10,,,1,30,,13029,10,,,1,70,,13017,10,,,1,30,,13019,10,,,1,70,,13016,10,,,1,30,,13026,10,,,1,70,,13028,10,,,1,30,,13015,10,,,1,70,,13023,10,,,1,30,,13020,10,,,1,70,,13031,10,,,1,30,,13034,10,,,1,70,,13033,10,,,1,30,,13022,10,,,1,70,,13030,10,,,1,30,,8868,10,,,1,70,,13011,10,,,1,30,,13014,10,,,1,70,,13012,10,,,1,30,,13021,10,,,1
11100,'13',606,,13046,10,,,1,30,,13039,10,,,1,70,,13050,10,,,1,30,,13056,10,,,1,70,,13053,10,,,1,30,,10132,10,,,1,70,,13035,10,,,1,30,,13054,10,,,1,70,,13044,10,,,1,30,,13047,10,,,1,70,,13041,10,,,1,30,,13043,10,,,1,70,,13048,10,,,1,30,,13040,10,,,1,70,,13037,10,,,1,30,,13052,10,,,1,70,,13042,10,,,1,30,,13058,10,,,1,70,,13045,10,,,1,30,,13051,10,,,1,70,,13059,10,,,1,30,,13057,10,,,1,70,,13049,10,,,1,30,,13055,10,,,1,70,,13036,10,,,1,30,,13038,10,,,1
20300,'10',1906,,13599,11,,,1,30,,9722,11,,,1,70,,13604,11,,,1,30,,13600,11,,,1,70,,13597,11,,,1,30,,13603,11,,,1,70,,13601,11,,,1,30,,13602,11,,,1,70,,13598,11,,,1
20300,'13',1906,,13607,11,,,1,30,,9631,11,,,1,70,,13611,11,,,1,30,,13608,11,,,1,70,,13605,11,,,1,30,,13612,11,,,1,70,,13609,11,,,1,30,,13610,11,,,1,70,,13606,11,,,1
20300,'7',736,,13629,11,,,1,70,,13625,11,,,1,30,,13619,11,,,1,70,,13617,11,,,1,30,,13631,11,,,1,70,,13623,11,,,1,30,,13639,11,,,1,70,,13624,11,,,1,30,,13613,11,,,1,70,,13632,11,,,1,30,,13630,11,,,1,70,,13636,11,,,1,30,,13628,11,,,1,70,,13618,11,,,1,30,,13635,11,,,1,70,,13621,11,,,1,30,,13627,11,,,1,70,,13633,11,,,1,30,,13622,11,,,1,70,,13620,11,,,1,30,,13637,11,,,1,70,,13638,11,,,1,30,,13614,11,,,1,70,,13626,11,,,1,30,,13634,11,,,1,70,,13615,11,,,1,30,,13616,11,,,1
21100,'10',1906,,14233,10,,,1,30,,14238,10,,,1,70,,14236,10,,,1,30,,14239,10,,,1,70,,14237,10,,,1,30,,14234,10,,,1,70,,14232,10,,,1,30,,8640,10,,,1,70,,14235,10,,,1
21100,'13',1906,,14245,10,,,1,30,,14246,10,,,1,70,,14243,10,,,1,30,,14247,10,,,1,70,,14244,10,,,1,30,,14241,10,,,1,70,,14240,10,,,1,30,,8603,10,,,1,70,,14242,10,,,1
21100,'7',736,,14264,10,,,1,70,,14268,10,,,1,30,,14253,10,,,1,70,,14249,10,,,1,30,,11442,10,,,1,70,,14254,10,,,1,30,,14248,10,,,1,70,,14259,10,,,1,30,,14267,10,,,1,70,,14251,10,,,1,30,,14258,10,,,1,70,,14269,10,,,1,30,,14257,10,,,1,70,,14250,10,,,1,30,,14265,10,,,1,70,,14262,10,,,1,30,,14272,10,,,1,70,,14252,10,,,1,30,,14261,10,,,1,70,,14256,10,,,1,30,,14263,10,,,1,70,,14273,10,,,1,30,,14255,10,,,1,70,,14266,10,,,1,30,,14270,10,,,1,70,,14260,10,,,1,30,,14271,10,,,1
