10501,'14',626,,3819,3,,,1,100,,3820,3,,,1,30,,3828,3,,,1,70,,3816,3,,,1,30,,3798,3,,,1,70,,3806,3,,,1,30,,3826,3,,,1,70,,3812,3,,,1,100,,3796,3,,,1,100,,3811,3,,,1,100,,3814,3,,,1,100,,3794,3,,,1,100,,3813,3,,,1,30,,3823,3,,,1,70,,3822,3,,,1,30,,3821,3,,,1,70,,3818,3,,,1,30,,3829,3,,,1,70,,3825,3,,,1
10501,'18',626,,3857,3,,,1,100,,3858,3,,,1,30,,3866,3,,,1,70,,3854,3,,,1,30,,3834,3,,,1,70,,3843,3,,,1,30,,3864,3,,,1,70,,3849,3,,,1,100,,3832,3,,,1,100,,3848,3,,,1,100,,3852,3,,,1,100,,3830,3,,,1,100,,3850,3,,,1,30,,3861,3,,,1,70,,3860,3,,,1,30,,3859,3,,,1,70,,3856,3,,,1,30,,3867,3,,,1,70,,3863,3,,,1
10501,'20',626,,3893,3,,,1,100,,3894,3,,,1,30,,3902,3,,,1,70,,3890,3,,,1,30,,3872,3,,,1,70,,3880,3,,,1,30,,3900,3,,,1,70,,3886,3,,,1,100,,3870,3,,,1,100,,3885,3,,,1,100,,3888,3,,,1,100,,3868,3,,,1,100,,3887,3,,,1,30,,3897,3,,,1,70,,3896,3,,,1,30,,3895,3,,,1,70,,3892,3,,,1,30,,3903,3,,,1,70,,3899,3,,,1
10501,'8',626,,3931,3,,,1,100,,3932,3,,,1,30,,3940,3,,,1,70,,3928,3,,,1,30,,3908,3,,,1,70,,3917,3,,,1,30,,3938,3,,,1,70,,3923,3,,,1,100,,3906,3,,,1,100,,3922,3,,,1,100,,3926,3,,,1,100,,3904,3,,,1,100,,3924,3,,,1,30,,3935,3,,,1,70,,3934,3,,,1,30,,3933,3,,,1,70,,3930,3,,,1,30,,3941,3,,,1,70,,3937,3,,,1
20501,'11',725,,6751,3,,,1,100,,6752,3,,,1,100,,6738,3,,,1,100,,2515,3,,,1,100,,6753,3,,,1,100,,6750,3,,,1,100,,6740,3,,,1,100,,6748,3,,,1,100,,6730,3,,,1,100,,6735,3,,,1,100,,6734,3,,,1,100,,6732,3,,,1,100,,6742,3,,,1,100,,6747,3,,,1
20501,'14',1925,,6756,3,,,1,100,,6762,3,,,1,100,,6755,3,,,1,100,,6760,3,,,1
20501,'18',1925,,6764,3,,,1,100,,6770,3,,,1,100,,6763,3,,,1,100,,6768,3,,,1
20501,'20',1925,,6772,3,,,1,100,,6778,3,,,1,100,,6771,3,,,1,100,,6776,3,,,1
20501,'4',725,,6803,3,,,1,100,,6804,3,,,1,100,,6789,3,,,1,100,,6796,3,,,1,100,,6805,3,,,1,100,,6802,3,,,1,100,,6791,3,,,1,100,,6800,3,,,1,100,,6780,3,,,1,100,,6786,3,,,1,100,,6785,3,,,1,100,,6783,3,,,1,100,,6793,3,,,1,100,,6799,3,,,1
20501,'8',1925,,6808,3,,,1,100,,6814,3,,,1,100,,6807,3,,,1,100,,6812,3,,,1
