10501,'14',625,,3799,16,0,14 15 16,1,100,,3797,16,0,14 15 16,1,30,,3801,16,0,14 15 16,1,70,,3827,16,0,14 15 16,1,30,,1733,16,0,14 15 16,1,70,,1161,16,0,14 15 16,1,30,,3803,16,0,14 15 16,1,70,,3800,16,0,14 15 16,1,100,,3817,16,0,14 15 16,1,100,,3815,16,0,14 15 16,1,100,,3810,16,0,14 15 16,1,100,,3805,16,0,14 15 16,1,100,,3807,16,0,14 15 16,1,30,,3809,16,0,14 15 16,1,70,,3808,16,0,14 15 16,1,30,,3804,16,0,14 15 16,1,70,,3802,16,0,14 15 16,1,30,,3824,16,0,14 15 16,1,70,,3795,16,0,14 15 16,1
10501,'18',625,,3835,16,0,14 15 16,1,100,,3833,16,0,14 15 16,1,30,,3837,16,0,14 15 16,1,70,,3865,16,0,14 15 16,1,30,,3851,16,0,14 15 16,1,70,,3838,16,0,14 15 16,1,30,,3840,16,0,14 15 16,1,70,,3836,16,0,14 15 16,1,100,,3855,16,0,14 15 16,1,100,,3853,16,0,14 15 16,1,100,,3847,16,0,14 15 16,1,100,,3842,16,0,14 15 16,1,100,,3844,16,0,14 15 16,1,30,,3846,16,0,14 15 16,1,70,,3845,16,0,14 15 16,1,30,,3841,16,0,14 15 16,1,70,,3839,16,0,14 15 16,1,30,,3862,16,0,14 15 16,1,70,,3831,16,0,14 15 16,1
10501,'20',625,,3873,16,0,14 15 16,1,100,,3871,16,0,14 15 16,1,30,,3875,16,0,14 15 16,1,70,,3901,16,0,14 15 16,1,30,,1685,16,0,14 15 16,1,70,,1133,16,0,14 15 16,1,30,,3877,16,0,14 15 16,1,70,,3874,16,0,14 15 16,1,100,,3891,16,0,14 15 16,1,100,,3889,16,0,14 15 16,1,100,,3884,16,0,14 15 16,1,100,,3879,16,0,14 15 16,1,100,,3881,16,0,14 15 16,1,30,,3883,16,0,14 15 16,1,70,,3882,16,0,14 15 16,1,30,,3878,16,0,14 15 16,1,70,,3876,16,0,14 15 16,1,30,,3898,16,0,14 15 16,1,70,,3869,16,0,14 15 16,1
10501,'8',625,,3909,16,0,14 15 16,1,100,,3907,16,0,14 15 16,1,30,,3911,16,0,14 15 16,1,70,,3939,16,0,14 15 16,1,30,,3925,16,0,14 15 16,1,70,,3912,16,0,14 15 16,1,30,,3914,16,0,14 15 16,1,70,,3910,16,0,14 15 16,1,100,,3929,16,0,14 15 16,1,100,,3927,16,0,14 15 16,1,100,,3921,16,0,14 15 16,1,100,,3916,16,0,14 15 16,1,100,,3918,16,0,14 15 16,1,30,,3920,16,0,14 15 16,1,70,,3919,16,0,14 15 16,1,30,,3915,16,0,14 15 16,1,70,,3913,16,0,14 15 16,1,30,,3936,16,0,14 15 16,1,70,,3905,16,0,14 15 16,1
20501,'11',723,,6737,14,,,1,100,,6733,14,,,1,100,,6731,14,,,1,100,,6729,14,,,1,100,,6754,14,,,1,100,,6739,14,,,1,100,,6744,14,,,1,100,,6746,14,,,1,100,,6736,14,,,1,100,,2688,14,,,1,100,,6745,14,,,1,100,,6749,14,,,1,100,,6743,14,,,1,100,,6741,14,,,1
20501,'14',1923,,6761,14,,,1,100,,6757,14,,,1,100,,6758,14,,,1,100,,6759,14,,,1
20501,'18',1923,,6769,14,,,1,100,,6765,14,,,1,100,,6766,14,,,1,100,,6767,14,,,1
20501,'20',1923,,6777,14,,,1,100,,6773,14,,,1,100,,6774,14,,,1,100,,6775,14,,,1
20501,'4',723,,6788,14,,,1,100,,6784,14,,,1,100,,6782,14,,,1,100,,6779,14,,,1,100,,6806,14,,,1,100,,6790,14,,,1,100,,6795,14,,,1,100,,6798,14,,,1,100,,6787,14,,,1,100,,6781,14,,,1,100,,6797,14,,,1,100,,6801,14,,,1,100,,6794,14,,,1,100,,6792,14,,,1
20501,'8',1923,,6813,14,,,1,100,,6809,14,,,1,100,,6810,14,,,1,100,,6811,14,,,1
