'15',10500,55500,4,'',1,200,,'',1,9800,4,'',1,200,,'',1,6800,4,'',1,200,,'',1,2800,4,'',1,200,,'',1,6800,4,'',1,200,,'',1,2800,4,'',1,200,,'',1,6800,4,'',1,200,,'',1,2800,4,'',1,200,,'',1,9800,4,'',1,200,,'',1,9800,4,'',1,200,,'',1,9800,4,'',1,200,,'',1,9800,4,'',1,200,,'',1,9800,4,'',1,200,,'',1,6800,4,'',1,200,,'',1,2800,4,'',1,200,,'',1,6800,4,'',1,200,,'',1,2800,4,'',1,200,,'',1,6800,4,'',1,200,,'',1,2800,4,'',1,200,,'',1
'19',10500,55500,4,'',1,200,,'',1,9800,4,'',1,200,,'',1,6800,4,'',1,200,,'',1,2800,4,'',1,200,,'',1,6800,4,'',1,200,,'',1,2800,4,'',1,200,,'',1,6800,4,'',1,200,,'',1,2800,4,'',1,200,,'',1,9800,4,'',1,200,,'',1,9800,4,'',1,200,,'',1,9800,4,'',1,200,,'',1,9800,4,'',1,200,,'',1,9800,4,'',1,200,,'',1,6800,4,'',1,200,,'',1,2800,4,'',1,200,,'',1,6800,4,'',1,200,,'',1,2800,4,'',1,200,,'',1,6800,4,'',1,200,,'',1,2800,4,'',1,200,,'',1
'2',10500,55500,4,'',1,200,,'',1,9800,4,'',1,200,,'',1,6800,4,'',1,200,,'',1,2800,4,'',1,200,,'',1,6800,4,'',1,200,,'',1,2800,4,'',1,200,,'',1,6800,4,'',1,200,,'',1,2800,4,'',1,200,,'',1,9800,4,'',1,200,,'',1,9800,4,'',1,200,,'',1,9800,4,'',1,200,,'',1,9800,4,'',1,200,,'',1,9800,4,'',1,200,,'',1,6800,4,'',1,200,,'',1,2800,4,'',1,200,,'',1,6800,4,'',1,200,,'',1,2800,4,'',1,200,,'',1,6800,4,'',1,200,,'',1,2800,4,'',1,200,,'',1
'22',10500,55500,4,'',1,200,,'',1,9800,4,'',1,200,,'',1,6800,4,'',1,200,,'',1,2800,4,'',1,200,,'',1,6800,4,'',1,200,,'',1,2800,4,'',1,200,,'',1,6800,4,'',1,200,,'',1,2800,4,'',1,200,,'',1,9800,4,'',1,200,,'',1,9800,4,'',1,200,,'',1,9800,4,'',1,200,,'',1,9800,4,'',1,200,,'',1,9800,4,'',1,200,,'',1,6800,4,'',1,200,,'',1,2800,4,'',1,200,,'',1,6800,4,'',1,200,,'',1,2800,4,'',1,200,,'',1,6800,4,'',1,200,,'',1,2800,4,'',1,200,,'',1
'8',10500,55500,4,'',1,200,,'',1,9800,4,'',1,200,,'',1,6800,4,'',1,200,,'',1,2800,4,'',1,200,,'',1,6800,4,'',1,200,,'',1,2800,4,'',1,200,,'',1,6800,4,'',1,200,,'',1,2800,4,'',1,200,,'',1,9800,4,'',1,200,,'',1,9800,4,'',1,200,,'',1,9800,4,'',1,200,,'',1,9800,4,'',1,200,,'',1,9800,4,'',1,200,,'',1,6800,4,'',1,200,,'',1,2800,4,'',1,200,,'',1,6800,4,'',1,200,,'',1,2800,4,'',1,200,,'',1,6800,4,'',1,200,,'',1,2800,4,'',1,200,,'',1
'9',10500,55500,4,'',1,200,,'',1,9800,4,'',1,200,,'',1,6800,4,'',1,200,,'',1,2800,4,'',1,200,,'',1,6800,4,'',1,200,,'',1,2800,4,'',1,200,,'',1,6800,4,'',1,200,,'',1,2800,4,'',1,200,,'',1,9800,4,'',1,200,,'',1,9800,4,'',1,200,,'',1,9800,4,'',1,200,,'',1,9800,4,'',1,200,,'',1,9800,4,'',1,200,,'',1,6800,4,'',1,200,,'',1,2800,4,'',1,200,,'',1,6800,4,'',1,200,,'',1,2800,4,'',1,200,,'',1,6800,4,'',1,200,,'',1,2800,4,'',1,200,,'',1
'13',20500,65400,4,'',1,300,,'',1,9700,4,'',1,300,,'',1,9700,4,'',1,300,,'',1,9700,4,'',1,300,,'',1,9700,4,'',1,300,,'',1,9700,4,'',1,300,,'',1,9700,4,'',1,300,,'',1,9700,4,'',1,300,,'',1,9700,4,'',1,300,,'',1,9700,4,'',1,300,,'',1,9700,4,'',1,300,,'',1,9700,4,'',1,300,,'',1,9700,4,'',1,300,,'',1,9700,4,'',1,300,,'',1
'15',20500,185400,4,'',1,300,,'',1,9700,4,'',1,300,,'',1,9700,4,'',1,300,,'',1,9700,4,'',1,300,,'',1
'19',20500,185400,4,'',1,300,,'',1,9700,4,'',1,300,,'',1,9700,4,'',1,300,,'',1,9700,4,'',1,300,,'',1,9700,4,'',1,300,,'',1,9700,4,'',1,300,,'',1,9700,4,'',1,300,,'',1,9700,4,'',1,300,,'',1
'2',20500,185400,4,'',1,300,,'',1,9700,4,'',1,300,,'',1,9700,4,'',1,300,,'',1,9700,4,'',1,300,,'',1
'22',20500,185400,4,'',1,300,,'',1,9700,4,'',1,300,,'',1,9700,4,'',1,300,,'',1,9700,4,'',1,300,,'',1
'8',20500,185400,4,'',1,300,,'',1,9700,4,'',1,300,,'',1,9700,4,'',1,300,,'',1,9700,4,'',1,300,,'',1
'9',20500,185400,4,'',1,300,,'',1,9700,4,'',1,300,,'',1,9700,4,'',1,300,,'',1
