10400,'12',638,,5394,12,0,11 12,1,70,,8704,12,0,11 12,1,30,,8705,12,0,11 12,1,70,,8710,12,0,11 12,1,30,,8715,12,0,11 12,1,70,,8712,12,0,11 12,1,30,,8709,12,0,11 12,1,70,,8701,12,0,11 12,1,30,,8700,12,0,11 12,1,70,,8707,12,0,11 12,1,30,,8699,12,0,11 12,1,70,,8698,12,0,11 12,1,30,,8714,12,0,11 12,1,70,,8703,12,0,11 12,1,30,,8720,12,0,11 12,1,70,,8716,12,0,11 12,1,30,,8706,12,0,11 12,1,70,,8718,12,0,11 12,1,30,,8713,12,0,11 12,1,70,,8702,12,0,11 12,1,30,,8719,12,0,11 12,1,70,,8717,12,0,11 12,1,30,,8711,12,0,11 12,1,70,,8708,12,0,11 12,1,30,,8721,12,0,11 12,1
10400,'5',638,,8728,12,0,11 12,1,70,,8729,12,0,11 12,1,30,,8730,12,0,11 12,1,70,,8735,12,0,11 12,1,30,,8740,12,0,11 12,1,70,,8737,12,0,11 12,1,30,,8734,12,0,11 12,1,70,,8725,12,0,11 12,1,30,,8724,12,0,11 12,1,70,,8732,12,0,11 12,1,30,,8723,12,0,11 12,1,70,,8722,12,0,11 12,1,30,,8739,12,0,11 12,1,70,,8727,12,0,11 12,1,30,,8745,12,0,11 12,1,70,,8741,12,0,11 12,1,30,,8731,12,0,11 12,1,70,,8743,12,0,11 12,1,30,,8738,12,0,11 12,1,70,,8726,12,0,11 12,1,30,,8744,12,0,11 12,1,70,,8742,12,0,11 12,1,30,,8736,12,0,11 12,1,70,,8733,12,0,11 12,1,30,,8746,12,0,11 12,1
10400,'9',638,,5322,12,0,11 12,1,70,,8753,12,0,11 12,1,30,,8754,12,0,11 12,1,70,,8759,12,0,11 12,1,30,,8764,12,0,11 12,1,70,,8761,12,0,11 12,1,30,,8758,12,0,11 12,1,70,,8750,12,0,11 12,1,30,,8749,12,0,11 12,1,70,,8756,12,0,11 12,1,30,,8748,12,0,11 12,1,70,,8747,12,0,11 12,1,30,,8763,12,0,11 12,1,70,,8752,12,0,11 12,1,30,,8769,12,0,11 12,1,70,,8765,12,0,11 12,1,30,,8755,12,0,11 12,1,70,,8767,12,0,11 12,1,30,,8762,12,0,11 12,1,70,,8751,12,0,11 12,1,30,,8768,12,0,11 12,1,70,,8766,12,0,11 12,1,30,,8760,12,0,11 12,1,70,,8757,12,0,11 12,1,30,,8770,12,0,11 12,1
20301,'12',2406,,10812,13,,,1
20301,'5',2406,,10822,13,,,1
20301,'9',2406,,10856,13,,,1
20400,'12',1909,,10868,13,,,1,30,,10867,13,,,1,70,,10870,13,,,1,30,,10871,13,,,1,70,,10863,13,,,1,30,,10864,13,,,1,70,,10865,13,,,1,30,,10869,13,,,1,70,,10866,13,,,1,30,,10872,13,,,1
20400,'5',1909,,10878,13,,,1,30,,10877,13,,,1,70,,10880,13,,,1,30,,10881,13,,,1,70,,10873,13,,,1,30,,10874,13,,,1,70,,10875,13,,,1,30,,10879,13,,,1,70,,10876,13,,,1,30,,10882,13,,,1
20400,'7',739,,10904,13,,,1,70,,6840,13,,,1,30,,10905,13,,,1,70,,10885,13,,,1,30,,7137,13,,,1,70,,10892,13,,,1,30,,10900,13,,,1,70,,10901,13,,,1,30,,10908,13,,,1,70,,10899,13,,,1,30,,10886,13,,,1,70,,10893,13,,,1,30,,10883,13,,,1,70,,10894,13,,,1,30,,10906,13,,,1,70,,10907,13,,,1,30,,10897,13,,,1,70,,10890,13,,,1,30,,10887,13,,,1,70,,10903,13,,,1,30,,10884,13,,,1,70,,10895,13,,,1,30,,10888,13,,,1,70,,10889,13,,,1,30,,10891,13,,,1,70,,10896,13,,,1,30,,10898,13,,,1,70,,10902,13,,,1
20400,'9',1909,,10914,13,,,1,30,,10913,13,,,1,70,,10916,13,,,1,30,,10917,13,,,1,70,,10909,13,,,1,30,,10910,13,,,1,70,,10911,13,,,1,30,,10915,13,,,1,70,,10912,13,,,1,30,,10918,13,,,1
