10400,'14',635,,3370,8,0,11 12,1,70,,3372,8,0,11 12,1,30,,3371,8,0,11 12,1,70,,3375,8,0,11 12,1,30,,3373,8,0,11 12,1,70,,3365,8,0,11 12,1,30,,3366,8,0,11 12,1,70,,3384,8,0,11 12,1,30,,3383,8,0,11 12,1,70,,3385,8,0,11 12,1,30,,3368,8,0,11 12,1,70,,3378,8,0,11 12,1,30,,3380,8,0,11 12,1,70,,3382,8,0,11 12,1,30,,3381,8,0,11 12,1,70,,3386,8,0,11 12,1,30,,3376,8,0,11 12,1,70,,3374,8,0,11 12,1,30,,3377,8,0,11 12,1,70,,1660,8,0,11 12,1,30,,3369,8,0,11 12,1,70,,3367,8,0,11 12,1,30,,3379,8,0,11 12,1,70,,3388,8,0,11 12,1,30,,3387,8,0,11 12,1
10400,'18',635,,3394,8,0,11 12,1,70,,3396,8,0,11 12,1,30,,3395,8,0,11 12,1,70,,3399,8,0,11 12,1,30,,3397,8,0,11 12,1,70,,3389,8,0,11 12,1,30,,3390,8,0,11 12,1,70,,3409,8,0,11 12,1,30,,3408,8,0,11 12,1,70,,3410,8,0,11 12,1,30,,3392,8,0,11 12,1,70,,3402,8,0,11 12,1,30,,3404,8,0,11 12,1,70,,3407,8,0,11 12,1,30,,3405,8,0,11 12,1,70,,3411,8,0,11 12,1,30,,3400,8,0,11 12,1,70,,3398,8,0,11 12,1,30,,3401,8,0,11 12,1,70,,3406,8,0,11 12,1,30,,3393,8,0,11 12,1,70,,3391,8,0,11 12,1,30,,3403,8,0,11 12,1,70,,3413,8,0,11 12,1,30,,3412,8,0,11 12,1
10400,'20',635,,3419,8,0,11 12,1,70,,3421,8,0,11 12,1,30,,3420,8,0,11 12,1,70,,3424,8,0,11 12,1,30,,3422,8,0,11 12,1,70,,3414,8,0,11 12,1,30,,3415,8,0,11 12,1,70,,3432,8,0,11 12,1,30,,3431,8,0,11 12,1,70,,3433,8,0,11 12,1,30,,3417,8,0,11 12,1,70,,3426,8,0,11 12,1,30,,3428,8,0,11 12,1,70,,3430,8,0,11 12,1,30,,3429,8,0,11 12,1,70,,3434,8,0,11 12,1,30,,3425,8,0,11 12,1,70,,3423,8,0,11 12,1,30,,1230,8,0,11 12,1,70,,1614,8,0,11 12,1,30,,3418,8,0,11 12,1,70,,3416,8,0,11 12,1,30,,3427,8,0,11 12,1,70,,3436,8,0,11 12,1,30,,3435,8,0,11 12,1
10400,'8',635,,3442,8,0,11 12,1,70,,3444,8,0,11 12,1,30,,3443,8,0,11 12,1,70,,3447,8,0,11 12,1,30,,3445,8,0,11 12,1,70,,3437,8,0,11 12,1,30,,3438,8,0,11 12,1,70,,3457,8,0,11 12,1,30,,3456,8,0,11 12,1,70,,3458,8,0,11 12,1,30,,3440,8,0,11 12,1,70,,3450,8,0,11 12,1,30,,3452,8,0,11 12,1,70,,3455,8,0,11 12,1,30,,3453,8,0,11 12,1,70,,3459,8,0,11 12,1,30,,3448,8,0,11 12,1,70,,3446,8,0,11 12,1,30,,3449,8,0,11 12,1,70,,3454,8,0,11 12,1,30,,3441,8,0,11 12,1,70,,3439,8,0,11 12,1,30,,3451,8,0,11 12,1,70,,3461,8,0,11 12,1,30,,3460,8,0,11 12,1
20301,'14',2404,,375,9,0,11 12,1
20301,'18',2404,,6314,9,0,11 12,1
20301,'20',2404,,325,9,0,11 12,1
20301,'8',2404,,6362,9,0,11 12,1
20400,'11',736,,6391,9,,,1,70,,6384,9,,,1,30,,6389,9,,,1,70,,6373,9,,,1,30,,6390,9,,,1,70,,6374,9,,,1,30,,6399,9,,,1,70,,6380,9,,,1,30,,6387,9,,,1,70,,6383,9,,,1,30,,6398,9,,,1,70,,6394,9,,,1,30,,2564,9,,,1,70,,6397,9,,,1,30,,6395,9,,,1,70,,6388,9,,,1,30,,6381,9,,,1,70,,6393,9,,,1,30,,6396,9,,,1,70,,6377,9,,,1,30,,6382,9,,,1,70,,6386,9,,,1,30,,6375,9,,,1,70,,6376,9,,,1,30,,6385,9,,,1,70,,6379,9,,,1,30,,6378,9,,,1,70,,6392,9,,,1
20400,'14',1906,,6403,9,,,1,30,,6405,9,,,1,70,,6402,9,,,1,30,,6404,9,,,1,70,,6406,9,,,1,30,,1277,9,,,1,70,,6401,9,,,1,30,,206,9,,,1,70,,301,9,,,1,30,,6400,9,,,1
20400,'18',1906,,6412,9,,,1,30,,6415,9,,,1,70,,6411,9,,,1,30,,6414,9,,,1,70,,6416,9,,,1,30,,6410,9,,,1,70,,6409,9,,,1,30,,6408,9,,,1,70,,6413,9,,,1,30,,6407,9,,,1
20400,'20',1906,,6420,9,,,1,30,,6422,9,,,1,70,,6419,9,,,1,30,,6421,9,,,1,70,,6423,9,,,1,30,,1255,9,,,1,70,,6418,9,,,1,30,,187,9,,,1,70,,276,9,,,1,30,,6417,9,,,1
20400,'4',736,,6443,9,,,1,70,,6436,9,,,1,30,,6441,9,,,1,70,,6424,9,,,1,30,,6442,9,,,1,70,,6425,9,,,1,30,,6451,9,,,1,70,,6432,9,,,1,30,,6439,9,,,1,70,,6435,9,,,1,30,,6450,9,,,1,70,,6446,9,,,1,30,,6426,9,,,1,70,,6449,9,,,1,30,,6447,9,,,1,70,,6440,9,,,1,30,,6433,9,,,1,70,,6445,9,,,1,30,,6448,9,,,1,70,,6429,9,,,1,30,,6434,9,,,1,70,,6438,9,,,1,30,,6427,9,,,1,70,,6428,9,,,1,30,,6437,9,,,1,70,,6431,9,,,1,30,,6430,9,,,1,70,,6444,9,,,1
20400,'8',1906,,6457,9,,,1,30,,6460,9,,,1,70,,6456,9,,,1,30,,6459,9,,,1,70,,6461,9,,,1,30,,6455,9,,,1,70,,6454,9,,,1,30,,6453,9,,,1,70,,6458,9,,,1,30,,6452,9,,,1
