10500,'14',604,,3682,15,,,1,100,,3668,15,,,1,30,,3649,15,,,1,70,,3679,15,,,1,30,,3650,15,,,1,70,,3678,15,,,1,30,,3665,15,,,1,70,,3648,15,,,1,100,,3664,15,,,1,100,,1449,15,,,1,100,,3662,15,,,1,100,,3661,15,,,1,100,,3657,15,,,1,30,,3653,15,,,1,70,,3667,15,,,1,30,,3671,15,,,1,70,,1017,15,,,1,30,,3660,15,,,1,70,,3680,15,,,1
10500,'18',604,,3720,15,,,1,100,,3704,15,,,1,30,,3684,15,,,1,70,,3717,15,,,1,30,,3685,15,,,1,70,,3716,15,,,1,30,,3700,15,,,1,70,,3683,15,,,1,100,,3699,15,,,1,100,,3707,15,,,1,100,,3697,15,,,1,100,,3696,15,,,1,100,,3692,15,,,1,30,,3688,15,,,1,70,,3703,15,,,1,30,,3709,15,,,1,70,,3705,15,,,1,30,,3695,15,,,1,70,,3718,15,,,1
10500,'20',604,,3755,15,,,1,100,,3740,15,,,1,30,,3722,15,,,1,70,,3752,15,,,1,30,,3723,15,,,1,70,,3751,15,,,1,30,,3737,15,,,1,70,,3721,15,,,1,100,,3736,15,,,1,100,,3742,15,,,1,100,,3734,15,,,1,100,,3733,15,,,1,100,,3729,15,,,1,30,,806,15,,,1,70,,3739,15,,,1,30,,3744,15,,,1,70,,969,15,,,1,30,,3732,15,,,1,70,,3753,15,,,1
10500,'8',604,,3793,15,,,1,100,,3777,15,,,1,30,,3757,15,,,1,70,,3790,15,,,1,30,,3758,15,,,1,70,,3789,15,,,1,30,,3773,15,,,1,70,,3756,15,,,1,100,,3772,15,,,1,100,,3780,15,,,1,100,,3770,15,,,1,100,,3769,15,,,1,100,,3765,15,,,1,30,,3761,15,,,1,70,,3776,15,,,1,30,,3782,15,,,1,70,,3778,15,,,1,30,,3768,15,,,1,70,,3791,15,,,1
20500,'11',703,,6648,12,,,1,100,,6658,12,,,1,100,,6654,12,,,1,100,,6662,12,,,1,100,,6667,12,,,1,100,,6647,12,,,1,100,,6668,12,,,1,100,,6663,12,,,1,100,,6669,12,,,1,100,,6646,12,,,1,100,,2735,12,,,1,100,,6665,12,,,1,100,,2642,12,,,1,100,,6650,12,,,1
20500,'14',1903,,6671,12,,,1,100,,6672,12,,,1,100,,1735,12,,,1,100,,6677,12,,,1
20500,'18',1903,,6678,12,,,1,100,,6679,12,,,1,100,,6682,12,,,1,100,,6685,12,,,1
20500,'20',1903,,6686,12,,,1,100,,6687,12,,,1,100,,1687,12,,,1,100,,6692,12,,,1
20500,'4',703,,6696,12,,,1,100,,6707,12,,,1,100,,6703,12,,,1,100,,6711,12,,,1,100,,6717,12,,,1,100,,6695,12,,,1,100,,6718,12,,,1,100,,6712,12,,,1,100,,6719,12,,,1,100,,6693,12,,,1,100,,6713,12,,,1,100,,6715,12,,,1,100,,6694,12,,,1,100,,6699,12,,,1
20500,'8',1903,,6721,12,,,1,100,,6722,12,,,1,100,,6725,12,,,1,100,,6728,12,,,1
