10600,'10',646,,15147,16,,,1,100,,15142,16,,,1,70,,12100,16,,,1,30,,15146,16,,,1,70,,12732,16,,,1,30,,15144,16,,,1,100,,15151,16,,,1,100,,15149,16,,,1,100,,15150,16,,,1,100,,15139,16,,,1,100,,15141,16,,,1,70,,15143,16,,,1,30,,15145,16,,,1,70,,15137,16,,,1,32,,15138,16,,,1,68,,15148,16,,,1,32,,15140,16,,,1
10600,'15',646,,15163,16,,,1,100,,15158,16,,,1,70,,12153,16,,,1,30,,15162,16,,,1,70,,15156,16,,,1,30,,15160,16,,,1,100,,15167,16,,,1,100,,15165,16,,,1,100,,15166,16,,,1,100,,15154,16,,,1,100,,15157,16,,,1,70,,15159,16,,,1,30,,15161,16,,,1,70,,15152,16,,,1,32,,15153,16,,,1,68,,15164,16,,,1,32,,15155,16,,,1
10601,'10',609,,15169,22,,,1,100,,15185,22,,,1,30,,15174,22,,,1,70,,15182,22,,,1,30,,15171,22,,,1,70,,15172,22,,,1,100,,15180,22,,,1,100,,15177,22,,,1,100,,12822,22,,,1,100,,15178,22,,,1,100,,15179,22,,,1,30,,15176,22,,,1,70,,15168,22,,,1,30,,15184,22,,,1,70,,15175,22,,,1,30,,15181,22,,,1,70,,15183,22,,,1,30,,15173,22,,,1,70,,12933,22,,,1
10601,'15',609,,15187,22,,,1,100,,15202,22,,,1,30,,15192,22,,,1,70,,15199,22,,,1,30,,15189,22,,,1,70,,15190,22,,,1,100,,15197,22,,,1,100,,15194,22,,,1,100,,12833,22,,,1,100,,15195,22,,,1,100,,15196,22,,,1,30,,13119,22,,,1,70,,15186,22,,,1,30,,15201,22,,,1,70,,15193,22,,,1,30,,15198,22,,,1,70,,15200,22,,,1,30,,15191,22,,,1,70,,12953,22,,,1
20600,'10',1815,,16526,21,,,1,29,,16523,21,,,1,71,,16521,21,,,1,31,,16520,21,,,1,70,,12073,21,,,1,30,,11998,21,,,1,69,,16522,21,,,1,30,,16524,21,,,1,70,,13603,21,,,1,30,,16525,21,,,1
20600,'15',1815,,16532,21,,,1,29,,16528,21,,,1,71,,16530,21,,,1,31,,16527,21,,,1,70,,12126,21,,,1,30,,12016,21,,,1,69,,13146,21,,,1,30,,16529,21,,,1,70,,13612,21,,,1,30,,16531,21,,,1
20600,'7',744,,16547,21,,,1,70,,16535,21,,,1,30,,16550,21,,,1,70,,16548,21,,,1,30,,16538,21,,,1,70,,14174,21,,,1,30,,16534,21,,,1,71,,16551,21,,,1,29,,16536,21,,,1,70,,16549,21,,,1,30,,16552,21,,,1,70,,16542,21,,,1,30,,16543,21,,,1,71,,14427,21,,,1,29,,16553,21,,,1,70,,13787,21,,,1,30,,16546,21,,,1,70,,16537,21,,,1,30,,13774,21,,,1,70,,16541,21,,,1,30,,16540,21,,,1,70,,16533,21,,,1,31,,14488,21,,,1,70,,16539,21,,,1,30,,16544,21,,,1,70,,16545,21,,,1
20601,'10',1839,,16557,12,,,1,70,,16562,12,,,1,30,,16558,12,,,1,70,,16559,12,,,1,30,,16563,12,,,1,70,,16561,12,,,1,30,,16560,12,,,1,70,,16568,12,,,1,30,,16564,12,,,1,70,,16573,12,,,1
20601,'15',1839,,16577,12,,,1,70,,16581,12,,,1,30,,16592,12,,,1,70,,16578,12,,,1,30,,16582,12,,,1,70,,16580,12,,,1,30,,16579,12,,,1,70,,16587,12,,,1,30,,16584,12,,,1,70,,16593,12,,,1
20601,'7',709,,16594,12,,,1,30,,16605,12,,,1,70,,16618,12,,,1,30,,16636,12,,,1,70,,16640,12,,,1,30,,16643,12,,,1,70,,16641,12,,,1,30,,16595,12,,,1,70,,16609,12,,,1,30,,16607,12,,,1,70,,16598,12,,,1,30,,16603,12,,,1,70,,16637,12,,,1,30,,16634,12,,,1,70,,16606,12,,,1,30,,16633,12,,,1,70,,16599,12,,,1,30,,16630,12,,,1,70,,16624,12,,,1,30,,16626,12,,,1,70,,14408,12,,,1,30,,16629,12,,,1,70,,16615,12,,,1,30,,16622,12,,,1,70,,16604,12,,,1,30,,16623,12,,,1,70,,16610,12,,,1,30,,14014,12,,,1
