11300,'14',619,,5334,4,0,18 19 20,1,100,,5322,4,0,18 19 20,1,100,,5344,4,0,18 19 20,1,100,,5319,4,0,18 19 20,1,100,,5320,4,0,18 19 20,1,100,,5316,4,0,18 19 20,1,100,,5324,4,0,18 19 20,1,100,,5338,4,0,18 19 20,1,100,,390,4,0,18 19 20,1,100,,5343,4,0,18 19 20,1,100,,5317,4,0,18 19 20,1,100,,5331,4,0,18 19 20,1,100,,5347,4,0,18 19 20,1
11300,'18',619,,5372,4,0,18 19 20,1,100,,5357,4,0,18 19 20,1,100,,5383,4,0,18 19 20,1,100,,5354,4,0,18 19 20,1,100,,5355,4,0,18 19 20,1,100,,5350,4,0,18 19 20,1,100,,5359,4,0,18 19 20,1,100,,5377,4,0,18 19 20,1,100,,5367,4,0,18 19 20,1,100,,5382,4,0,18 19 20,1,100,,5351,4,0,18 19 20,1,100,,5368,4,0,18 19 20,1,100,,5386,4,0,18 19 20,1
11300,'20',619,,5401,4,0,18 19 20,1,100,,5394,4,0,18 19 20,1,100,,5415,4,0,18 19 20,1,100,,5391,4,0,18 19 20,1,100,,5392,4,0,18 19 20,1,100,,5389,4,0,18 19 20,1,100,,1908,4,0,18 19 20,1,100,,5409,4,0,18 19 20,1,100,,5407,4,0,18 19 20,1,100,,5400,4,0,18 19 20,1,100,,5405,4,0,18 19 20,1,100,,5404,4,0,18 19 20,1,100,,2442,4,0,18 19 20,1
11300,'8',619,,5436,4,0,18 19 20,1,100,,5425,4,0,18 19 20,1,100,,5454,4,0,18 19 20,1,100,,5422,4,0,18 19 20,1,100,,5423,4,0,18 19 20,1,100,,5420,4,0,18 19 20,1,100,,5431,4,0,18 19 20,1,100,,5447,4,0,18 19 20,1,100,,5444,4,0,18 19 20,1,100,,5434,4,0,18 19 20,1,100,,5442,4,0,18 19 20,1,100,,5440,4,0,18 19 20,1,100,,5429,4,0,18 19 20,1
21300,'11',719,,1839,4,,,1,100,,7664,4,,,1,100,,7674,4,,,1,100,,7672,4,,,1,100,,7668,4,,,1,100,,7666,4,,,1,100,,7667,4,,,1,100,,7669,4,,,1,100,,7663,4,,,1,100,,7673,4,,,1,100,,7671,4,,,1,100,,7665,4,,,1,100,,7670,4,,,1
21300,'14',1919,,7676,4,,,1,100,,7677,4,,,1,100,,7675,4,,,1,100,,2747,4,,,1
21300,'18',1919,,7680,4,,,1,100,,7681,4,,,1,100,,7679,4,,,1,100,,7678,4,,,1
21300,'20',1919,,7683,4,,,1,100,,7684,4,,,1,100,,7682,4,,,1,100,,2665,4,,,1
21300,'4',719,,7688,4,,,1,100,,7686,4,,,1,100,,7697,4,,,1,100,,7695,4,,,1,100,,7691,4,,,1,100,,7689,4,,,1,100,,7690,4,,,1,100,,7692,4,,,1,100,,7685,4,,,1,100,,7696,4,,,1,100,,7694,4,,,1,100,,7687,4,,,1,100,,7693,4,,,1
21300,'8',1919,,7700,4,,,1,100,,7701,4,,,1,100,,7699,4,,,1,100,,7698,4,,,1
