10100,'10',712,,14638,20,,,1,30,,14639,20,,,1,70,,14636,20,,,1,30,,14640,20,,,1,70,,14634,20,,,1,30,,14643,20,,,1,70,,14633,20,,,1,100,,14632,20,,,1,100,,14635,20,,,1,100,,14644,20,,,1,100,,14628,20,,,1,100,,14631,20,,,1,30,,12078,20,,,1,70,,14629,20,,,1,30,,14641,20,,,1,70,,14637,20,,,1,30,,14630,20,,,1,70,,14642,20,,,1
10100,'15',712,,14655,20,,,1,30,,14656,20,,,1,70,,14653,20,,,1,30,,14657,20,,,1,70,,14651,20,,,1,30,,14660,20,,,1,70,,14650,20,,,1,100,,14649,20,,,1,100,,14652,20,,,1,100,,14661,20,,,1,100,,14645,20,,,1,100,,14648,20,,,1,30,,12131,20,,,1,70,,14646,20,,,1,30,,14658,20,,,1,70,,14654,20,,,1,30,,14647,20,,,1,70,,14659,20,,,1
10101,'10',640,,14674,5,,,1,70,,14670,5,,,1,30,,14276,5,,,1,70,,14671,5,,,1,30,,14668,5,,,1,70,,14669,5,,,1,30,,14665,5,,,1,100,,13598,5,,,1,100,,14666,5,,,1,100,,14667,5,,,1,100,,14664,5,,,1,101,,14673,5,,,1,70,,14663,5,,,1,30,,14672,5,,,1,70,,10910,5,,,1,30,,13264,5,,,1,70,,14662,5,,,1,30,,12731,5,,,1
10101,'15',640,,14688,5,,,1,70,,14683,5,,,1,30,,14284,5,,,1,70,,14684,5,,,1,30,,14681,5,,,1,70,,14682,5,,,1,30,,14678,5,,,1,100,,13606,5,,,1,100,,14679,5,,,1,100,,14680,5,,,1,100,,14677,5,,,1,101,,14687,5,,,1,70,,14676,5,,,1,30,,14685,5,,,1,70,,14675,5,,,1,30,,14686,5,,,1,70,,12765,5,,,1,30,,12764,5,,,1
10300,'10',647,,14796,27,,,1,100,,14803,27,,,1,70,,14794,27,,,1,30,,14793,27,,,1,70,,14807,27,,,1,30,,14805,27,,,1,70,,14802,27,,,1,30,,14797,27,,,1,100,,14800,27,,,1,100,,14799,27,,,1,100,,14791,27,,,1,100,,14792,27,,,1,100,,14806,27,,,1,70,,14795,27,,,1,30,,14804,27,,,1,70,,13026,27,,,1,30,,9159,27,,,1,70,,14798,27,,,1,30,,14801,27,,,1
10300,'15',647,,14812,27,,,1,100,,14817,27,,,1,70,,13865,27,,,1,30,,14810,27,,,1,70,,12890,27,,,1,30,,14821,27,,,1,70,,14820,27,,,1,30,,14813,27,,,1,100,,13045,27,,,1,100,,14815,27,,,1,100,,14808,27,,,1,100,,14809,27,,,1,100,,14823,27,,,1,70,,14811,27,,,1,30,,14818,27,,,1,70,,14819,27,,,1,30,,14822,27,,,1,70,,14814,27,,,1,30,,14816,27,,,1
10301,'10',607,,14832,4,,,1,100,,14826,4,,,1,30,,14830,4,,,1,70,,9089,4,,,1,30,,14828,4,,,1,70,,14838,4,,,1,30,,14834,4,,,1,70,,14837,4,,,1,100,,14829,4,,,1,100,,14824,4,,,1,100,,14839,4,,,1,100,,14835,4,,,1,100,,14833,4,,,1,30,,14841,4,,,1,70,,14831,4,,,1,30,,14840,4,,,1,70,,14836,4,,,1,30,,14827,4,,,1,70,,14825,4,,,1,30,,14318,4,,,1
10301,'15',607,,14852,4,,,1,100,,14845,4,,,1,30,,14851,4,,,1,70,,9020,4,,,1,30,,14847,4,,,1,70,,14857,4,,,1,30,,14843,4,,,1,70,,14856,4,,,1,100,,14849,4,,,1,100,,14842,4,,,1,100,,14858,4,,,1,100,,14854,4,,,1,100,,14853,4,,,1,30,,14860,4,,,1,70,,14850,4,,,1,30,,14859,4,,,1,70,,14855,4,,,1,30,,14846,4,,,1,70,,14844,4,,,1,30,,14848,4,,,1
11200,'10',650,,15735,4,,,1,100,,15740,4,,,1,100,,15736,4,,,1,100,,15741,4,,,1,100,,15744,4,,,1,100,,15742,4,,,1,100,,15743,4,,,1,100,,15745,4,,,1,102,,15737,4,,,1,98,,15739,4,,,1,100,,15738,4,,,1
11200,'15',650,,15747,4,,,1,100,,15746,4,,,1,100,,15755,4,,,1,100,,13573,4,,,1,100,,15753,4,,,1,100,,15751,4,,,1,100,,15752,4,,,1,100,,15754,4,,,1,102,,15748,4,,,1,98,,15750,4,,,1,100,,15749,4,,,1
11201,'10',732,,15771,31,,,1,100,,15772,31,,,1,100,,15763,31,,,1,100,,15774,31,,,1,100,,15765,31,,,1,100,,15775,31,,,1,100,,15766,31,,,1,100,,15758,31,,,1,100,,15759,31,,,1,100,,15757,31,,,1,100,,15768,31,,,1
11201,'15',732,,13484,31,,,1,100,,15781,31,,,1,100,,15788,31,,,1,100,,15790,31,,,1,100,,15782,31,,,1,100,,15793,31,,,1,100,,15783,31,,,1,100,,15777,31,,,1,100,,15778,31,,,1,100,,15776,31,,,1,100,,15785,31,,,1
20300,'10',1916,,16219,28,,,1,30,,16225,28,,,1,70,,16221,28,,,1,30,,16220,28,,,1,70,,16218,28,,,1,30,,16222,28,,,1,70,,16226,28,,,1,30,,16224,28,,,1,70,,16223,28,,,1
20300,'15',1916,,16229,28,,,1,30,,16234,28,,,1,70,,16227,28,,,1,30,,16230,28,,,1,70,,16228,28,,,1,30,,16231,28,,,1,70,,16235,28,,,1,30,,16233,28,,,1,70,,16232,28,,,1
20300,'7',746,,16236,28,,,1,70,,16262,28,,,1,30,,16260,28,,,1,70,,16257,28,,,1,30,,16240,28,,,1,70,,16254,28,,,1,30,,16256,28,,,1,70,,16242,28,,,1,30,,16245,28,,,1,70,,16247,28,,,1,30,,16249,28,,,1,70,,16238,28,,,1,30,,16243,28,,,1,70,,16258,28,,,1,30,,16250,28,,,1,70,,16239,28,,,1,30,,16241,28,,,1,70,,16246,28,,,1,30,,16252,28,,,1,70,,16244,28,,,1,30,,16261,28,,,1,70,,16251,28,,,1,30,,16255,28,,,1,70,,16253,28,,,1,30,,16248,28,,,1,70,,16237,28,,,1,30,,16259,28,,,1
20301,'10',1907,,16264,4,0,9 3 10,1,30,,16270,4,0,9 3 10,1,70,,16268,4,0,9 3 10,1,30,,14449,4,0,9 3 10,1,70,,16263,4,0,9 3 10,1,30,,16271,4,0,9 3 10,1,70,,16267,4,0,9 3 10,1,30,,16272,4,0,9 3 10,1,70,,16266,4,0,9 3 10,1,30,,16265,4,0,9 3 10,1
20301,'15',1907,,16274,4,0,9 3 10,1,30,,16280,4,0,9 3 10,1,70,,16278,4,0,9 3 10,1,30,,14471,4,0,9 3 10,1,70,,16273,4,0,9 3 10,1,30,,16281,4,0,9 3 10,1,70,,16277,4,0,9 3 10,1,30,,16282,4,0,9 3 10,1,70,,16276,4,0,9 3 10,1,30,,16275,4,0,9 3 10,1
20301,'7',707,,16304,4,0,9 3 10,1,30,,16288,4,0,9 3 10,1,70,,16283,4,0,9 3 10,1,30,,16307,4,0,9 3 10,1,70,,16300,4,0,9 3 10,1,30,,16306,4,0,9 3 10,1,70,,16299,4,0,9 3 10,1,30,,16303,4,0,9 3 10,1,70,,16301,4,0,9 3 10,1,30,,16295,4,0,9 3 10,1,70,,16287,4,0,9 3 10,1,30,,16293,4,0,9 3 10,1,70,,16290,4,0,9 3 10,1,30,,16310,4,0,9 3 10,1,70,,16298,4,0,9 3 10,1,30,,16302,4,0,9 3 10,1,70,,16286,4,0,9 3 10,1,30,,16285,4,0,9 3 10,1,70,,16297,4,0,9 3 10,1,30,,16284,4,0,9 3 10,1,70,,16308,4,0,9 3 10,1,30,,16294,4,0,9 3 10,1,70,,16296,4,0,9 3 10,1,30,,16305,4,0,9 3 10,1,70,,16292,4,0,9 3 10,1,30,,16291,4,0,9 3 10,1,70,,16289,4,0,9 3 10,1,30,,16309,4,0,9 3 10,1
