10300,'14',636,,3233,11,,,1,100,,3230,11,,,1,70,,3227,11,,,1,30,,3235,11,,,1,70,,3229,11,,,1,30,,3232,11,,,1,70,,3222,11,,,1,30,,772,11,,,1,100,,1550,11,,,1,100,,3220,11,,,1,100,,3221,11,,,1,100,,3228,11,,,1,100,,3234,11,,,1,70,,3224,11,,,1,30,,3223,11,,,1,70,,3231,11,,,1,30,,3225,11,,,1,70,,3226,11,,,1,30,,1471,11,,,1
10300,'18',636,,3252,11,,,1,100,,3249,11,,,1,70,,3245,11,,,1,30,,3254,11,,,1,70,,3248,11,,,1,30,,3251,11,,,1,70,,3238,11,,,1,30,,3246,11,,,1,100,,3242,11,,,1,100,,3236,11,,,1,100,,3237,11,,,1,100,,3247,11,,,1,100,,3253,11,,,1,70,,3240,11,,,1,30,,3239,11,,,1,70,,3250,11,,,1,30,,3241,11,,,1,70,,3243,11,,,1,30,,3244,11,,,1
10300,'20',636,,3268,11,,,1,100,,3265,11,,,1,70,,3258,11,,,1,30,,3270,11,,,1,70,,3262,11,,,1,30,,3267,11,,,1,70,,3263,11,,,1,30,,712,11,,,1,100,,1514,11,,,1,100,,3255,11,,,1,100,,3256,11,,,1,100,,3264,11,,,1,100,,3269,11,,,1,70,,3259,11,,,1,30,,3257,11,,,1,70,,3266,11,,,1,30,,3260,11,,,1,70,,3261,11,,,1,30,,1459,11,,,1
10300,'8',636,,3287,11,,,1,100,,3284,11,,,1,70,,3274,11,,,1,30,,3289,11,,,1,70,,3280,11,,,1,30,,3286,11,,,1,70,,3282,11,,,1,30,,3281,11,,,1,100,,3277,11,,,1,100,,3271,11,,,1,100,,3272,11,,,1,100,,3283,11,,,1,100,,3288,11,,,1,70,,3275,11,,,1,30,,3273,11,,,1,70,,3285,11,,,1,30,,3276,11,,,1,70,,3278,11,,,1,30,,3279,11,,,1
20300,'11',739,,6213,19,,,1,70,,6203,19,,,1,30,,2599,19,,,1,70,,6204,19,,,1,30,,6214,19,,,1,70,,6208,19,,,1,30,,6218,19,,,1,70,,1827,19,,,1,30,,6216,19,,,1,70,,6211,19,,,1,30,,6205,19,,,1,70,,6200,19,,,1,30,,6209,19,,,1,70,,6199,19,,,1,30,,6215,19,,,1,70,,6212,19,,,1,30,,6198,19,,,1,70,,6197,19,,,1,30,,6195,19,,,1,70,,6210,19,,,1,30,,6202,19,,,1,70,,6201,19,,,1,30,,6206,19,,,1,70,,6207,19,,,1,30,,6217,19,,,1,70,,6196,19,,,1,30,,6194,19,,,1
20300,'14',1909,,6223,19,,,1,30,,6225,19,,,1,70,,6219,19,,,1,30,,6220,19,,,1,70,,2607,19,,,1,30,,6226,19,,,1,70,,6222,19,,,1,30,,6224,19,,,1,70,,6221,19,,,1
20300,'18',1909,,6231,19,,,1,30,,6234,19,,,1,70,,6227,19,,,1,30,,6228,19,,,1,70,,6232,19,,,1,30,,6235,19,,,1,70,,6230,19,,,1,30,,6233,19,,,1,70,,6229,19,,,1
20300,'20',1909,,6240,19,,,1,30,,6242,19,,,1,70,,6236,19,,,1,30,,6237,19,,,1,70,,2556,19,,,1,30,,6243,19,,,1,70,,6239,19,,,1,30,,6241,19,,,1,70,,6238,19,,,1
20300,'4',739,,6264,19,,,1,70,,6254,19,,,1,30,,6267,19,,,1,70,,6255,19,,,1,30,,6265,19,,,1,70,,6259,19,,,1,30,,6270,19,,,1,70,,6249,19,,,1,30,,6268,19,,,1,70,,6262,19,,,1,30,,6256,19,,,1,70,,6251,19,,,1,30,,6260,19,,,1,70,,6250,19,,,1,30,,6266,19,,,1,70,,6263,19,,,1,30,,6248,19,,,1,70,,6247,19,,,1,30,,6245,19,,,1,70,,6261,19,,,1,30,,6253,19,,,1,70,,6252,19,,,1,30,,6257,19,,,1,70,,6258,19,,,1,30,,6269,19,,,1,70,,6246,19,,,1,30,,6244,19,,,1
20300,'8',1909,,6275,19,,,1,30,,6278,19,,,1,70,,6271,19,,,1,30,,6272,19,,,1,70,,6276,19,,,1,30,,6279,19,,,1,70,,6274,19,,,1,30,,6277,19,,,1,70,,6273,19,,,1
