10101,'12',649,,8375,18,,,1,70,,8371,18,,,1,30,,8379,18,,,1,70,,8383,18,,,1,30,,8382,18,,,1,70,,8386,18,,,1,30,,8376,18,,,1,100,,8380,18,,,1,100,,8373,18,,,1,100,,8372,18,,,1,100,,8384,18,,,1,101,,8387,18,,,1,70,,8374,18,,,1,30,,8381,18,,,1,70,,8385,18,,,1,30,,8378,18,,,1,70,,8377,18,,,1,30,,5551,18,,,1
10101,'5',649,,8392,18,,,1,70,,8388,18,,,1,30,,8396,18,,,1,70,,8400,18,,,1,30,,8399,18,,,1,70,,8404,18,,,1,30,,8393,18,,,1,100,,8397,18,,,1,100,,8390,18,,,1,100,,8389,18,,,1,100,,8401,18,,,1,101,,8405,18,,,1,70,,8391,18,,,1,30,,8398,18,,,1,70,,8403,18,,,1,30,,8395,18,,,1,70,,8394,18,,,1,30,,8402,18,,,1
10101,'9',649,,8410,18,,,1,70,,8406,18,,,1,30,,8414,18,,,1,70,,8418,18,,,1,30,,8417,18,,,1,70,,8421,18,,,1,30,,8411,18,,,1,100,,8415,18,,,1,100,,8408,18,,,1,100,,8407,18,,,1,100,,8419,18,,,1,101,,8422,18,,,1,70,,8409,18,,,1,30,,8416,18,,,1,70,,8420,18,,,1,30,,8413,18,,,1,70,,8412,18,,,1,30,,5480,18,,,1
10601,'12',616,,9166,27,,,1,100,,9177,27,,,1,30,,9172,27,,,1,70,,9178,27,,,1,30,,9175,27,,,1,70,,9162,27,,,1,100,,4862,27,,,1,100,,9164,27,,,1,100,,9163,27,,,1,100,,9173,27,,,1,100,,9179,27,,,1,30,,9180,27,,,1,70,,9170,27,,,1,30,,9174,27,,,1,70,,9167,27,,,1,30,,9169,27,,,1,70,,9168,27,,,1,30,,9165,27,,,1,70,,9176,27,,,1
10601,'5',616,,9185,27,,,1,100,,9197,27,,,1,30,,9192,27,,,1,70,,9198,27,,,1,30,,9195,27,,,1,70,,9181,27,,,1,100,,9186,27,,,1,100,,9183,27,,,1,100,,9182,27,,,1,100,,9193,27,,,1,100,,9199,27,,,1,30,,9200,27,,,1,70,,9190,27,,,1,30,,9194,27,,,1,70,,9187,27,,,1,30,,9189,27,,,1,70,,9188,27,,,1,30,,9184,27,,,1,70,,9196,27,,,1
10601,'9',616,,9205,27,,,1,100,,9216,27,,,1,30,,9211,27,,,1,70,,9217,27,,,1,30,,9214,27,,,1,70,,9201,27,,,1,100,,4816,27,,,1,100,,9203,27,,,1,100,,9202,27,,,1,100,,9212,27,,,1,100,,9218,27,,,1,30,,9219,27,,,1,70,,9209,27,,,1,30,,9213,27,,,1,70,,9206,27,,,1,30,,9208,27,,,1,70,,9207,27,,,1,30,,9204,27,,,1,70,,9215,27,,,1
20601,'12',1845,,11178,17,,,1,70,,11175,17,,,1,30,,11181,17,,,1,70,,11183,17,,,1,30,,11179,17,,,1,70,,11172,17,,,1,30,,11182,17,,,1,70,,11177,17,,,1,30,,5642,17,,,1,70,,11170,17,,,1
20601,'5',1845,,11195,17,,,1,70,,11192,17,,,1,30,,11188,17,,,1,70,,11203,17,,,1,30,,11197,17,,,1,70,,11186,17,,,1,30,,11202,17,,,1,70,,11194,17,,,1,30,,11200,17,,,1,70,,11184,17,,,1
20601,'7',715,,11205,17,,,1,30,,11220,17,,,1,70,,11236,17,,,1,30,,11246,17,,,1,70,,11208,17,,,1,30,,11238,17,,,1,70,,11207,17,,,1,30,,11210,17,,,1,70,,11219,17,,,1,30,,11227,17,,,1,70,,11242,17,,,1,30,,11214,17,,,1,70,,11232,17,,,1,30,,11245,17,,,1,70,,11252,17,,,1,30,,11228,17,,,1,70,,2642,17,,,1,30,,11215,17,,,1,70,,11244,17,,,1,30,,7830,17,,,1,70,,11247,17,,,1,30,,11216,17,,,1,70,,11230,17,,,1,30,,11209,17,,,1,70,,11250,17,,,1,30,,11231,17,,,1,70,,11204,17,,,1,30,,11243,17,,,1
20601,'9',1845,,11263,17,,,1,70,,11260,17,,,1,30,,11257,17,,,1,70,,11268,17,,,1,30,,11265,17,,,1,70,,11256,17,,,1,30,,11267,17,,,1,70,,11262,17,,,1,30,,5619,17,,,1,70,,11254,17,,,1
