10301,'14',616,,3306,16,,,1,100,,25,16,,,1,30,,3307,16,,,1,70,,3297,16,,,1,30,,3301,16,,,1,70,,3303,16,,,1,30,,3295,16,,,1,70,,3292,16,,,1,100,,3290,16,,,1,100,,3294,16,,,1,100,,3302,16,,,1,100,,3291,16,,,1,100,,3293,16,,,1,30,,3299,16,,,1,70,,3300,16,,,1,30,,541,16,,,1,70,,3304,16,,,1,30,,3305,16,,,1,70,,3296,16,,,1,30,,3298,16,,,1
10301,'18',616,,3326,16,,,1,100,,3313,16,,,1,30,,3327,16,,,1,70,,3317,16,,,1,30,,3321,16,,,1,70,,3323,16,,,1,30,,3315,16,,,1,70,,3310,16,,,1,100,,3308,16,,,1,100,,3314,16,,,1,100,,3322,16,,,1,100,,3309,16,,,1,100,,3311,16,,,1,30,,3319,16,,,1,70,,3320,16,,,1,30,,3312,16,,,1,70,,3324,16,,,1,30,,3325,16,,,1,70,,3316,16,,,1,30,,3318,16,,,1
10301,'20',616,,3343,16,,,1,100,,7,16,,,1,30,,3333,16,,,1,70,,3334,16,,,1,30,,3344,16,,,1,70,,3339,16,,,1,30,,3340,16,,,1,70,,3330,16,,,1,100,,3328,16,,,1,100,,3332,16,,,1,100,,3338,16,,,1,100,,3329,16,,,1,100,,3331,16,,,1,30,,3336,16,,,1,70,,3337,16,,,1,30,,503,16,,,1,70,,3341,16,,,1,30,,3342,16,,,1,70,,1140,16,,,1,30,,3335,16,,,1
10301,'8',616,,3363,16,,,1,100,,3350,16,,,1,30,,3352,16,,,1,70,,3354,16,,,1,30,,3364,16,,,1,70,,3359,16,,,1,30,,3360,16,,,1,70,,3347,16,,,1,100,,3345,16,,,1,100,,3351,16,,,1,100,,3358,16,,,1,100,,3346,16,,,1,100,,3348,16,,,1,30,,3356,16,,,1,70,,3357,16,,,1,30,,3349,16,,,1,70,,3361,16,,,1,30,,3362,16,,,1,70,,3353,16,,,1,30,,3355,16,,,1
20301,'11',712,,6302,11,0,9 3 10,1,30,,6297,11,0,9 3 10,1,70,,6289,11,0,9 3 10,1,30,,6283,11,0,9 3 10,1,70,,6292,11,0,9 3 10,1,30,,6287,11,0,9 3 10,1,70,,6284,11,0,9 3 10,1,30,,6291,11,0,9 3 10,1,70,,6286,11,0,9 3 10,1,30,,6303,11,0,9 3 10,1,70,,6282,11,0,9 3 10,1,30,,2455,11,0,9 3 10,1,70,,6281,11,0,9 3 10,1,30,,6294,11,0,9 3 10,1,70,,6298,11,0,9 3 10,1,30,,6300,11,0,9 3 10,1,70,,6288,11,0,9 3 10,1,30,,6285,11,0,9 3 10,1,70,,6295,11,0,9 3 10,1,30,,6304,11,0,9 3 10,1,70,,2277,11,0,9 3 10,1,30,,6299,11,0,9 3 10,1,70,,2286,11,0,9 3 10,1,30,,6301,11,0,9 3 10,1,70,,6293,11,0,9 3 10,1,30,,6290,11,0,9 3 10,1,70,,6296,11,0,9 3 10,1,30,,6280,11,0,9 3 10,1
20301,'14',1912,,925,11,0,9 3 10,1,30,,6308,11,0,9 3 10,1,70,,6311,11,0,9 3 10,1,30,,6313,11,0,9 3 10,1,70,,6306,11,0,9 3 10,1,30,,6305,11,0,9 3 10,1,70,,6310,11,0,9 3 10,1,30,,6309,11,0,9 3 10,1,70,,6312,11,0,9 3 10,1,30,,6307,11,0,9 3 10,1
20301,'18',1912,,6319,11,0,9 3 10,1,30,,6317,11,0,9 3 10,1,70,,6322,11,0,9 3 10,1,30,,6324,11,0,9 3 10,1,70,,6316,11,0,9 3 10,1,30,,6315,11,0,9 3 10,1,70,,6321,11,0,9 3 10,1,30,,6320,11,0,9 3 10,1,70,,6323,11,0,9 3 10,1,30,,6318,11,0,9 3 10,1
20301,'20',1912,,913,11,0,9 3 10,1,30,,6328,11,0,9 3 10,1,70,,6331,11,0,9 3 10,1,30,,6333,11,0,9 3 10,1,70,,6326,11,0,9 3 10,1,30,,6325,11,0,9 3 10,1,70,,6330,11,0,9 3 10,1,30,,6329,11,0,9 3 10,1,70,,6332,11,0,9 3 10,1,30,,6327,11,0,9 3 10,1
20301,'4',712,,6359,11,0,9 3 10,1,30,,6354,11,0,9 3 10,1,70,,6346,11,0,9 3 10,1,30,,6337,11,0,9 3 10,1,70,,6349,11,0,9 3 10,1,30,,6342,11,0,9 3 10,1,70,,6338,11,0,9 3 10,1,30,,6348,11,0,9 3 10,1,70,,6341,11,0,9 3 10,1,30,,6360,11,0,9 3 10,1,70,,6336,11,0,9 3 10,1,30,,6344,11,0,9 3 10,1,70,,6335,11,0,9 3 10,1,30,,6351,11,0,9 3 10,1,70,,6355,11,0,9 3 10,1,30,,6357,11,0,9 3 10,1,70,,6343,11,0,9 3 10,1,30,,6340,11,0,9 3 10,1,70,,6352,11,0,9 3 10,1,30,,6361,11,0,9 3 10,1,70,,6339,11,0,9 3 10,1,30,,6356,11,0,9 3 10,1,70,,6345,11,0,9 3 10,1,30,,6358,11,0,9 3 10,1,70,,6350,11,0,9 3 10,1,30,,6347,11,0,9 3 10,1,70,,6353,11,0,9 3 10,1,30,,6334,11,0,9 3 10,1
20301,'8',1912,,6367,11,0,9 3 10,1,30,,6365,11,0,9 3 10,1,70,,6370,11,0,9 3 10,1,30,,6372,11,0,9 3 10,1,70,,6364,11,0,9 3 10,1,30,,6363,11,0,9 3 10,1,70,,6369,11,0,9 3 10,1,30,,6368,11,0,9 3 10,1,70,,6371,11,0,9 3 10,1,30,,6366,11,0,9 3 10,1
