11300,'14',624,,5334,9,,,1,100,,5322,9,,,1,100,,5344,9,,,1,100,,5319,9,,,1,100,,5320,9,,,1,100,,5316,9,,,1,100,,5324,9,,,1,100,,5338,9,,,1,100,,390,9,,,1,100,,5343,9,,,1,100,,5317,9,,,1,100,,5331,9,,,1,100,,5347,9,,,1
11300,'18',624,,5372,9,,,1,100,,5357,9,,,1,100,,5383,9,,,1,100,,5354,9,,,1,100,,5355,9,,,1,100,,5350,9,,,1,100,,5359,9,,,1,100,,5377,9,,,1,100,,5367,9,,,1,100,,5382,9,,,1,100,,5351,9,,,1,100,,5368,9,,,1,100,,5386,9,,,1
11300,'20',624,,5401,9,,,1,100,,5394,9,,,1,100,,5415,9,,,1,100,,5391,9,,,1,100,,5392,9,,,1,100,,5389,9,,,1,100,,1908,9,,,1,100,,5409,9,,,1,100,,5407,9,,,1,100,,5400,9,,,1,100,,5405,9,,,1,100,,5404,9,,,1,100,,2442,9,,,1
11300,'8',624,,5436,9,,,1,100,,5425,9,,,1,100,,5454,9,,,1,100,,5422,9,,,1,100,,5423,9,,,1,100,,5420,9,,,1,100,,5431,9,,,1,100,,5447,9,,,1,100,,5444,9,,,1,100,,5434,9,,,1,100,,5442,9,,,1,100,,5440,9,,,1,100,,5429,9,,,1
21300,'11',724,,1839,9,,,1,100,,7664,9,,,1,100,,7674,9,,,1,100,,7672,9,,,1,100,,7668,9,,,1,100,,7666,9,,,1,100,,7667,9,,,1,100,,7669,9,,,1,100,,7663,9,,,1,100,,7673,9,,,1,100,,7671,9,,,1,100,,7665,9,,,1,100,,7670,9,,,1
21300,'14',1924,,7676,9,,,1,100,,7677,9,,,1,100,,7675,9,,,1,100,,2747,9,,,1
21300,'18',1924,,7680,9,,,1,100,,7681,9,,,1,100,,7679,9,,,1,100,,7678,9,,,1
21300,'20',1924,,7683,9,,,1,100,,7684,9,,,1,100,,7682,9,,,1,100,,2665,9,,,1
21300,'4',724,,7688,9,,,1,100,,7686,9,,,1,100,,7697,9,,,1,100,,7695,9,,,1,100,,7691,9,,,1,100,,7689,9,,,1,100,,7690,9,,,1,100,,7692,9,,,1,100,,7685,9,,,1,100,,7696,9,,,1,100,,7694,9,,,1,100,,7687,9,,,1,100,,7693,9,,,1
21300,'8',1924,,7700,9,,,1,100,,7701,9,,,1,100,,7699,9,,,1,100,,7698,9,,,1
