10100,'14',704,,2603,7,,,1,30,,2868,7,,,1,70,,1656,7,,,1,30,,2872,7,,,1,70,,2869,7,,,1,30,,2880,7,,,1,70,,2878,7,,,1,100,,2873,7,,,1,100,,2881,7,,,1,100,,2877,7,,,1,100,,2876,7,,,1,100,,2867,7,,,1,30,,2875,7,,,1,70,,2879,7,,,1,30,,2882,7,,,1,70,,2870,7,,,1,30,,2871,7,,,1,70,,2874,7,,,1
10100,'18',704,,2890,7,,,1,30,,2884,7,,,1,70,,2895,7,,,1,30,,2888,7,,,1,70,,2885,7,,,1,30,,2898,7,,,1,70,,2896,7,,,1,100,,2889,7,,,1,100,,2899,7,,,1,100,,2894,7,,,1,100,,2893,7,,,1,100,,2883,7,,,1,30,,2892,7,,,1,70,,2897,7,,,1,30,,2900,7,,,1,70,,2886,7,,,1,30,,2887,7,,,1,70,,2891,7,,,1
10100,'20',704,,2552,7,,,1,30,,2902,7,,,1,70,,1610,7,,,1,30,,2906,7,,,1,70,,2903,7,,,1,30,,2914,7,,,1,70,,2912,7,,,1,100,,2907,7,,,1,100,,2915,7,,,1,100,,2911,7,,,1,100,,2910,7,,,1,100,,2901,7,,,1,30,,2909,7,,,1,70,,2913,7,,,1,30,,2916,7,,,1,70,,2904,7,,,1,30,,2905,7,,,1,70,,2908,7,,,1
10100,'8',704,,2924,7,,,1,30,,2918,7,,,1,70,,2929,7,,,1,30,,2922,7,,,1,70,,2919,7,,,1,30,,2932,7,,,1,70,,2930,7,,,1,100,,2923,7,,,1,100,,2933,7,,,1,100,,2928,7,,,1,100,,2927,7,,,1,100,,2917,7,,,1,30,,2926,7,,,1,70,,2931,7,,,1,30,,2934,7,,,1,70,,2920,7,,,1,30,,2921,7,,,1,70,,2925,7,,,1
11201,'14',723,,5238,13,,,1,100,,5237,13,,,1,100,,5242,13,,,1,100,,5233,13,,,1,100,,2656,13,,,1,100,,5243,13,,,1,100,,5234,13,,,1,100,,5235,13,,,1,100,,5248,13,,,1,100,,5239,13,,,1,100,,5244,13,,,1
11201,'18',723,,5259,13,,,1,100,,5258,13,,,1,100,,5263,13,,,1,100,,5251,13,,,1,100,,5252,13,,,1,100,,5264,13,,,1,100,,5253,13,,,1,100,,5254,13,,,1,100,,5270,13,,,1,100,,5260,13,,,1,100,,5265,13,,,1
11201,'20',723,,5290,13,,,1,100,,5274,13,,,1,100,,5292,13,,,1,100,,5273,13,,,1,100,,5275,13,,,1,100,,5283,13,,,1,100,,5276,13,,,1,100,,5277,13,,,1,100,,5287,13,,,1,100,,5279,13,,,1,100,,5284,13,,,1
11201,'8',723,,5312,13,,,1,100,,5294,13,,,1,100,,5314,13,,,1,100,,5293,13,,,1,100,,5295,13,,,1,100,,5304,13,,,1,100,,5296,13,,,1,100,,5297,13,,,1,100,,5309,13,,,1,100,,5300,13,,,1,100,,5305,13,,,1
20600,'11',739,,6836,7,,,1,70,,6823,7,,,1,30,,6840,7,,,1,70,,6839,7,,,1,30,,6820,7,,,1,70,,6821,7,,,1,30,,6835,7,,,1,71,,6816,7,,,1,29,,6830,7,,,1,70,,6818,7,,,1,30,,6815,7,,,1,70,,6826,7,,,1,30,,6831,7,,,1,71,,6838,7,,,1,29,,6827,7,,,1,70,,6833,7,,,1,30,,6817,7,,,1,70,,6819,7,,,1,30,,6832,7,,,1,70,,6828,7,,,1,30,,6824,7,,,1,70,,6837,7,,,1,31,,6822,7,,,1,69,,6834,7,,,1,30,,6829,7,,,1,70,,6825,7,,,1
20600,'14',1810,,6841,7,,,1,29,,6848,7,,,1,70,,6846,7,,,1,31,,6842,7,,,1,70,,6849,7,,,1,30,,6844,7,,,1,69,,6847,7,,,1,30,,477,7,,,1,70,,6845,7,,,1,30,,6843,7,,,1
20600,'18',1810,,6850,7,,,1,29,,6858,7,,,1,70,,6856,7,,,1,31,,6851,7,,,1,70,,6859,7,,,1,30,,6853,7,,,1,69,,6857,7,,,1,30,,6855,7,,,1,70,,6854,7,,,1,30,,6852,7,,,1
20600,'20',1810,,6860,7,,,1,29,,6867,7,,,1,70,,6865,7,,,1,31,,6861,7,,,1,70,,6868,7,,,1,30,,6863,7,,,1,69,,6866,7,,,1,30,,439,7,,,1,70,,6864,7,,,1,30,,6862,7,,,1
20600,'4',739,,6890,7,,,1,70,,6877,7,,,1,30,,6894,7,,,1,70,,6893,7,,,1,30,,6874,7,,,1,70,,6875,7,,,1,30,,6889,7,,,1,71,,6870,7,,,1,29,,6884,7,,,1,70,,6872,7,,,1,30,,6869,7,,,1,70,,6880,7,,,1,30,,6885,7,,,1,71,,6892,7,,,1,29,,6881,7,,,1,70,,6887,7,,,1,30,,6871,7,,,1,70,,6873,7,,,1,30,,6886,7,,,1,70,,6882,7,,,1,30,,6878,7,,,1,70,,6891,7,,,1,31,,6876,7,,,1,69,,6888,7,,,1,30,,6883,7,,,1,70,,6879,7,,,1
20600,'8',1810,,6895,7,,,1,29,,6903,7,,,1,70,,6901,7,,,1,31,,6896,7,,,1,70,,6904,7,,,1,30,,6898,7,,,1,69,,6902,7,,,1,30,,6900,7,,,1,70,,6899,7,,,1,30,,6897,7,,,1
