11401,'14',638,,5669,6,,,1,100,,5671,6,,,1,100,,5668,6,,,1,100,,5665,6,,,1,100,,5670,6,,,1,100,,1845,6,,,1,100,,5666,6,,,1,100,,5664,6,,,1,100,,5663,6,,,1,100,,5667,6,,,1,100,,5672,6,,,1,100,,5662,6,,,1
11401,'18',638,,5681,6,,,1,100,,5683,6,,,1,100,,5680,6,,,1,100,,5677,6,,,1,100,,5682,6,,,1,100,,5673,6,,,1,100,,5678,6,,,1,100,,5676,6,,,1,100,,5675,6,,,1,100,,5679,6,,,1,100,,5684,6,,,1,100,,5674,6,,,1
11401,'20',638,,5692,6,,,1,100,,5694,6,,,1,100,,5691,6,,,1,100,,5688,6,,,1,100,,5693,6,,,1,100,,1806,6,,,1,100,,5689,6,,,1,100,,5687,6,,,1,100,,5686,6,,,1,100,,5690,6,,,1,100,,5695,6,,,1,100,,5685,6,,,1
11401,'8',638,,5704,6,,,1,100,,5706,6,,,1,100,,5703,6,,,1,100,,5700,6,,,1,100,,5705,6,,,1,100,,5696,6,,,1,100,,5701,6,,,1,100,,5699,6,,,1,100,,5698,6,,,1,100,,5702,6,,,1,100,,5707,6,,,1,100,,5697,6,,,1
21401,'11',742,,7872,17,,,1,100,,7880,17,,,1,100,,7876,17,,,1,100,,7871,17,,,1,100,,7873,17,,,1,100,,7879,17,,,1,100,,7878,17,,,1,100,,7869,17,,,1,100,,7875,17,,,1,100,,7868,17,,,1,100,,7877,17,,,1,100,,7874,17,,,1,100,,7870,17,,,1
21401,'14',1842,,7885,17,,,1,100,,7883,17,,,1,100,,7881,17,,,1,100,,7884,17,,,1,100,,7882,17,,,1
21401,'18',1842,,7890,17,,,1,100,,7888,17,,,1,100,,7886,17,,,1,100,,7889,17,,,1,100,,7887,17,,,1
21401,'20',1842,,7893,17,,,1,100,,81,17,,,1,100,,7891,17,,,1,100,,7892,17,,,1,100,,7894,17,,,1
21401,'4',742,,7899,17,,,1,100,,7907,17,,,1,100,,7903,17,,,1,100,,7898,17,,,1,100,,7900,17,,,1,100,,7906,17,,,1,100,,7905,17,,,1,100,,7896,17,,,1,100,,7902,17,,,1,100,,7895,17,,,1,100,,7904,17,,,1,100,,7901,17,,,1,100,,7897,17,,,1
21401,'8',1842,,7911,17,,,1,100,,7909,17,,,1,100,,7908,17,,,1,100,,7910,17,,,1,100,,7912,17,,,1
