10600,'13',645,,577,15,,,1,100,,576,15,,,1,70,,567,15,,,1,30,,568,15,,,1,70,,572,15,,,1,30,,570,15,,,1,100,,569,15,,,1,100,,582,15,,,1,100,,579,15,,,1,100,,578,15,,,1,100,,574,15,,,1,70,,573,15,,,1,30,,581,15,,,1,70,,580,15,,,1,32,,571,15,,,1,68,,583,15,,,1,32,,575,15,,,1
10600,'9',645,,594,15,,,1,100,,593,15,,,1,70,,584,15,,,1,30,,585,15,,,1,70,,589,15,,,1,30,,587,15,,,1,100,,586,15,,,1,100,,599,15,,,1,100,,596,15,,,1,100,,595,15,,,1,100,,591,15,,,1,70,,590,15,,,1,30,,598,15,,,1,70,,597,15,,,1,32,,588,15,,,1,68,,600,15,,,1,32,,592,15,,,1
10601,'13',609,,618,21,,,1,100,,614,21,,,1,30,,606,21,,,1,70,,603,21,,,1,30,,613,21,,,1,70,,619,21,,,1,100,,612,21,,,1,100,,610,21,,,1,100,,616,21,,,1,100,,607,21,,,1,100,,617,21,,,1,30,,608,21,,,1,70,,605,21,,,1,30,,620,21,,,1,70,,602,21,,,1,30,,604,21,,,1,70,,601,21,,,1,30,,611,21,,,1,70,,615,21,,,1
10601,'9',609,,638,21,,,1,100,,634,21,,,1,30,,626,21,,,1,70,,623,21,,,1,30,,633,21,,,1,70,,639,21,,,1,100,,632,21,,,1,100,,630,21,,,1,100,,636,21,,,1,100,,627,21,,,1,100,,637,21,,,1,30,,628,21,,,1,70,,625,21,,,1,30,,640,21,,,1,70,,622,21,,,1,30,,624,21,,,1,70,,621,21,,,1,30,,631,21,,,1,70,,635,21,,,1
20600,'13',1815,,2097,20,,,1,29,,2095,20,,,1,71,,2089,20,,,1,31,,2091,20,,,1,70,,2096,20,,,1,30,,2094,20,,,1,69,,2090,20,,,1,30,,2093,20,,,1,70,,2092,20,,,1,30,,2088,20,,,1
20600,'6',744,,2107,20,,,1,70,,2105,20,,,1,30,,2121,20,,,1,70,,2116,20,,,1,30,,2115,20,,,1,70,,2120,20,,,1,30,,2118,20,,,1,71,,2109,20,,,1,29,,2110,20,,,1,70,,2104,20,,,1,30,,2114,20,,,1,70,,2106,20,,,1,30,,2108,20,,,1,71,,2113,20,,,1,29,,2112,20,,,1,70,,2102,20,,,1,30,,2103,20,,,1,70,,2117,20,,,1,30,,2123,20,,,1,70,,2111,20,,,1,30,,2122,20,,,1,70,,2098,20,,,1,31,,2101,20,,,1,70,,2100,20,,,1,30,,2099,20,,,1,70,,2119,20,,,1
20600,'9',1815,,2133,20,,,1,29,,2131,20,,,1,71,,2125,20,,,1,31,,2127,20,,,1,70,,2132,20,,,1,30,,2130,20,,,1,69,,2126,20,,,1,30,,2129,20,,,1,70,,2128,20,,,1,30,,2124,20,,,1
20601,'13',1839,,2148,11,,,1,70,,2150,11,,,1,30,,2138,11,,,1,70,,2144,11,,,1,30,,2153,11,,,1,70,,2147,11,,,1,30,,2140,11,,,1,70,,2143,11,,,1,30,,2135,11,,,1,70,,2137,11,,,1
20601,'6',709,,2154,11,,,1,30,,2186,11,,,1,70,,2195,11,,,1,30,,2155,11,,,1,70,,2177,11,,,1,30,,2208,11,,,1,70,,2185,11,,,1,30,,2175,11,,,1,70,,2181,11,,,1,30,,2156,11,,,1,70,,2171,11,,,1,30,,2206,11,,,1,70,,2193,11,,,1,30,,2165,11,,,1,70,,2162,11,,,1,30,,2182,11,,,1,70,,2170,11,,,1,30,,2167,11,,,1,70,,2189,11,,,1,30,,2178,11,,,1,70,,2176,11,,,1,30,,2202,11,,,1,70,,2179,11,,,1,30,,2184,11,,,1,70,,2190,11,,,1,30,,2159,11,,,1,70,,2200,11,,,1,30,,2196,11,,,1
20601,'9',1839,,2224,11,,,1,70,,2226,11,,,1,30,,2214,11,,,1,70,,2220,11,,,1,30,,2229,11,,,1,70,,2223,11,,,1,30,,2216,11,,,1,70,,2219,11,,,1,30,,2211,11,,,1,70,,2213,11,,,1
