10801,'10',648,,12789,30,,,1,70,,12796,30,,,1,30,,12795,30,,,1,70,,12788,30,,,1,30,,12798,30,,,1,70,,10799,30,,,1,100,,12786,30,,,1,100,,12794,30,,,1,100,,12799,30,,,1,100,,12800,30,,,1,100,,12791,30,,,1,30,,12787,30,,,1,70,,12792,30,,,1,30,,12801,30,,,1,70,,4655,30,,,1,30,,12802,30,,,1,70,,12790,30,,,1
10801,'13',648,,12811,30,,,1,70,,12814,30,,,1,30,,12808,30,,,1,70,,12806,30,,,1,30,,10419,30,,,1,70,,12803,30,,,1,100,,12804,30,,,1,100,,12812,30,,,1,100,,12816,30,,,1,100,,12817,30,,,1,100,,12809,30,,,1,30,,12805,30,,,1,70,,12810,30,,,1,30,,12818,30,,,1,70,,4746,30,,,1,30,,12819,30,,,1,70,,12807,30,,,1
10901,'10',619,,12873,5,,,1,100,,12847,5,,,1,100,,12846,5,,,1,100,,12880,5,,,1,100,,12852,5,,,1,100,,11111,5,,,1,100,,12878,5,,,1,100,,12876,5,,,1,100,,10209,5,,,1,100,,12871,5,,,1,100,,12851,5,,,1,100,,12870,5,,,1
10901,'13',619,,12915,5,,,1,100,,12887,5,,,1,100,,12886,5,,,1,100,,12922,5,,,1,100,,12892,5,,,1,100,,11072,5,,,1,100,,12920,5,,,1,100,,12918,5,,,1,100,,10137,5,,,1,100,,12913,5,,,1,100,,12891,5,,,1,100,,12912,5,,,1
11401,'10',652,,13339,29,,,1,100,,13337,29,,,1,100,,13338,29,,,1,100,,13341,29,,,1,100,,13344,29,,,1,100,,13340,29,,,1,100,,13335,29,,,1,100,,13336,29,,,1,100,,13343,29,,,1,100,,13342,29,,,1,100,,13346,29,,,1,100,,13345,29,,,1
11401,'13',652,,13351,29,,,1,100,,13349,29,,,1,100,,13350,29,,,1,100,,13353,29,,,1,100,,13356,29,,,1,100,,13352,29,,,1,100,,13347,29,,,1,100,,13348,29,,,1,100,,13355,29,,,1,100,,13354,29,,,1,100,,13358,29,,,1,100,,13357,29,,,1
20901,'10',1819,,14061,5,,,1,100,,14063,5,,,1,100,,14051,5,,,1,100,,14053,5,,,1,100,,14064,5,,,1
20901,'13',1819,,14079,5,,,1,100,,14080,5,,,1,100,,14071,5,,,1,100,,14075,5,,,1,100,,14069,5,,,1
20901,'7',719,,14132,5,,,1,100,,14118,5,,,1,100,,14119,5,,,1,100,,14125,5,,,1,100,,14098,5,,,1,100,,14105,5,,,1,100,,14104,5,,,1,100,,14129,5,,,1,100,,14117,5,,,1,100,,11379,5,,,1,100,,14127,5,,,1,100,,14137,5,,,1,100,,14136,5,,,1,100,,14114,5,,,1
21401,'10',1851,,14415,35,,,1,100,,14416,35,,,1,100,,14413,35,,,1,100,,14417,35,,,1,100,,14414,35,,,1
21401,'13',1851,,14421,35,,,1,100,,14420,35,,,1,100,,14422,35,,,1,100,,14418,35,,,1,100,,14419,35,,,1
21401,'7',751,,14429,35,,,1,100,,14428,35,,,1,100,,14431,35,,,1,100,,14424,35,,,1,100,,14432,35,,,1,100,,11741,35,,,1,100,,14423,35,,,1,100,,14434,35,,,1,100,,14433,35,,,1,100,,14430,35,,,1,100,,14426,35,,,1,100,,14427,35,,,1,100,,14425,35,,,1
