11201,'14',724,,5238,16,0,14 15 16,1,100,,5237,16,0,14 15 16,1,100,,5242,16,0,14 15 16,1,100,,5233,16,0,14 15 16,1,100,,2656,16,0,14 15 16,1,100,,5243,16,0,14 15 16,1,100,,5234,16,0,14 15 16,1,100,,5235,16,0,14 15 16,1,100,,5248,16,0,14 15 16,1,100,,5239,16,0,14 15 16,1,100,,5244,16,0,14 15 16,1
11201,'18',724,,5259,16,0,14 15 16,1,100,,5258,16,0,14 15 16,1,100,,5263,16,0,14 15 16,1,100,,5251,16,0,14 15 16,1,100,,5252,16,0,14 15 16,1,100,,5264,16,0,14 15 16,1,100,,5253,16,0,14 15 16,1,100,,5254,16,0,14 15 16,1,100,,5270,16,0,14 15 16,1,100,,5260,16,0,14 15 16,1,100,,5265,16,0,14 15 16,1
11201,'20',724,,5290,16,0,14 15 16,1,100,,5274,16,0,14 15 16,1,100,,5292,16,0,14 15 16,1,100,,5273,16,0,14 15 16,1,100,,5275,16,0,14 15 16,1,100,,5283,16,0,14 15 16,1,100,,5276,16,0,14 15 16,1,100,,5277,16,0,14 15 16,1,100,,5287,16,0,14 15 16,1,100,,5279,16,0,14 15 16,1,100,,5284,16,0,14 15 16,1
11201,'8',724,,5312,16,0,14 15 16,1,100,,5294,16,0,14 15 16,1,100,,5314,16,0,14 15 16,1,100,,5293,16,0,14 15 16,1,100,,5295,16,0,14 15 16,1,100,,5304,16,0,14 15 16,1,100,,5296,16,0,14 15 16,1,100,,5297,16,0,14 15 16,1,100,,5309,16,0,14 15 16,1,100,,5300,16,0,14 15 16,1,100,,5305,16,0,14 15 16,1
20600,'11',739,,6836,10,,,1,70,,6823,10,,,1,30,,6840,10,,,1,70,,6839,10,,,1,30,,6820,10,,,1,70,,6821,10,,,1,30,,6835,10,,,1,71,,6816,10,,,1,29,,6830,10,,,1,70,,6818,10,,,1,30,,6815,10,,,1,70,,6826,10,,,1,30,,6831,10,,,1,71,,6838,10,,,1,29,,6827,10,,,1,70,,6833,10,,,1,30,,6817,10,,,1,70,,6819,10,,,1,30,,6832,10,,,1,70,,6828,10,,,1,30,,6824,10,,,1,70,,6837,10,,,1,31,,6822,10,,,1,69,,6834,10,,,1,30,,6829,10,,,1,70,,6825,10,,,1
20600,'14',1810,,6841,10,,,1,29,,6848,10,,,1,70,,6846,10,,,1,31,,6842,10,,,1,70,,6849,10,,,1,30,,6844,10,,,1,69,,6847,10,,,1,30,,477,10,,,1,70,,6845,10,,,1,30,,6843,10,,,1
20600,'18',1810,,6850,10,,,1,29,,6858,10,,,1,70,,6856,10,,,1,31,,6851,10,,,1,70,,6859,10,,,1,30,,6853,10,,,1,69,,6857,10,,,1,30,,6855,10,,,1,70,,6854,10,,,1,30,,6852,10,,,1
20600,'20',1810,,6860,10,,,1,29,,6867,10,,,1,70,,6865,10,,,1,31,,6861,10,,,1,70,,6868,10,,,1,30,,6863,10,,,1,69,,6866,10,,,1,30,,439,10,,,1,70,,6864,10,,,1,30,,6862,10,,,1
20600,'4',739,,6890,10,,,1,70,,6877,10,,,1,30,,6894,10,,,1,70,,6893,10,,,1,30,,6874,10,,,1,70,,6875,10,,,1,30,,6889,10,,,1,71,,6870,10,,,1,29,,6884,10,,,1,70,,6872,10,,,1,30,,6869,10,,,1,70,,6880,10,,,1,30,,6885,10,,,1,71,,6892,10,,,1,29,,6881,10,,,1,70,,6887,10,,,1,30,,6871,10,,,1,70,,6873,10,,,1,30,,6886,10,,,1,70,,6882,10,,,1,30,,6878,10,,,1,70,,6891,10,,,1,31,,6876,10,,,1,69,,6888,10,,,1,30,,6883,10,,,1,70,,6879,10,,,1
20600,'8',1810,,6895,10,,,1,29,,6903,10,,,1,70,,6901,10,,,1,31,,6896,10,,,1,70,,6904,10,,,1,30,,6898,10,,,1,69,,6902,10,,,1,30,,6900,10,,,1,70,,6899,10,,,1,30,,6897,10,,,1
