11101,'14',626,,5112,14,,,1,30,,5103,14,,,1,70,,5114,14,,,1,30,,5119,14,,,1,70,,5107,14,,,1,30,,5102,14,,,1,70,,5110,14,,,1,30,,5118,14,,,1,70,,5120,14,,,1,30,,5108,14,,,1,70,,793,14,,,1,30,,5101,14,,,1,70,,5109,14,,,1,30,,5113,14,,,1,70,,5116,14,,,1,30,,5115,14,,,1,71,,5117,14,,,1,30,,5106,14,,,1,70,,5105,14,,,1,30,,5111,14,,,1,70,,5122,14,,,1,30,,453,14,,,1,70,,1216,14,,,1,30,,5121,14,,,1,70,,5104,14,,,1
11101,'18',626,,5136,14,,,1,30,,5126,14,,,1,70,,5138,14,,,1,30,,5144,14,,,1,70,,5130,14,,,1,30,,5124,14,,,1,70,,5133,14,,,1,30,,5143,14,,,1,70,,5145,14,,,1,30,,5131,14,,,1,70,,5140,14,,,1,30,,5123,14,,,1,70,,5132,14,,,1,30,,5137,14,,,1,70,,5141,14,,,1,30,,5139,14,,,1,71,,5142,14,,,1,30,,5129,14,,,1,70,,5128,14,,,1,30,,5135,14,,,1,70,,5147,14,,,1,30,,5125,14,,,1,70,,5134,14,,,1,30,,5146,14,,,1,70,,5127,14,,,1
11101,'20',626,,5158,14,,,1,30,,5149,14,,,1,70,,5160,14,,,1,30,,5167,14,,,1,70,,5150,14,,,1,30,,5148,14,,,1,70,,5155,14,,,1,30,,5165,14,,,1,70,,5168,14,,,1,30,,5157,14,,,1,70,,733,14,,,1,30,,5163,14,,,1,70,,5153,14,,,1,30,,5152,14,,,1,70,,5166,14,,,1,30,,510,14,,,1,71,,5164,14,,,1,30,,2557,14,,,1,70,,5161,14,,,1,30,,5151,14,,,1,70,,5154,14,,,1,30,,5156,14,,,1,70,,1864,14,,,1,30,,5162,14,,,1,70,,5159,14,,,1
11101,'8',626,,5181,14,,,1,30,,5170,14,,,1,70,,5184,14,,,1,30,,5192,14,,,1,70,,5171,14,,,1,30,,5169,14,,,1,70,,5176,14,,,1,30,,5190,14,,,1,70,,5193,14,,,1,30,,5179,14,,,1,70,,5188,14,,,1,30,,5187,14,,,1,70,,5174,14,,,1,30,,5173,14,,,1,70,,5191,14,,,1,30,,5178,14,,,1,71,,5189,14,,,1,30,,5183,14,,,1,70,,5185,14,,,1,30,,5172,14,,,1,70,,5175,14,,,1,30,,5177,14,,,1,70,,5180,14,,,1,30,,5186,14,,,1,70,,5182,14,,,1
21101,'11',726,,7590,14,,,1,30,,7598,14,,,1,70,,7592,14,,,1,30,,7591,14,,,1,70,,7577,14,,,1,30,,7597,14,,,1,70,,7594,14,,,1,30,,7600,14,,,1,70,,7578,14,,,1,30,,7589,14,,,1,70,,7595,14,,,1,30,,7581,14,,,1,70,,7593,14,,,1,30,,2377,14,,,1,70,,7596,14,,,1,30,,7601,14,,,1,70,,7576,14,,,1,30,,7582,14,,,1,70,,7588,14,,,1,30,,7586,14,,,1,70,,7587,14,,,1,30,,7583,14,,,1,70,,7579,14,,,1,30,,7580,14,,,1,70,,7599,14,,,1,30,,7584,14,,,1,70,,7585,14,,,1
21101,'14',1856,,7609,14,,,1,70,,7606,14,,,1,30,,7608,14,,,1,70,,596,14,,,1,30,,7603,14,,,1,70,,7604,14,,,1,30,,7602,14,,,1,70,,7605,14,,,1,30,,7607,14,,,1
21101,'18',1856,,7618,14,,,1,70,,7615,14,,,1,30,,7617,14,,,1,70,,7614,14,,,1,30,,7611,14,,,1,70,,7612,14,,,1,30,,7610,14,,,1,70,,7613,14,,,1,30,,7616,14,,,1
21101,'20',1856,,7623,14,,,1,70,,7624,14,,,1,30,,7626,14,,,1,70,,579,14,,,1,30,,7620,14,,,1,70,,7621,14,,,1,30,,7619,14,,,1,70,,7622,14,,,1,30,,7625,14,,,1
21101,'4',726,,7641,14,,,1,30,,7650,14,,,1,70,,7643,14,,,1,30,,7642,14,,,1,70,,7628,14,,,1,30,,7649,14,,,1,70,,7646,14,,,1,30,,7652,14,,,1,70,,7629,14,,,1,30,,7640,14,,,1,70,,7647,14,,,1,30,,7632,14,,,1,70,,7645,14,,,1,30,,7644,14,,,1,70,,7648,14,,,1,30,,7653,14,,,1,70,,7627,14,,,1,30,,7633,14,,,1,70,,7639,14,,,1,30,,7637,14,,,1,70,,7638,14,,,1,30,,7634,14,,,1,70,,7630,14,,,1,30,,7631,14,,,1,70,,7651,14,,,1,30,,7635,14,,,1,70,,7636,14,,,1
21101,'8',1856,,7659,14,,,1,70,,7660,14,,,1,30,,7662,14,,,1,70,,7658,14,,,1,30,,7655,14,,,1,70,,7656,14,,,1,30,,7654,14,,,1,70,,7657,14,,,1,30,,7661,14,,,1
