10400,'12',631,,5394,4,0,11 12,1,70,,8704,4,0,11 12,1,30,,8705,4,0,11 12,1,70,,8710,4,0,11 12,1,30,,8715,4,0,11 12,1,70,,8712,4,0,11 12,1,30,,8709,4,0,11 12,1,70,,8701,4,0,11 12,1,30,,8700,4,0,11 12,1,70,,8707,4,0,11 12,1,30,,8699,4,0,11 12,1,70,,8698,4,0,11 12,1,30,,8714,4,0,11 12,1,70,,8703,4,0,11 12,1,30,,8720,4,0,11 12,1,70,,8716,4,0,11 12,1,30,,8706,4,0,11 12,1,70,,8718,4,0,11 12,1,30,,8713,4,0,11 12,1,70,,8702,4,0,11 12,1,30,,8719,4,0,11 12,1,70,,8717,4,0,11 12,1,30,,8711,4,0,11 12,1,70,,8708,4,0,11 12,1,30,,8721,4,0,11 12,1
10400,'5',631,,8728,4,0,11 12,1,70,,8729,4,0,11 12,1,30,,8730,4,0,11 12,1,70,,8735,4,0,11 12,1,30,,8740,4,0,11 12,1,70,,8737,4,0,11 12,1,30,,8734,4,0,11 12,1,70,,8725,4,0,11 12,1,30,,8724,4,0,11 12,1,70,,8732,4,0,11 12,1,30,,8723,4,0,11 12,1,70,,8722,4,0,11 12,1,30,,8739,4,0,11 12,1,70,,8727,4,0,11 12,1,30,,8745,4,0,11 12,1,70,,8741,4,0,11 12,1,30,,8731,4,0,11 12,1,70,,8743,4,0,11 12,1,30,,8738,4,0,11 12,1,70,,8726,4,0,11 12,1,30,,8744,4,0,11 12,1,70,,8742,4,0,11 12,1,30,,8736,4,0,11 12,1,70,,8733,4,0,11 12,1,30,,8746,4,0,11 12,1
10400,'9',631,,5322,4,0,11 12,1,70,,8753,4,0,11 12,1,30,,8754,4,0,11 12,1,70,,8759,4,0,11 12,1,30,,8764,4,0,11 12,1,70,,8761,4,0,11 12,1,30,,8758,4,0,11 12,1,70,,8750,4,0,11 12,1,30,,8749,4,0,11 12,1,70,,8756,4,0,11 12,1,30,,8748,4,0,11 12,1,70,,8747,4,0,11 12,1,30,,8763,4,0,11 12,1,70,,8752,4,0,11 12,1,30,,8769,4,0,11 12,1,70,,8765,4,0,11 12,1,30,,8755,4,0,11 12,1,70,,8767,4,0,11 12,1,30,,8762,4,0,11 12,1,70,,8751,4,0,11 12,1,30,,8768,4,0,11 12,1,70,,8766,4,0,11 12,1,30,,8760,4,0,11 12,1,70,,8757,4,0,11 12,1,30,,8770,4,0,11 12,1
20301,'12',2401,,10812,5,,,1
20301,'5',2401,,10822,5,,,1
20301,'9',2401,,10856,5,,,1
20400,'12',1902,,10868,5,,,1,30,,10867,5,,,1,70,,10870,5,,,1,30,,10871,5,,,1,70,,10863,5,,,1,30,,10864,5,,,1,70,,10865,5,,,1,30,,10869,5,,,1,70,,10866,5,,,1,30,,10872,5,,,1
20400,'5',1902,,10878,5,,,1,30,,10877,5,,,1,70,,10880,5,,,1,30,,10881,5,,,1,70,,10873,5,,,1,30,,10874,5,,,1,70,,10875,5,,,1,30,,10879,5,,,1,70,,10876,5,,,1,30,,10882,5,,,1
20400,'7',732,,10904,5,,,1,70,,6840,5,,,1,30,,10905,5,,,1,70,,10885,5,,,1,30,,7137,5,,,1,70,,10892,5,,,1,30,,10900,5,,,1,70,,10901,5,,,1,30,,10908,5,,,1,70,,10899,5,,,1,30,,10886,5,,,1,70,,10893,5,,,1,30,,10883,5,,,1,70,,10894,5,,,1,30,,10906,5,,,1,70,,10907,5,,,1,30,,10897,5,,,1,70,,10890,5,,,1,30,,10887,5,,,1,70,,10903,5,,,1,30,,10884,5,,,1,70,,10895,5,,,1,30,,10888,5,,,1,70,,10889,5,,,1,30,,10891,5,,,1,70,,10896,5,,,1,30,,10898,5,,,1,70,,10902,5,,,1
20400,'9',1902,,10914,5,,,1,30,,10913,5,,,1,70,,10916,5,,,1,30,,10917,5,,,1,70,,10909,5,,,1,30,,10910,5,,,1,70,,10911,5,,,1,30,,10915,5,,,1,70,,10912,5,,,1,30,,10918,5,,,1
