10601,'14',559,,4011,10,0,9 3 10,1,100,,4014,10,0,9 3 10,1,70,,4018,10,0,9 3 10,1,30,,4007,10,0,9 3 10,1,70,,4016,10,0,9 3 10,1,30,,4022,10,0,9 3 10,1,71,,4013,10,0,17,1,29,,4019,10,0,9 3 10,1,100,,1560,10,0,9 3 10,1,100,,4008,10,0,9 3 10,1,100,,4020,10,0,9 3 10,1,100,,2330,10,0,9 3 10,1,70,,4010,10,0,9 3 10,1,30,,4021,10,0,9 3 10,1,70,,4009,10,0,9 3 10,1,30,,4017,10,0,9 3 10,1,70,,4006,10,0,9 3 10,1,30,,773,10,0,9 3 10,1,70,,4015,10,0,9 3 10,1,30,,4012,10,0,9 3 10,1
10601,'18',559,,4029,10,0,9 3 10,1,100,,4033,10,0,9 3 10,1,70,,4038,10,0,9 3 10,1,30,,4024,10,0,9 3 10,1,70,,4036,10,0,9 3 10,1,30,,4042,10,0,9 3 10,1,71,,4032,10,0,17,1,29,,4039,10,0,9 3 10,1,100,,4031,10,0,9 3 10,1,100,,4026,10,0,9 3 10,1,100,,4040,10,0,9 3 10,1,100,,4025,10,0,9 3 10,1,70,,4028,10,0,9 3 10,1,30,,4041,10,0,9 3 10,1,70,,4027,10,0,9 3 10,1,30,,4037,10,0,9 3 10,1,70,,4023,10,0,9 3 10,1,30,,4034,10,0,9 3 10,1,70,,4035,10,0,9 3 10,1,30,,4030,10,0,9 3 10,1
10601,'20',559,,4049,10,0,9 3 10,1,100,,4052,10,0,9 3 10,1,70,,4055,10,0,9 3 10,1,30,,4044,10,0,9 3 10,1,70,,4053,10,0,9 3 10,1,30,,4058,10,0,9 3 10,1,71,,4051,10,0,17,1,29,,4056,10,0,9 3 10,1,100,,1524,10,0,9 3 10,1,100,,4046,10,0,9 3 10,1,100,,1237,10,0,9 3 10,1,100,,4045,10,0,9 3 10,1,70,,4048,10,0,9 3 10,1,30,,4057,10,0,9 3 10,1,70,,4047,10,0,9 3 10,1,30,,4054,10,0,9 3 10,1,70,,4043,10,0,9 3 10,1,30,,713,10,0,9 3 10,1,70,,2265,10,0,9 3 10,1,30,,4050,10,0,9 3 10,1
10601,'8',559,,4065,10,0,9 3 10,1,100,,4069,10,0,9 3 10,1,70,,4074,10,0,9 3 10,1,30,,4060,10,0,9 3 10,1,70,,4072,10,0,9 3 10,1,30,,4078,10,0,9 3 10,1,71,,4068,10,0,17,1,29,,4075,10,0,9 3 10,1,100,,4067,10,0,9 3 10,1,100,,4062,10,0,9 3 10,1,100,,4076,10,0,9 3 10,1,100,,4061,10,0,9 3 10,1,70,,4064,10,0,9 3 10,1,30,,4077,10,0,9 3 10,1,70,,4063,10,0,9 3 10,1,30,,4073,10,0,9 3 10,1,70,,4059,10,0,9 3 10,1,30,,4070,10,0,9 3 10,1,70,,4071,10,0,9 3 10,1,30,,4066,10,0,9 3 10,1
11201,'14',714,,5240,12,0,14 15 16,1,100,,5249,12,0,14 15 16,1,100,,5245,12,0,14 15 16,1,100,,2743,12,0,14 15 16,1,100,,5241,12,0,14 15 16,1,100,,1109,12,0,14 15 16,1,100,,5236,12,0,14 15 16,1,100,,5247,12,0,14 15 16,1,100,,5246,12,0,14 15 16,1,100,,751,12,0,14 15 16,1,100,,5250,12,0,17,1
11201,'18',714,,5261,12,0,14 15 16,1,100,,5271,12,0,14 15 16,1,100,,5267,12,0,14 15 16,1,100,,5256,12,0,14 15 16,1,100,,5262,12,0,14 15 16,1,100,,5266,12,0,14 15 16,1,100,,5255,12,0,14 15 16,1,100,,5269,12,0,14 15 16,1,100,,5268,12,0,14 15 16,1,100,,5257,12,0,14 15 16,1,100,,5272,12,0,17,1
11201,'20',714,,5280,12,0,14 15 16,1,100,,5288,12,0,14 15 16,1,100,,5281,12,0,14 15 16,1,100,,5289,12,0,14 15 16,1,100,,5282,12,0,14 15 16,1,100,,1084,12,0,14 15 16,1,100,,5278,12,0,14 15 16,1,100,,5286,12,0,14 15 16,1,100,,5285,12,0,14 15 16,1,100,,691,12,0,14 15 16,1,100,,5291,12,0,17,1
11201,'8',714,,5301,12,0,14 15 16,1,100,,5310,12,0,14 15 16,1,100,,5302,12,0,14 15 16,1,100,,5311,12,0,14 15 16,1,100,,5303,12,0,14 15 16,1,100,,5306,12,0,14 15 16,1,100,,5298,12,0,14 15 16,1,100,,5308,12,0,14 15 16,1,100,,5307,12,0,14 15 16,1,100,,5299,12,0,14 15 16,1,100,,5313,12,0,17,1
20601,'11',658,,6914,10,,,1,70,,6908,10,,,1,30,,6934,10,,,1,70,,2574,10,,,1,30,,6938,10,,,1,70,,6926,10,,,1,30,,6915,10,,,1,70,,6911,10,,,1,30,,6907,10,,,1,70,,6939,10,,,1,30,,6906,10,,,1,70,,6952,10,,,1,30,,6949,10,,,1,70,,6935,10,,,1,30,,6909,10,,,1,70,,6943,10,,,1,30,,6929,10,,,1,70,,6954,10,,,1,30,,6947,10,,,1,70,,2825,10,,,1,30,,6932,10,,,1,70,,6937,10,,,1,30,,6941,10,,,1,70,,6940,10,,,1,30,,6922,10,,,1,70,,6910,10,,,1,30,,2586,10,,,1,70,,6913,10,,,1
20601,'14',1828,,6972,10,,,1,30,,544,10,,,1,70,,6962,10,,,1,30,,6971,10,,,1,70,,6968,10,,,1,30,,6967,10,,,1,70,,6965,10,,,1,30,,367,10,,,1,70,,6966,10,,,1,30,,6959,10,,,1
20601,'18',1828,,6992,10,,,1,30,,6984,10,,,1,70,,6980,10,,,1,30,,6991,10,,,1,70,,6988,10,,,1,30,,6987,10,,,1,70,,6985,10,,,1,30,,6975,10,,,1,70,,6986,10,,,1,30,,6977,10,,,1
20601,'20',1828,,7009,10,,,1,30,,506,10,,,1,70,,6999,10,,,1,30,,7008,10,,,1,70,,7005,10,,,1,30,,7004,10,,,1,70,,7002,10,,,1,30,,317,10,,,1,70,,7003,10,,,1,30,,6996,10,,,1
20601,'4',658,,7019,10,,,1,70,,7013,10,,,1,30,,7041,10,,,1,70,,7034,10,,,1,30,,7046,10,,,1,70,,7032,10,,,1,30,,7020,10,,,1,70,,7016,10,,,1,30,,7012,10,,,1,70,,7047,10,,,1,30,,7011,10,,,1,70,,7062,10,,,1,30,,7059,10,,,1,70,,7043,10,,,1,30,,7014,10,,,1,70,,7053,10,,,1,30,,7036,10,,,1,70,,7064,10,,,1,30,,7057,10,,,1,70,,7050,10,,,1,30,,7039,10,,,1,70,,7045,10,,,1,30,,7051,10,,,1,70,,7049,10,,,1,30,,7027,10,,,1,70,,7015,10,,,1,30,,7048,10,,,1,70,,7018,10,,,1
20601,'8',1828,,7085,10,,,1,30,,7077,10,,,1,70,,7073,10,,,1,30,,7084,10,,,1,70,,7081,10,,,1,30,,7080,10,,,1,70,,7078,10,,,1,30,,7068,10,,,1,70,,7079,10,,,1,30,,7070,10,,,1
