10701,'14',620,,4184,10,,,1,100,,4174,10,,,1,30,,4150,10,,,1,70,,476,10,,,1,30,,4159,10,,,1,70,,4149,10,,,1,100,,4155,10,,,1,100,,4147,10,,,1,100,,4190,10,,,1,100,,4193,10,,,1,100,,4162,10,,,1,30,,4163,10,,,1,70,,4161,10,,,1,30,,4156,10,,,1,70,,4194,10,,,1,30,,4180,10,,,1,70,,4185,10,,,1,30,,4167,10,,,1,70,,4165,10,,,1,100,,4153,10,,,1
10701,'18',620,,4243,10,,,1,100,,4232,10,,,1,30,,4207,10,,,1,70,,4236,10,,,1,30,,4216,10,,,1,70,,4206,10,,,1,100,,4212,10,,,1,100,,4204,10,,,1,100,,4250,10,,,1,100,,4253,10,,,1,100,,4219,10,,,1,30,,4220,10,,,1,70,,4218,10,,,1,30,,4213,10,,,1,70,,4254,10,,,1,30,,4240,10,,,1,70,,4245,10,,,1,30,,4224,10,,,1,70,,4222,10,,,1,100,,4210,10,,,1
10701,'20',620,,4301,10,,,1,100,,4291,10,,,1,30,,4267,10,,,1,70,,438,10,,,1,30,,4276,10,,,1,70,,4266,10,,,1,100,,4272,10,,,1,100,,4264,10,,,1,100,,4307,10,,,1,100,,4310,10,,,1,100,,4279,10,,,1,30,,4280,10,,,1,70,,4278,10,,,1,30,,4273,10,,,1,70,,4311,10,,,1,30,,4297,10,,,1,70,,4302,10,,,1,30,,4284,10,,,1,70,,4282,10,,,1,100,,4270,10,,,1
10701,'8',620,,4360,10,,,1,100,,4349,10,,,1,30,,4324,10,,,1,70,,4353,10,,,1,30,,4333,10,,,1,70,,4323,10,,,1,100,,4329,10,,,1,100,,4321,10,,,1,100,,4367,10,,,1,100,,4370,10,,,1,100,,4336,10,,,1,30,,4337,10,,,1,70,,4335,10,,,1,30,,4330,10,,,1,70,,4371,10,,,1,30,,4357,10,,,1,70,,4362,10,,,1,30,,4341,10,,,1,70,,4339,10,,,1,100,,4327,10,,,1
11001,'14',618,,4928,5,,,1,30,,4910,5,,,1,70,,4909,5,,,1,30,,553,5,,,1,70,,4917,5,,,1,30,,4912,5,,,1,70,,4916,5,,,1,30,,4924,5,,,1,70,,4921,5,,,1,30,,4923,5,,,1,70,,4913,5,,,1,30,,4914,5,,,1,70,,4922,5,,,1,30,,4915,5,,,1,70,,4911,5,,,1,30,,4919,5,,,1,70,,4927,5,,,1,30,,4926,5,,,1,70,,4908,5,,,1,30,,4906,5,,,1,70,,4918,5,,,1,30,,4920,5,,,1,70,,4907,5,,,1,30,,1412,5,,,1,70,,4925,5,,,1
11001,'18',618,,4953,5,,,1,30,,4934,5,,,1,70,,4933,5,,,1,30,,4941,5,,,1,70,,4942,5,,,1,30,,4936,5,,,1,70,,4940,5,,,1,30,,4949,5,,,1,70,,4946,5,,,1,30,,4948,5,,,1,70,,4937,5,,,1,30,,4938,5,,,1,70,,4947,5,,,1,30,,4939,5,,,1,70,,4935,5,,,1,30,,4944,5,,,1,70,,4952,5,,,1,30,,4951,5,,,1,70,,4932,5,,,1,30,,4930,5,,,1,70,,4943,5,,,1,30,,4945,5,,,1,70,,4931,5,,,1,30,,4929,5,,,1,70,,4950,5,,,1
11001,'20',618,,4976,5,,,1,30,,4959,5,,,1,70,,4958,5,,,1,30,,515,5,,,1,70,,4965,5,,,1,30,,1134,5,,,1,70,,4964,5,,,1,30,,4972,5,,,1,70,,4969,5,,,1,30,,4971,5,,,1,70,,4961,5,,,1,30,,4962,5,,,1,70,,4970,5,,,1,30,,4963,5,,,1,70,,4960,5,,,1,30,,4967,5,,,1,70,,4975,5,,,1,30,,4974,5,,,1,70,,4957,5,,,1,30,,4955,5,,,1,70,,4966,5,,,1,30,,4968,5,,,1,70,,4956,5,,,1,30,,4954,5,,,1,70,,4973,5,,,1
11001,'8',618,,5001,5,,,1,30,,4982,5,,,1,70,,4981,5,,,1,30,,4989,5,,,1,70,,4990,5,,,1,30,,4984,5,,,1,70,,4988,5,,,1,30,,4997,5,,,1,70,,4994,5,,,1,30,,4996,5,,,1,70,,4985,5,,,1,30,,4986,5,,,1,70,,4995,5,,,1,30,,4987,5,,,1,70,,4983,5,,,1,30,,4992,5,,,1,70,,5000,5,,,1,30,,4999,5,,,1,70,,4980,5,,,1,30,,4978,5,,,1,70,,4991,5,,,1,30,,4993,5,,,1,70,,4979,5,,,1,30,,4977,5,,,1,70,,4998,5,,,1
21001,'11',718,,7406,5,,,1,30,,7399,5,,,1,70,,7407,5,,,1,30,,7396,5,,,1,70,,7414,5,,,1,30,,7415,5,,,1,70,,7395,5,,,1,30,,7400,5,,,1,70,,2572,5,,,1,30,,7417,5,,,1,70,,7404,5,,,1,30,,7411,5,,,1,70,,7418,5,,,1,30,,1974,5,,,1,70,,7401,5,,,1,30,,7397,5,,,1,70,,7402,5,,,1,30,,7419,5,,,1,70,,2600,5,,,1,30,,7409,5,,,1,70,,7410,5,,,1,30,,7412,5,,,1,70,,7403,5,,,1,30,,7416,5,,,1,70,,7398,5,,,1,30,,7413,5,,,1,70,,7405,5,,,1,30,,7408,5,,,1
21001,'14',1848,,7420,5,,,1,70,,7423,5,,,1,30,,7424,5,,,1,70,,7427,5,,,1,30,,7421,5,,,1,70,,7428,5,,,1,30,,7425,5,,,1,70,,7426,5,,,1,30,,7429,5,,,1,70,,7422,5,,,1
21001,'18',1848,,7430,5,,,1,70,,7433,5,,,1,30,,7434,5,,,1,70,,7437,5,,,1,30,,7431,5,,,1,70,,7438,5,,,1,30,,7435,5,,,1,70,,7436,5,,,1,30,,7439,5,,,1,70,,7432,5,,,1
21001,'20',1848,,7440,5,,,1,70,,7443,5,,,1,30,,7444,5,,,1,70,,7447,5,,,1,30,,7441,5,,,1,70,,7448,5,,,1,30,,7445,5,,,1,70,,7446,5,,,1,30,,7449,5,,,1,70,,7442,5,,,1
21001,'4',718,,7462,5,,,1,30,,7454,5,,,1,70,,7463,5,,,1,30,,7451,5,,,1,70,,7470,5,,,1,30,,7471,5,,,1,70,,7450,5,,,1,30,,7455,5,,,1,70,,7458,5,,,1,30,,7475,5,,,1,70,,7460,5,,,1,30,,7467,5,,,1,70,,7476,5,,,1,30,,7472,5,,,1,70,,7456,5,,,1,30,,7452,5,,,1,70,,7457,5,,,1,30,,7477,5,,,1,70,,7474,5,,,1,30,,7465,5,,,1,70,,7466,5,,,1,30,,7468,5,,,1,70,,7459,5,,,1,30,,7473,5,,,1,70,,7453,5,,,1,30,,7469,5,,,1,70,,7461,5,,,1,30,,7464,5,,,1
21001,'8',1848,,7478,5,,,1,70,,7481,5,,,1,30,,7482,5,,,1,70,,7485,5,,,1,30,,7479,5,,,1,70,,7486,5,,,1,30,,7483,5,,,1,70,,7484,5,,,1,30,,7487,5,,,1,70,,7480,5,,,1
