10201,'14',630,,3009,2,0,7 1 8,1,70,,3015,2,0,7 1 8,1,30,,1623,2,0,7 1 8,1,70,,3007,2,0,7 1 8,1,30,,3052,2,0,7 1 8,1,70,,3048,2,0,7 1 8,1,30,,3028,2,0,7 1 8,1,100,,3049,2,0,7 1 8,1,100,,3027,2,0,7 1 8,1,100,,3024,2,0,7 1 8,1,100,,3042,2,0,7 1 8,1,100,,1632,2,0,7 1 8,1,70,,3030,2,0,7 1 8,1,30,,3017,2,0,7 1 8,1,70,,3034,2,0,7 1 8,1,30,,3039,2,0,7 1 8,1,70,,3020,2,0,7 1 8,1,30,,3033,2,0,7 1 8,1
10201,'18',630,,3061,2,0,7 1 8,1,70,,3068,2,0,7 1 8,1,30,,3056,2,0,7 1 8,1,70,,3059,2,0,7 1 8,1,30,,3109,2,0,7 1 8,1,70,,3105,2,0,7 1 8,1,30,,3085,2,0,7 1 8,1,100,,3106,2,0,7 1 8,1,100,,3084,2,0,7 1 8,1,100,,3081,2,0,7 1 8,1,100,,3099,2,0,7 1 8,1,100,,3071,2,0,7 1 8,1,70,,3087,2,0,7 1 8,1,30,,3070,2,0,7 1 8,1,70,,3091,2,0,7 1 8,1,30,,3096,2,0,7 1 8,1,70,,3077,2,0,7 1 8,1,30,,3090,2,0,7 1 8,1
10201,'20',630,,3117,2,0,7 1 8,1,70,,3123,2,0,7 1 8,1,30,,1577,2,0,7 1 8,1,70,,3115,2,0,7 1 8,1,30,,3161,2,0,7 1 8,1,70,,3157,2,0,7 1 8,1,30,,3137,2,0,7 1 8,1,100,,3158,2,0,7 1 8,1,100,,3136,2,0,7 1 8,1,100,,3133,2,0,7 1 8,1,100,,3151,2,0,7 1 8,1,100,,1586,2,0,7 1 8,1,70,,3139,2,0,7 1 8,1,30,,3125,2,0,7 1 8,1,70,,3143,2,0,7 1 8,1,30,,3148,2,0,7 1 8,1,70,,3129,2,0,7 1 8,1,30,,3142,2,0,7 1 8,1
10201,'8',630,,3170,2,0,7 1 8,1,70,,3177,2,0,7 1 8,1,30,,3165,2,0,7 1 8,1,70,,3168,2,0,7 1 8,1,30,,3218,2,0,7 1 8,1,70,,3214,2,0,7 1 8,1,30,,3194,2,0,7 1 8,1,100,,3215,2,0,7 1 8,1,100,,3193,2,0,7 1 8,1,100,,3190,2,0,7 1 8,1,100,,3208,2,0,7 1 8,1,100,,3180,2,0,7 1 8,1,70,,3196,2,0,7 1 8,1,30,,3179,2,0,7 1 8,1,70,,3200,2,0,7 1 8,1,30,,3205,2,0,7 1 8,1,70,,3186,2,0,7 1 8,1,30,,3199,2,0,7 1 8,1
10401,'14',615,,3472,2,,,1,30,,886,2,,,1,70,,3499,2,,,1,30,,1115,2,,,1,70,,3466,2,,,1,30,,3490,2,,,1,70,,3484,2,,,1,30,,3485,2,,,1,70,,481,2,,,1,30,,3473,2,,,1,70,,3477,2,,,1,30,,1282,2,,,1,70,,3486,2,,,1,30,,3464,2,,,1,70,,3479,2,,,1,30,,3483,2,,,1,70,,3492,2,,,1,30,,3497,2,,,1,70,,3478,2,,,1,30,,3489,2,,,1,70,,3471,2,,,1,30,,3491,2,,,1,70,,3496,2,,,1,30,,3462,2,,,1,70,,3469,2,,,1
10401,'18',615,,3518,2,,,1,30,,3509,2,,,1,70,,3549,2,,,1,30,,3538,2,,,1,70,,3510,2,,,1,30,,3540,2,,,1,70,,3532,2,,,1,30,,3533,2,,,1,70,,3535,2,,,1,30,,3519,2,,,1,70,,3523,2,,,1,30,,3528,2,,,1,70,,3534,2,,,1,30,,3507,2,,,1,70,,3525,2,,,1,30,,3531,2,,,1,70,,3542,2,,,1,30,,3547,2,,,1,70,,3524,2,,,1,30,,3539,2,,,1,70,,3517,2,,,1,30,,3541,2,,,1,70,,3546,2,,,1,30,,3505,2,,,1,70,,3515,2,,,1
10401,'20',615,,3565,2,,,1,30,,867,2,,,1,70,,3592,2,,,1,30,,1090,2,,,1,70,,3559,2,,,1,30,,3583,2,,,1,70,,3577,2,,,1,30,,3578,2,,,1,70,,443,2,,,1,30,,3566,2,,,1,70,,3570,2,,,1,30,,1261,2,,,1,70,,3579,2,,,1,30,,3557,2,,,1,70,,3572,2,,,1,30,,3576,2,,,1,70,,3585,2,,,1,30,,3590,2,,,1,70,,3571,2,,,1,30,,3582,2,,,1,70,,3564,2,,,1,30,,3584,2,,,1,70,,3589,2,,,1,30,,3555,2,,,1,70,,3562,2,,,1
10401,'8',615,,3611,2,,,1,30,,3602,2,,,1,70,,3642,2,,,1,30,,3631,2,,,1,70,,3603,2,,,1,30,,3633,2,,,1,70,,3625,2,,,1,30,,3626,2,,,1,70,,3628,2,,,1,30,,3612,2,,,1,70,,3616,2,,,1,30,,3621,2,,,1,70,,3627,2,,,1,30,,3600,2,,,1,70,,3618,2,,,1,30,,3624,2,,,1,70,,3635,2,,,1,30,,3640,2,,,1,70,,3617,2,,,1,30,,3632,2,,,1,70,,3610,2,,,1,30,,3634,2,,,1,70,,3639,2,,,1,30,,3598,2,,,1,70,,3608,2,,,1
20401,'11',715,,6480,2,,,1,30,,6470,2,,,1,70,,6512,2,,,1,30,,6514,2,,,1,70,,6496,2,,,1,30,,6508,2,,,1,70,,6464,2,,,1,30,,6492,2,,,1,70,,6472,2,,,1,30,,6468,2,,,1,70,,6477,2,,,1,30,,6497,2,,,1,70,,6515,2,,,1,30,,6489,2,,,1,70,,6502,2,,,1,30,,6479,2,,,1,70,,6516,2,,,1,30,,6506,2,,,1,70,,6485,2,,,1,30,,6501,2,,,1,70,,6503,2,,,1,30,,6493,2,,,1,70,,6500,2,,,1,30,,6478,2,,,1,70,,6487,2,,,1,30,,6471,2,,,1,70,,6469,2,,,1,30,,6463,2,,,1
20401,'14',1845,,6523,2,,,1,70,,6526,2,,,1,30,,6531,2,,,1,70,,6518,2,,,1,30,,767,2,,,1,70,,6528,2,,,1,30,,455,2,,,1,70,,6520,2,,,1,30,,6522,2,,,1,70,,6530,2,,,1
20401,'18',1845,,6543,2,,,1,70,,6546,2,,,1,30,,6551,2,,,1,70,,6537,2,,,1,30,,6540,2,,,1,70,,6548,2,,,1,30,,6534,2,,,1,70,,6539,2,,,1,30,,6542,2,,,1,70,,6550,2,,,1
20401,'20',1845,,6559,2,,,1,70,,6562,2,,,1,30,,6567,2,,,1,70,,6555,2,,,1,30,,707,2,,,1,70,,6564,2,,,1,30,,417,2,,,1,70,,813,2,,,1,30,,6558,2,,,1,70,,6566,2,,,1
20401,'4',715,,6588,2,,,1,30,,6578,2,,,1,70,,6621,2,,,1,30,,6623,2,,,1,70,,6604,2,,,1,30,,6617,2,,,1,70,,6572,2,,,1,30,,6600,2,,,1,70,,6580,2,,,1,30,,6576,2,,,1,70,,6585,2,,,1,30,,6605,2,,,1,70,,6624,2,,,1,30,,6597,2,,,1,70,,6611,2,,,1,30,,6587,2,,,1,70,,6625,2,,,1,30,,6615,2,,,1,70,,6593,2,,,1,30,,6610,2,,,1,70,,6612,2,,,1,30,,6601,2,,,1,70,,6609,2,,,1,30,,6586,2,,,1,70,,6595,2,,,1,30,,6579,2,,,1,70,,6577,2,,,1,30,,6571,2,,,1
20401,'8',1845,,6635,2,,,1,70,,6638,2,,,1,30,,6643,2,,,1,70,,6629,2,,,1,30,,6632,2,,,1,70,,6640,2,,,1,30,,6626,2,,,1,70,,6631,2,,,1,30,,6634,2,,,1,70,,6642,2,,,1
