11300,'14',631,,5334,17,0,18 19 20,1,100,,5322,17,0,18 19 20,1,100,,5344,17,0,18 19 20,1,100,,5319,17,0,18 19 20,1,100,,5320,17,0,18 19 20,1,100,,5316,17,0,18 19 20,1,100,,5324,17,0,18 19 20,1,100,,5338,17,0,18 19 20,1,100,,390,17,0,18 19 20,1,100,,5343,17,0,18 19 20,1,100,,5317,17,0,18 19 20,1,100,,5331,17,0,18 19 20,1,100,,5347,17,0,18 19 20,1
11300,'18',631,,5372,17,0,18 19 20,1,100,,5357,17,0,18 19 20,1,100,,5383,17,0,18 19 20,1,100,,5354,17,0,18 19 20,1,100,,5355,17,0,18 19 20,1,100,,5350,17,0,18 19 20,1,100,,5359,17,0,18 19 20,1,100,,5377,17,0,18 19 20,1,100,,5367,17,0,18 19 20,1,100,,5382,17,0,18 19 20,1,100,,5351,17,0,18 19 20,1,100,,5368,17,0,18 19 20,1,100,,5386,17,0,18 19 20,1
11300,'20',631,,5401,17,0,18 19 20,1,100,,5394,17,0,18 19 20,1,100,,5415,17,0,18 19 20,1,100,,5391,17,0,18 19 20,1,100,,5392,17,0,18 19 20,1,100,,5389,17,0,18 19 20,1,100,,1908,17,0,18 19 20,1,100,,5409,17,0,18 19 20,1,100,,5407,17,0,18 19 20,1,100,,5400,17,0,18 19 20,1,100,,5405,17,0,18 19 20,1,100,,5404,17,0,18 19 20,1,100,,2442,17,0,18 19 20,1
11300,'8',631,,5436,17,0,18 19 20,1,100,,5425,17,0,18 19 20,1,100,,5454,17,0,18 19 20,1,100,,5422,17,0,18 19 20,1,100,,5423,17,0,18 19 20,1,100,,5420,17,0,18 19 20,1,100,,5431,17,0,18 19 20,1,100,,5447,17,0,18 19 20,1,100,,5444,17,0,18 19 20,1,100,,5434,17,0,18 19 20,1,100,,5442,17,0,18 19 20,1,100,,5440,17,0,18 19 20,1,100,,5429,17,0,18 19 20,1
21300,'11',730,,1839,17,,,1,100,,7664,17,,,1,100,,7674,17,,,1,100,,7672,17,,,1,100,,7668,17,,,1,100,,7666,17,,,1,100,,7667,17,,,1,100,,7669,17,,,1,100,,7663,17,,,1,100,,7673,17,,,1,100,,7671,17,,,1,100,,7665,17,,,1,100,,7670,17,,,1
21300,'14',1930,,7676,17,,,1,100,,7677,17,,,1,100,,7675,17,,,1,100,,2747,17,,,1
21300,'18',1930,,7680,17,,,1,100,,7681,17,,,1,100,,7679,17,,,1,100,,7678,17,,,1
21300,'20',1930,,7683,17,,,1,100,,7684,17,,,1,100,,7682,17,,,1,100,,2665,17,,,1
21300,'4',730,,7688,17,,,1,100,,7686,17,,,1,100,,7697,17,,,1,100,,7695,17,,,1,100,,7691,17,,,1,100,,7689,17,,,1,100,,7690,17,,,1,100,,7692,17,,,1,100,,7685,17,,,1,100,,7696,17,,,1,100,,7694,17,,,1,100,,7687,17,,,1,100,,7693,17,,,1
21300,'8',1930,,7700,17,,,1,100,,7701,17,,,1,100,,7699,17,,,1,100,,7698,17,,,1
