11300,'14',632,,5334,18,,,1,100,,5322,18,,,1,100,,5344,18,,,1,100,,5319,18,,,1,100,,5320,18,,,1,100,,5316,18,,,1,100,,5324,18,,,1,100,,5338,18,,,1,100,,390,18,,,1,100,,5343,18,,,1,100,,5317,18,,,1,100,,5331,18,,,1,100,,5347,18,,,1
11300,'18',632,,5372,18,,,1,100,,5357,18,,,1,100,,5383,18,,,1,100,,5354,18,,,1,100,,5355,18,,,1,100,,5350,18,,,1,100,,5359,18,,,1,100,,5377,18,,,1,100,,5367,18,,,1,100,,5382,18,,,1,100,,5351,18,,,1,100,,5368,18,,,1,100,,5386,18,,,1
11300,'20',632,,5401,18,,,1,100,,5394,18,,,1,100,,5415,18,,,1,100,,5391,18,,,1,100,,5392,18,,,1,100,,5389,18,,,1,100,,1908,18,,,1,100,,5409,18,,,1,100,,5407,18,,,1,100,,5400,18,,,1,100,,5405,18,,,1,100,,5404,18,,,1,100,,2442,18,,,1
11300,'8',632,,5436,18,,,1,100,,5425,18,,,1,100,,5454,18,,,1,100,,5422,18,,,1,100,,5423,18,,,1,100,,5420,18,,,1,100,,5431,18,,,1,100,,5447,18,,,1,100,,5444,18,,,1,100,,5434,18,,,1,100,,5442,18,,,1,100,,5440,18,,,1,100,,5429,18,,,1
21300,'11',731,,1839,18,,,1,100,,7664,18,,,1,100,,7674,18,,,1,100,,7672,18,,,1,100,,7668,18,,,1,100,,7666,18,,,1,100,,7667,18,,,1,100,,7669,18,,,1,100,,7663,18,,,1,100,,7673,18,,,1,100,,7671,18,,,1,100,,7665,18,,,1,100,,7670,18,,,1
21300,'14',1931,,7676,18,,,1,100,,7677,18,,,1,100,,7675,18,,,1,100,,2747,18,,,1
21300,'18',1931,,7680,18,,,1,100,,7681,18,,,1,100,,7679,18,,,1,100,,7678,18,,,1
21300,'20',1931,,7683,18,,,1,100,,7684,18,,,1,100,,7682,18,,,1,100,,2665,18,,,1
21300,'4',731,,7688,18,,,1,100,,7686,18,,,1,100,,7697,18,,,1,100,,7695,18,,,1,100,,7691,18,,,1,100,,7689,18,,,1,100,,7690,18,,,1,100,,7692,18,,,1,100,,7685,18,,,1,100,,7696,18,,,1,100,,7694,18,,,1,100,,7687,18,,,1,100,,7693,18,,,1
21300,'8',1931,,7700,18,,,1,100,,7701,18,,,1,100,,7699,18,,,1,100,,7698,18,,,1
