11600,'14',641,,5859,7,0,21 22,1,70,,5870,7,0,21 22,1,30,,5842,7,0,21 22,1,70,,5846,7,0,21 22,1,30,,5865,7,0,21 22,1,70,,5838,7,0,21 22,1,30,,402,7,0,21 22,1,70,,5862,7,0,21 22,1,30,,5866,7,0,21 22,1,70,,5874,7,0,21 22,1,30,,5849,7,0,21 22,1,70,,5878,7,0,21 22,1,30,,5850,7,0,21 22,1,70,,5871,7,0,21 22,1,30,,5847,7,0,21 22,1,70,,5844,7,0,21 22,1,30,,5869,7,0,21 22,1,70,,5863,7,0,21 22,1,30,,5854,7,0,21 22,1,70,,627,7,0,21 22,1,30,,5843,7,0,21 22,1,70,,5851,7,0,21 22,1,30,,5839,7,0,21 22,1
11600,'18',641,,5904,7,0,21 22,1,70,,5916,7,0,21 22,1,30,,5884,7,0,21 22,1,70,,5888,7,0,21 22,1,30,,5911,7,0,21 22,1,70,,5880,7,0,21 22,1,30,,5908,7,0,21 22,1,70,,5907,7,0,21 22,1,30,,5912,7,0,21 22,1,70,,5920,7,0,21 22,1,30,,5892,7,0,21 22,1,70,,5924,7,0,21 22,1,30,,5893,7,0,21 22,1,70,,5917,7,0,21 22,1,30,,5889,7,0,21 22,1,70,,5886,7,0,21 22,1,30,,5915,7,0,21 22,1,70,,5909,7,0,21 22,1,30,,5899,7,0,21 22,1,70,,5896,7,0,21 22,1,30,,5885,7,0,21 22,1,70,,5894,7,0,21 22,1,30,,5881,7,0,21 22,1
11600,'20',641,,5947,7,0,21 22,1,70,,5958,7,0,21 22,1,30,,5930,7,0,21 22,1,70,,5934,7,0,21 22,1,30,,5953,7,0,21 22,1,70,,5926,7,0,21 22,1,30,,352,7,0,21 22,1,70,,5950,7,0,21 22,1,30,,5954,7,0,21 22,1,70,,5962,7,0,21 22,1,30,,5937,7,0,21 22,1,70,,5966,7,0,21 22,1,30,,5938,7,0,21 22,1,70,,5959,7,0,21 22,1,30,,5935,7,0,21 22,1,70,,5932,7,0,21 22,1,30,,5957,7,0,21 22,1,70,,5951,7,0,21 22,1,30,,5942,7,0,21 22,1,70,,607,7,0,21 22,1,30,,5931,7,0,21 22,1,70,,5939,7,0,21 22,1,30,,5927,7,0,21 22,1
11600,'8',641,,5992,7,0,21 22,1,70,,6004,7,0,21 22,1,30,,5972,7,0,21 22,1,70,,5976,7,0,21 22,1,30,,5999,7,0,21 22,1,70,,5968,7,0,21 22,1,30,,5996,7,0,21 22,1,70,,5995,7,0,21 22,1,30,,6000,7,0,21 22,1,70,,6008,7,0,21 22,1,30,,5980,7,0,21 22,1,70,,6012,7,0,21 22,1,30,,5981,7,0,21 22,1,70,,6005,7,0,21 22,1,30,,5977,7,0,21 22,1,70,,5974,7,0,21 22,1,30,,6003,7,0,21 22,1,70,,5997,7,0,21 22,1,30,,5987,7,0,21 22,1,70,,5984,7,0,21 22,1,30,,5973,7,0,21 22,1,70,,5982,7,0,21 22,1,30,,5969,7,0,21 22,1
21600,'11',711,,7922,7,0,21 22,1,30,,7962,7,0,21 22,1,70,,7944,7,0,21 22,1,30,,7924,7,0,21 22,1,70,,7945,7,0,21 22,1,30,,7929,7,0,21 22,1,70,,7958,7,0,21 22,1,30,,7965,7,0,21 22,1,70,,7931,7,0,21 22,1,30,,7955,7,0,21 22,1,70,,7913,7,0,21 22,1,30,,1971,7,0,21 22,1,70,,7950,7,0,21 22,1,30,,7941,7,0,21 22,1,70,,7916,7,0,21 22,1,30,,7928,7,0,21 22,1,70,,7938,7,0,21 22,1,30,,7957,7,0,21 22,1,70,,7946,7,0,21 22,1,30,,7921,7,0,21 22,1,70,,7940,7,0,21 22,1,30,,7949,7,0,21 22,1,70,,7926,7,0,21 22,1,30,,7915,7,0,21 22,1,70,,7964,7,0,21 22,1,30,,7943,7,0,21 22,1,70,,7963,7,0,21 22,1,30,,7966,7,0,21 22,1,70,,7917,7,0,21 22,1
21600,'14',1811,,7992,7,0,21 22,1,30,,7976,7,0,21 22,1,70,,7977,7,0,21 22,1,30,,7985,7,0,21 22,1,70,,7984,7,0,21 22,1,30,,7981,7,0,21 22,1,70,,7974,7,0,21 22,1,30,,7988,7,0,21 22,1,70,,7982,7,0,21 22,1,30,,7986,7,0,21 22,1,70,,7975,7,0,21 22,1,30,,7979,7,0,21 22,1
21600,'18',1811,,8016,7,0,21 22,1,30,,7999,7,0,21 22,1,70,,8000,7,0,21 22,1,30,,8009,7,0,21 22,1,70,,8008,7,0,21 22,1,30,,8005,7,0,21 22,1,70,,7997,7,0,21 22,1,30,,8012,7,0,21 22,1,70,,8006,7,0,21 22,1,30,,8010,7,0,21 22,1,70,,7998,7,0,21 22,1,30,,8002,7,0,21 22,1
21600,'20',1811,,8040,7,0,21 22,1,30,,8023,7,0,21 22,1,70,,8024,7,0,21 22,1,30,,8033,7,0,21 22,1,70,,8032,7,0,21 22,1,30,,8029,7,0,21 22,1,70,,8021,7,0,21 22,1,30,,8036,7,0,21 22,1,70,,8030,7,0,21 22,1,30,,8034,7,0,21 22,1,70,,8022,7,0,21 22,1,30,,8026,7,0,21 22,1
21600,'4',711,,8050,7,0,21 22,1,30,,8091,7,0,21 22,1,70,,8072,7,0,21 22,1,30,,8052,7,0,21 22,1,70,,8073,7,0,21 22,1,30,,8057,7,0,21 22,1,70,,8087,7,0,21 22,1,30,,8094,7,0,21 22,1,70,,8059,7,0,21 22,1,30,,8084,7,0,21 22,1,70,,8041,7,0,21 22,1,30,,8074,7,0,21 22,1,70,,8079,7,0,21 22,1,30,,8069,7,0,21 22,1,70,,8044,7,0,21 22,1,30,,8056,7,0,21 22,1,70,,8066,7,0,21 22,1,30,,8086,7,0,21 22,1,70,,8075,7,0,21 22,1,30,,8049,7,0,21 22,1,70,,8068,7,0,21 22,1,30,,8078,7,0,21 22,1,70,,8054,7,0,21 22,1,30,,8043,7,0,21 22,1,70,,8093,7,0,21 22,1,30,,8071,7,0,21 22,1,70,,8092,7,0,21 22,1,30,,8095,7,0,21 22,1,70,,8045,7,0,21 22,1
21600,'8',1811,,8122,7,0,21 22,1,30,,8105,7,0,21 22,1,70,,8106,7,0,21 22,1,30,,8115,7,0,21 22,1,70,,8114,7,0,21 22,1,30,,8111,7,0,21 22,1,70,,8103,7,0,21 22,1,30,,8118,7,0,21 22,1,70,,8112,7,0,21 22,1,30,,8116,7,0,21 22,1,70,,8104,7,0,21 22,1,30,,8108,7,0,21 22,1
