11300,'14',629,,5334,13,0,18 19 20,1,100,,5322,13,0,18 19 20,1,100,,5344,13,0,18 19 20,1,100,,5319,13,0,18 19 20,1,100,,5320,13,0,18 19 20,1,100,,5316,13,0,18 19 20,1,100,,5324,13,0,18 19 20,1,100,,5338,13,0,18 19 20,1,100,,390,13,0,18 19 20,1,100,,5343,13,0,18 19 20,1,100,,5317,13,0,18 19 20,1,100,,5331,13,0,18 19 20,1,100,,5347,13,0,18 19 20,1
11300,'18',629,,5372,13,0,18 19 20,1,100,,5357,13,0,18 19 20,1,100,,5383,13,0,18 19 20,1,100,,5354,13,0,18 19 20,1,100,,5355,13,0,18 19 20,1,100,,5350,13,0,18 19 20,1,100,,5359,13,0,18 19 20,1,100,,5377,13,0,18 19 20,1,100,,5367,13,0,18 19 20,1,100,,5382,13,0,18 19 20,1,100,,5351,13,0,18 19 20,1,100,,5368,13,0,18 19 20,1,100,,5386,13,0,18 19 20,1
11300,'20',629,,5401,13,0,18 19 20,1,100,,5394,13,0,18 19 20,1,100,,5415,13,0,18 19 20,1,100,,5391,13,0,18 19 20,1,100,,5392,13,0,18 19 20,1,100,,5389,13,0,18 19 20,1,100,,1908,13,0,18 19 20,1,100,,5409,13,0,18 19 20,1,100,,5407,13,0,18 19 20,1,100,,5400,13,0,18 19 20,1,100,,5405,13,0,18 19 20,1,100,,5404,13,0,18 19 20,1,100,,2442,13,0,18 19 20,1
11300,'8',629,,5436,13,0,18 19 20,1,100,,5425,13,0,18 19 20,1,100,,5454,13,0,18 19 20,1,100,,5422,13,0,18 19 20,1,100,,5423,13,0,18 19 20,1,100,,5420,13,0,18 19 20,1,100,,5431,13,0,18 19 20,1,100,,5447,13,0,18 19 20,1,100,,5444,13,0,18 19 20,1,100,,5434,13,0,18 19 20,1,100,,5442,13,0,18 19 20,1,100,,5440,13,0,18 19 20,1,100,,5429,13,0,18 19 20,1
21300,'11',729,,1839,13,,,1,100,,7664,13,,,1,100,,7674,13,,,1,100,,7672,13,,,1,100,,7668,13,,,1,100,,7666,13,,,1,100,,7667,13,,,1,100,,7669,13,,,1,100,,7663,13,,,1,100,,7673,13,,,1,100,,7671,13,,,1,100,,7665,13,,,1,100,,7670,13,,,1
21300,'14',1929,,7676,13,,,1,100,,7677,13,,,1,100,,7675,13,,,1,100,,2747,13,,,1
21300,'18',1929,,7680,13,,,1,100,,7681,13,,,1,100,,7679,13,,,1,100,,7678,13,,,1
21300,'20',1929,,7683,13,,,1,100,,7684,13,,,1,100,,7682,13,,,1,100,,2665,13,,,1
21300,'4',729,,7688,13,,,1,100,,7686,13,,,1,100,,7697,13,,,1,100,,7695,13,,,1,100,,7691,13,,,1,100,,7689,13,,,1,100,,7690,13,,,1,100,,7692,13,,,1,100,,7685,13,,,1,100,,7696,13,,,1,100,,7694,13,,,1,100,,7687,13,,,1,100,,7693,13,,,1
21300,'8',1929,,7700,13,,,1,100,,7701,13,,,1,100,,7699,13,,,1,100,,7698,13,,,1
