10101,'10',634,,14674,2,,,1,70,,14670,2,,,1,30,,14276,2,,,1,70,,14671,2,,,1,30,,14668,2,,,1,70,,14669,2,,,1,30,,14665,2,,,1,100,,13598,2,,,1,100,,14666,2,,,1,100,,14667,2,,,1,100,,14664,2,,,1,100,,14673,2,,,1,70,,14663,2,,,1,30,,14672,2,,,1,70,,10910,2,,,1,30,,13264,2,,,1,70,,14662,2,,,1,30,,12731,2,,,1
10101,'15',634,,14688,2,,,1,70,,14683,2,,,1,30,,14284,2,,,1,70,,14684,2,,,1,30,,14681,2,,,1,70,,14682,2,,,1,30,,14678,2,,,1,100,,13606,2,,,1,100,,14679,2,,,1,100,,14680,2,,,1,100,,14677,2,,,1,100,,14687,2,,,1,70,,14676,2,,,1,30,,14685,2,,,1,70,,14675,2,,,1,30,,14686,2,,,1,70,,12765,2,,,1,30,,12764,2,,,1
10301,'10',603,,14832,2,,,1,100,,14826,2,,,1,30,,14830,2,,,1,70,,9089,2,,,1,30,,14828,2,,,1,70,,14838,2,,,1,30,,14834,2,,,1,70,,14837,2,,,1,100,,14829,2,,,1,100,,14824,2,,,1,100,,14839,2,,,1,100,,14835,2,,,1,100,,14833,2,,,1,30,,14841,2,,,1,70,,14831,2,,,1,30,,14840,2,,,1,70,,14836,2,,,1,30,,14827,2,,,1,70,,14825,2,,,1,30,,14318,2,,,1
10301,'15',603,,14852,2,,,1,100,,14845,2,,,1,30,,14851,2,,,1,70,,9020,2,,,1,30,,14847,2,,,1,70,,14857,2,,,1,30,,14843,2,,,1,70,,14856,2,,,1,100,,14849,2,,,1,100,,14842,2,,,1,100,,14858,2,,,1,100,,14854,2,,,1,100,,14853,2,,,1,30,,14860,2,,,1,70,,14850,2,,,1,30,,14859,2,,,1,70,,14855,2,,,1,30,,14846,2,,,1,70,,14844,2,,,1,30,,14848,2,,,1
11101,'10',616,,15709,2,,,1,30,,15699,2,,,1,70,,15692,2,,,1,30,,15710,2,,,1,70,,15695,2,,,1,30,,15705,2,,,1,70,,15700,2,,,1,30,,15711,2,,,1,70,,15702,2,,,1,30,,15704,2,,,1,70,,15708,2,,,1,30,,15696,2,,,1,70,,15690,2,,,1,30,,15712,2,,,1,70,,15698,2,,,1,30,,15703,2,,,1,70,,13339,2,,,1,30,,15691,2,,,1,70,,15706,2,,,1,30,,15701,2,,,1,70,,12373,2,,,1,30,,15694,2,,,1,70,,15697,2,,,1,30,,15693,2,,,1,70,,15707,2,,,1
11101,'15',616,,15732,2,,,1,30,,15722,2,,,1,70,,15716,2,,,1,30,,15733,2,,,1,70,,15718,2,,,1,30,,15727,2,,,1,70,,15723,2,,,1,30,,15734,2,,,1,70,,15725,2,,,1,30,,13222,2,,,1,70,,15731,2,,,1,30,,15726,2,,,1,70,,15714,2,,,1,30,,15721,2,,,1,70,,12812,2,,,1,30,,15713,2,,,1,70,,13351,2,,,1,30,,15730,2,,,1,70,,15719,2,,,1,30,,15729,2,,,1,70,,15728,2,,,1,30,,15724,2,,,1,70,,15717,2,,,1,30,,15720,2,,,1,70,,15715,2,,,1
11200,'10',646,,15735,2,,,1,100,,15740,2,,,1,100,,15736,2,,,1,100,,15741,2,,,1,100,,15744,2,,,1,100,,15742,2,,,1,100,,15743,2,,,1,100,,15745,2,,,1,101,,15737,2,,,1,99,,15739,2,,,1,100,,15738,2,,,1
11200,'15',646,,15747,2,,,1,100,,15746,2,,,1,100,,15755,2,,,1,100,,13573,2,,,1,100,,15753,2,,,1,100,,15751,2,,,1,100,,15752,2,,,1,100,,15754,2,,,1,101,,15748,2,,,1,99,,15750,2,,,1,100,,15749,2,,,1
20301,'10',1903,,16264,2,0,9 3 10,1,30,,16270,2,0,9 3 10,1,70,,16268,2,0,9 3 10,1,30,,14449,2,0,9 3 10,1,70,,16263,2,0,9 3 10,1,30,,16271,2,0,9 3 10,1,70,,16267,2,0,9 3 10,1,30,,16272,2,0,9 3 10,1,70,,16266,2,0,9 3 10,1,30,,16265,2,0,9 3 10,1
20301,'15',1903,,16274,2,0,9 3 10,1,30,,16280,2,0,9 3 10,1,70,,16278,2,0,9 3 10,1,30,,14471,2,0,9 3 10,1,70,,16273,2,0,9 3 10,1,30,,16281,2,0,9 3 10,1,70,,16277,2,0,9 3 10,1,30,,16282,2,0,9 3 10,1,70,,16276,2,0,9 3 10,1,30,,16275,2,0,9 3 10,1
20301,'7',703,,16304,2,0,9 3 10,1,30,,16288,2,0,9 3 10,1,70,,16283,2,0,9 3 10,1,30,,16307,2,0,9 3 10,1,70,,16300,2,0,9 3 10,1,30,,16306,2,0,9 3 10,1,70,,16299,2,0,9 3 10,1,30,,16303,2,0,9 3 10,1,70,,16301,2,0,9 3 10,1,30,,16295,2,0,9 3 10,1,70,,16287,2,0,9 3 10,1,30,,16293,2,0,9 3 10,1,70,,16290,2,0,9 3 10,1,30,,16310,2,0,9 3 10,1,70,,16298,2,0,9 3 10,1,30,,16302,2,0,9 3 10,1,70,,16286,2,0,9 3 10,1,30,,16285,2,0,9 3 10,1,70,,16297,2,0,9 3 10,1,30,,16284,2,0,9 3 10,1,70,,16308,2,0,9 3 10,1,30,,16294,2,0,9 3 10,1,70,,16296,2,0,9 3 10,1,30,,16305,2,0,9 3 10,1,70,,16292,2,0,9 3 10,1,30,,16291,2,0,9 3 10,1,70,,16289,2,0,9 3 10,1,30,,16309,2,0,9 3 10,1
21101,'10',1846,,16879,2,,,1,70,,16878,2,,,1,30,,14053,2,,,1,70,,16883,2,,,1,30,,16885,2,,,1,70,,16881,2,,,1,30,,16882,2,,,1,70,,16884,2,,,1,30,,16880,2,,,1
21101,'15',1846,,16887,2,,,1,70,,16888,2,,,1,30,,16886,2,,,1,70,,16892,2,,,1,30,,16894,2,,,1,70,,16890,2,,,1,30,,16891,2,,,1,70,,16893,2,,,1,30,,16889,2,,,1
21101,'7',716,,13807,2,,,1,30,,16900,2,,,1,70,,16899,2,,,1,30,,16911,2,,,1,70,,16912,2,,,1,30,,16917,2,,,1,70,,16902,2,,,1,30,,16901,2,,,1,70,,16913,2,,,1,30,,16907,2,,,1,70,,16908,2,,,1,30,,16916,2,,,1,70,,16903,2,,,1,30,,16919,2,,,1,70,,16905,2,,,1,30,,16897,2,,,1,70,,16915,2,,,1,30,,16910,2,,,1,70,,16906,2,,,1,30,,11928,2,,,1,70,,16904,2,,,1,30,,16909,2,,,1,70,,16895,2,,,1,30,,16914,2,,,1,70,,16898,2,,,1,30,,16896,2,,,1,70,,16918,2,,,1
