10800,'12',702,,9468,4,,,1,30,,9461,4,,,1,70,,1519,4,,,1,30,,9459,4,,,1,70,,9454,4,,,1,30,,9445,4,,,1,100,,9467,4,,,1,100,,9450,4,,,1,100,,9457,4,,,1,100,,9465,4,,,1,100,,9463,4,,,1,70,,9452,4,,,1,30,,9446,4,,,1,70,,9443,4,,,1,30,,9447,4,,,1,70,,9451,4,,,1,30,,9453,4,,,1
10800,'5',702,,9491,4,,,1,30,,9497,4,,,1,70,,9479,4,,,1,30,,9495,4,,,1,70,,9470,4,,,1,30,,9477,4,,,1,100,,9502,4,,,1,100,,9484,4,,,1,100,,9492,4,,,1,100,,9501,4,,,1,100,,9499,4,,,1,70,,9486,4,,,1,30,,9478,4,,,1,70,,9475,4,,,1,30,,9480,4,,,1,70,,9485,4,,,1,30,,9487,4,,,1
10800,'9',702,,9524,4,,,1,30,,9528,4,,,1,70,,390,4,,,1,30,,9527,4,,,1,70,,9504,4,,,1,30,,9511,4,,,1,100,,9533,4,,,1,100,,9517,4,,,1,100,,9525,4,,,1,100,,9532,4,,,1,100,,9530,4,,,1,70,,9519,4,,,1,30,,9512,4,,,1,70,,9509,4,,,1,30,,9513,4,,,1,70,,9518,4,,,1,30,,9520,4,,,1
10900,'12',703,,9595,4,,,1,100,,4282,4,,,1,100,,9588,4,,,1,100,,9591,4,,,1,100,,9590,4,,,1,100,,9587,4,,,1,100,,9593,4,,,1,100,,4964,4,,,1,100,,4729,4,,,1,100,,9594,4,,,1,100,,9592,4,,,1,100,,9589,4,,,1
10900,'5',703,,9607,4,,,1,100,,9602,4,,,1,100,,9597,4,,,1,100,,9601,4,,,1,100,,9600,4,,,1,100,,9596,4,,,1,100,,9605,4,,,1,100,,9604,4,,,1,100,,9598,4,,,1,100,,9606,4,,,1,100,,9603,4,,,1,100,,9599,4,,,1
10900,'9',703,,9616,4,,,1,100,,4165,4,,,1,100,,9609,4,,,1,100,,9612,4,,,1,100,,9611,4,,,1,100,,9608,4,,,1,100,,9614,4,,,1,100,,4916,4,,,1,100,,4638,4,,,1,100,,9615,4,,,1,100,,9613,4,,,1,100,,9610,4,,,1
11400,'12',631,,10334,4,,,1,100,,10340,4,,,1,100,,10339,4,,,1,100,,10333,4,,,1,100,,10336,4,,,1,100,,10337,4,,,1,100,,10341,4,,,1,100,,10342,4,,,1,100,,10335,4,,,1,100,,10338,4,,,1,100,,2398,4,,,1,100,,4454,4,,,1
11400,'5',631,,10344,4,,,1,100,,10352,4,,,1,100,,10351,4,,,1,100,,10343,4,,,1,100,,10347,4,,,1,100,,10348,4,,,1,100,,10353,4,,,1,100,,10354,4,,,1,100,,10346,4,,,1,100,,10350,4,,,1,100,,10349,4,,,1,100,,10345,4,,,1
11400,'9',631,,10356,4,,,1,100,,10362,4,,,1,100,,10361,4,,,1,100,,10355,4,,,1,100,,10358,4,,,1,100,,10359,4,,,1,100,,10363,4,,,1,100,,10364,4,,,1,100,,10357,4,,,1,100,,10360,4,,,1,100,,2436,4,,,1,100,,4386,4,,,1
20900,'12',1901,,11271,4,,,1,100,,11270,4,,,1,100,,11272,4,,,1,100,,11269,4,,,1
20900,'5',1901,,11276,4,,,1,100,,11275,4,,,1,100,,11274,4,,,1,100,,11273,4,,,1
20900,'7',801,,11282,4,,,1,100,,11283,4,,,1,100,,11284,4,,,1,100,,11280,4,,,1,100,,11285,4,,,1,100,,11286,4,,,1,100,,6939,4,,,1,100,,11278,4,,,1,100,,11279,4,,,1,100,,7498,4,,,1,100,,11281,4,,,1,100,,11287,4,,,1,100,,11277,4,,,1
20900,'9',1901,,11289,4,,,1,100,,11288,4,,,1,100,,11290,4,,,1,100,,11291,4,,,1
21400,'12',1831,,11705,4,,,1,100,,11704,4,,,1,100,,11703,4,,,1,100,,11701,4,,,1,100,,11702,4,,,1
21400,'5',1831,,11709,4,,,1,100,,11708,4,,,1,100,,11706,4,,,1,100,,11710,4,,,1,100,,11707,4,,,1
21400,'7',731,,11714,4,,,1,100,,11717,4,,,1,100,,11715,4,,,1,100,,11722,4,,,1,100,,11721,4,,,1,100,,11713,4,,,1,100,,11719,4,,,1,100,,11711,4,,,1,100,,11720,4,,,1,100,,11716,4,,,1,100,,11712,4,,,1,100,,6829,4,,,1,100,,11718,4,,,1
21400,'9',1831,,11726,4,,,1,100,,11724,4,,,1,100,,11725,4,,,1,100,,11723,4,,,1,100,,7972,4,,,1
