11300,'14',618,,5334,3,0,18 19 20,1,100,,5322,3,0,18 19 20,1,100,,5344,3,0,18 19 20,1,100,,5319,3,0,18 19 20,1,100,,5320,3,0,18 19 20,1,100,,5316,3,0,18 19 20,1,100,,5324,3,0,18 19 20,1,100,,5338,3,0,18 19 20,1,100,,390,3,0,18 19 20,1,100,,5343,3,0,18 19 20,1,100,,5317,3,0,18 19 20,1,100,,5331,3,0,18 19 20,1,100,,5347,3,0,18 19 20,1
11300,'18',618,,5372,3,0,18 19 20,1,100,,5357,3,0,18 19 20,1,100,,5383,3,0,18 19 20,1,100,,5354,3,0,18 19 20,1,100,,5355,3,0,18 19 20,1,100,,5350,3,0,18 19 20,1,100,,5359,3,0,18 19 20,1,100,,5377,3,0,18 19 20,1,100,,5367,3,0,18 19 20,1,100,,5382,3,0,18 19 20,1,100,,5351,3,0,18 19 20,1,100,,5368,3,0,18 19 20,1,100,,5386,3,0,18 19 20,1
11300,'20',618,,5401,3,0,18 19 20,1,100,,5394,3,0,18 19 20,1,100,,5415,3,0,18 19 20,1,100,,5391,3,0,18 19 20,1,100,,5392,3,0,18 19 20,1,100,,5389,3,0,18 19 20,1,100,,1908,3,0,18 19 20,1,100,,5409,3,0,18 19 20,1,100,,5407,3,0,18 19 20,1,100,,5400,3,0,18 19 20,1,100,,5405,3,0,18 19 20,1,100,,5404,3,0,18 19 20,1,100,,2442,3,0,18 19 20,1
11300,'8',618,,5436,3,0,18 19 20,1,100,,5425,3,0,18 19 20,1,100,,5454,3,0,18 19 20,1,100,,5422,3,0,18 19 20,1,100,,5423,3,0,18 19 20,1,100,,5420,3,0,18 19 20,1,100,,5431,3,0,18 19 20,1,100,,5447,3,0,18 19 20,1,100,,5444,3,0,18 19 20,1,100,,5434,3,0,18 19 20,1,100,,5442,3,0,18 19 20,1,100,,5440,3,0,18 19 20,1,100,,5429,3,0,18 19 20,1
21300,'11',718,,1839,3,,,1,100,,7664,3,,,1,100,,7674,3,,,1,100,,7672,3,,,1,100,,7668,3,,,1,100,,7666,3,,,1,100,,7667,3,,,1,100,,7669,3,,,1,100,,7663,3,,,1,100,,7673,3,,,1,100,,7671,3,,,1,100,,7665,3,,,1,100,,7670,3,,,1
21300,'14',1918,,7676,3,,,1,100,,7677,3,,,1,100,,7675,3,,,1,100,,2747,3,,,1
21300,'18',1918,,7680,3,,,1,100,,7681,3,,,1,100,,7679,3,,,1,100,,7678,3,,,1
21300,'20',1918,,7683,3,,,1,100,,7684,3,,,1,100,,7682,3,,,1,100,,2665,3,,,1
21300,'4',718,,7688,3,,,1,100,,7686,3,,,1,100,,7697,3,,,1,100,,7695,3,,,1,100,,7691,3,,,1,100,,7689,3,,,1,100,,7690,3,,,1,100,,7692,3,,,1,100,,7685,3,,,1,100,,7696,3,,,1,100,,7694,3,,,1,100,,7687,3,,,1,100,,7693,3,,,1
21300,'8',1918,,7700,3,,,1,100,,7701,3,,,1,100,,7699,3,,,1,100,,7698,3,,,1
