11601,'14',614,,6042,13,0,9 3 10 16,1,30,,6019,13,0,9 3 10 16,1,70,,6021,13,0,9 3 10 16,1,30,,6051,13,0,9 3 10 16,1,70,,6043,13,0,9 3 10 16,1,30,,262,13,0,9 3 10 16,1,70,,6018,13,0,9 3 10 16,1,30,,6035,13,0,9 3 10 16,1,70,,6027,13,0,9 3 10 16,1,30,,6053,13,0,9 3 10 16,1,70,,6047,13,0,9 3 10 16,1,30,,6046,13,0,9 3 10 16,1,70,,6024,13,0,9 3 10 16,1,30,,6031,13,0,9 3 10 16,1,70,,6044,13,0,9 3 10 16,1,30,,1209,13,0,9 3 10 16,1,70,,6020,13,0,9 3 10 16,1,30,,6032,13,0,9 3 10 16,1,70,,6052,13,0,9 3 10 16,1,30,,6040,13,0,9 3 10 16,1,70,,6034,13,0,9 3 10 16,1,30,,6033,13,0,9 3 10 16,1,70,,6026,13,0,9 3 10 16,1,30,,6025,13,0,9 3 10 16,1
11601,'18',614,,6089,13,0,9 3 10 16,1,30,,6062,13,0,9 3 10 16,1,70,,6064,13,0,9 3 10 16,1,30,,6099,13,0,9 3 10 16,1,70,,6090,13,0,9 3 10 16,1,30,,6092,13,0,9 3 10 16,1,70,,6061,13,0,9 3 10 16,1,30,,6081,13,0,9 3 10 16,1,70,,6071,13,0,9 3 10 16,1,30,,6101,13,0,9 3 10 16,1,70,,6095,13,0,9 3 10 16,1,30,,6094,13,0,9 3 10 16,1,70,,6068,13,0,9 3 10 16,1,30,,6076,13,0,9 3 10 16,1,70,,6091,13,0,9 3 10 16,1,30,,6067,13,0,9 3 10 16,1,70,,6063,13,0,9 3 10 16,1,30,,6077,13,0,9 3 10 16,1,70,,6100,13,0,9 3 10 16,1,30,,6087,13,0,9 3 10 16,1,70,,6080,13,0,9 3 10 16,1,30,,6078,13,0,9 3 10 16,1,70,,6070,13,0,9 3 10 16,1,30,,6069,13,0,9 3 10 16,1
11601,'20',614,,6132,13,0,9 3 10 16,1,30,,6109,13,0,9 3 10 16,1,70,,6111,13,0,9 3 10 16,1,30,,6141,13,0,9 3 10 16,1,70,,6133,13,0,9 3 10 16,1,30,,242,13,0,9 3 10 16,1,70,,6108,13,0,9 3 10 16,1,30,,6124,13,0,9 3 10 16,1,70,,6118,13,0,9 3 10 16,1,30,,6143,13,0,9 3 10 16,1,70,,6137,13,0,9 3 10 16,1,30,,6136,13,0,9 3 10 16,1,70,,6115,13,0,9 3 10 16,1,30,,6121,13,0,9 3 10 16,1,70,,6134,13,0,9 3 10 16,1,30,,6114,13,0,9 3 10 16,1,70,,6110,13,0,9 3 10 16,1,30,,1189,13,0,9 3 10 16,1,70,,6142,13,0,9 3 10 16,1,30,,6130,13,0,9 3 10 16,1,70,,6123,13,0,9 3 10 16,1,30,,6122,13,0,9 3 10 16,1,70,,6117,13,0,9 3 10 16,1,30,,6116,13,0,9 3 10 16,1
11601,'8',614,,6179,13,0,9 3 10 16,1,30,,6152,13,0,9 3 10 16,1,70,,6154,13,0,9 3 10 16,1,30,,6189,13,0,9 3 10 16,1,70,,6180,13,0,9 3 10 16,1,30,,6182,13,0,9 3 10 16,1,70,,6151,13,0,9 3 10 16,1,30,,6171,13,0,9 3 10 16,1,70,,6161,13,0,9 3 10 16,1,30,,6191,13,0,9 3 10 16,1,70,,6185,13,0,9 3 10 16,1,30,,6184,13,0,9 3 10 16,1,70,,6158,13,0,9 3 10 16,1,30,,6166,13,0,9 3 10 16,1,70,,6181,13,0,9 3 10 16,1,30,,6157,13,0,9 3 10 16,1,70,,6153,13,0,9 3 10 16,1,30,,6167,13,0,9 3 10 16,1,70,,6190,13,0,9 3 10 16,1,30,,6177,13,0,9 3 10 16,1,70,,6170,13,0,9 3 10 16,1,30,,6168,13,0,9 3 10 16,1,70,,6160,13,0,9 3 10 16,1,30,,6159,13,0,9 3 10 16,1
21601,'11',644,,8171,13,0,9 3 10 16,1,70,,8153,13,0,9 3 10 16,1,30,,8160,13,0,9 3 10 16,1,70,,8148,13,0,9 3 10 16,1,30,,8155,13,0,9 3 10 16,1,70,,8173,13,0,9 3 10 16,1,30,,8147,13,0,9 3 10 16,1,70,,8150,13,0,9 3 10 16,1,30,,8125,13,0,9 3 10 16,1,70,,8169,13,0,9 3 10 16,1,30,,8143,13,0,9 3 10 16,1,70,,8158,13,0,9 3 10 16,1,30,,8165,13,0,9 3 10 16,1,70,,8178,13,0,9 3 10 16,1,30,,8170,13,0,9 3 10 16,1,70,,8167,13,0,9 3 10 16,1,30,,8137,13,0,9 3 10 16,1,70,,8152,13,0,9 3 10 16,1,30,,8133,13,0,9 3 10 16,1,70,,8142,13,0,9 3 10 16,1,30,,8151,13,0,9 3 10 16,1,70,,8132,13,0,9 3 10 16,1,30,,8177,13,0,9 3 10 16,1,70,,8145,13,0,9 3 10 16,1,30,,8179,13,0,9 3 10 16,1,70,,2575,13,0,9 3 10 16,1,30,,8130,13,0,9 3 10 16,1,70,,8140,13,0,9 3 10 16,1,30,,8164,13,0,9 3 10 16,1
21601,'14',1814,,8184,13,0,9 3 10 16,1,30,,8196,13,0,9 3 10 16,1,70,,8189,13,0,9 3 10 16,1,30,,8186,13,0,9 3 10 16,1,70,,1655,13,0,9 3 10 16,1,30,,8187,13,0,9 3 10 16,1,70,,8198,13,0,9 3 10 16,1,30,,8192,13,0,9 3 10 16,1,70,,8194,13,0,9 3 10 16,1,30,,8181,13,0,9 3 10 16,1,70,,8195,13,0,9 3 10 16,1
21601,'18',1814,,8205,13,0,9 3 10 16,1,30,,8218,13,0,9 3 10 16,1,70,,8210,13,0,9 3 10 16,1,30,,8207,13,0,9 3 10 16,1,70,,8215,13,0,9 3 10 16,1,30,,8208,13,0,9 3 10 16,1,70,,8220,13,0,9 3 10 16,1,30,,8213,13,0,9 3 10 16,1,70,,8216,13,0,9 3 10 16,1,30,,8202,13,0,9 3 10 16,1,70,,8217,13,0,9 3 10 16,1
21601,'20',1814,,8226,13,0,9 3 10 16,1,30,,8238,13,0,9 3 10 16,1,70,,8231,13,0,9 3 10 16,1,30,,8228,13,0,9 3 10 16,1,70,,1609,13,0,9 3 10 16,1,30,,8229,13,0,9 3 10 16,1,70,,8240,13,0,9 3 10 16,1,30,,8234,13,0,9 3 10 16,1,70,,8236,13,0,9 3 10 16,1,30,,8223,13,0,9 3 10 16,1,70,,8237,13,0,9 3 10 16,1
21601,'4',644,,8291,13,0,9 3 10 16,1,70,,8273,13,0,9 3 10 16,1,30,,8280,13,0,9 3 10 16,1,70,,8267,13,0,9 3 10 16,1,30,,8275,13,0,9 3 10 16,1,70,,8293,13,0,9 3 10 16,1,30,,8266,13,0,9 3 10 16,1,70,,8270,13,0,9 3 10 16,1,30,,8244,13,0,9 3 10 16,1,70,,8289,13,0,9 3 10 16,1,30,,8262,13,0,9 3 10 16,1,70,,8278,13,0,9 3 10 16,1,30,,8285,13,0,9 3 10 16,1,70,,8298,13,0,9 3 10 16,1,30,,8290,13,0,9 3 10 16,1,70,,8287,13,0,9 3 10 16,1,30,,8256,13,0,9 3 10 16,1,70,,8272,13,0,9 3 10 16,1,30,,8252,13,0,9 3 10 16,1,70,,8261,13,0,9 3 10 16,1,30,,8271,13,0,9 3 10 16,1,70,,8251,13,0,9 3 10 16,1,30,,8297,13,0,9 3 10 16,1,70,,8264,13,0,9 3 10 16,1,30,,8299,13,0,9 3 10 16,1,70,,8268,13,0,9 3 10 16,1,30,,8249,13,0,9 3 10 16,1,70,,8259,13,0,9 3 10 16,1,30,,8284,13,0,9 3 10 16,1
21601,'8',1814,,8305,13,0,9 3 10 16,1,30,,8318,13,0,9 3 10 16,1,70,,8310,13,0,9 3 10 16,1,30,,8307,13,0,9 3 10 16,1,70,,8315,13,0,9 3 10 16,1,30,,8308,13,0,9 3 10 16,1,70,,8320,13,0,9 3 10 16,1,30,,8313,13,0,9 3 10 16,1,70,,8316,13,0,9 3 10 16,1,30,,8302,13,0,9 3 10 16,1,70,,8317,13,0,9 3 10 16,1
