11401,'14',649,,5669,25,,,1,100,,5671,25,,,1,100,,5668,25,,,1,100,,5665,25,,,1,100,,5670,25,,,1,100,,1845,25,,,1,100,,5666,25,,,1,100,,5664,25,,,1,100,,5663,25,,,1,100,,5667,25,,,1,100,,5672,25,,,1,100,,5662,25,,,1
11401,'18',649,,5681,25,,,1,100,,5683,25,,,1,100,,5680,25,,,1,100,,5677,25,,,1,100,,5682,25,,,1,100,,5673,25,,,1,100,,5678,25,,,1,100,,5676,25,,,1,100,,5675,25,,,1,100,,5679,25,,,1,100,,5684,25,,,1,100,,5674,25,,,1
11401,'20',649,,5692,25,,,1,100,,5694,25,,,1,100,,5691,25,,,1,100,,5688,25,,,1,100,,5693,25,,,1,100,,1806,25,,,1,100,,5689,25,,,1,100,,5687,25,,,1,100,,5686,25,,,1,100,,5690,25,,,1,100,,5695,25,,,1,100,,5685,25,,,1
11401,'8',649,,5704,25,,,1,100,,5706,25,,,1,100,,5703,25,,,1,100,,5700,25,,,1,100,,5705,25,,,1,100,,5696,25,,,1,100,,5701,25,,,1,100,,5699,25,,,1,100,,5698,25,,,1,100,,5702,25,,,1,100,,5707,25,,,1,100,,5697,25,,,1
21401,'11',749,,7872,31,,,1,100,,7880,31,,,1,100,,7876,31,,,1,100,,7871,31,,,1,100,,7873,31,,,1,100,,7879,31,,,1,100,,7878,31,,,1,100,,7869,31,,,1,100,,7875,31,,,1,100,,7868,31,,,1,100,,7877,31,,,1,100,,7874,31,,,1,100,,7870,31,,,1
21401,'14',1849,,7885,31,,,1,100,,7883,31,,,1,100,,7881,31,,,1,100,,7884,31,,,1,100,,7882,31,,,1
21401,'18',1849,,7890,31,,,1,100,,7888,31,,,1,100,,7886,31,,,1,100,,7889,31,,,1,100,,7887,31,,,1
21401,'20',1849,,7893,31,,,1,100,,81,31,,,1,100,,7891,31,,,1,100,,7892,31,,,1,100,,7894,31,,,1
21401,'4',749,,7899,31,,,1,100,,7907,31,,,1,100,,7903,31,,,1,100,,7898,31,,,1,100,,7900,31,,,1,100,,7906,31,,,1,100,,7905,31,,,1,100,,7896,31,,,1,100,,7902,31,,,1,100,,7895,31,,,1,100,,7904,31,,,1,100,,7901,31,,,1,100,,7897,31,,,1
21401,'8',1849,,7911,31,,,1,100,,7909,31,,,1,100,,7908,31,,,1,100,,7910,31,,,1,100,,7912,31,,,1
