10601,'12',600,,9166,11,,,1,100,,9177,11,,,1,30,,9172,11,,,1,70,,9178,11,,,1,30,,9175,11,,,1,70,,9162,11,,,1,31,,9171,11,4,,1,69,,4862,11,,,1,100,,9164,11,,,1,100,,9163,11,,,1,100,,9173,11,,,1,100,,9179,11,,,1,30,,9180,11,,,1,70,,9170,11,,,1,30,,9174,11,,,1,70,,9167,11,,,1,30,,9169,11,,,1,70,,9168,11,,,1,30,,9165,11,,,1,70,,9176,11,,,1
10601,'5',600,,9185,11,,,1,100,,9197,11,,,1,30,,9192,11,,,1,70,,9198,11,,,1,30,,9195,11,,,1,70,,9181,11,,,1,31,,9191,11,4,,1,69,,9186,11,,,1,100,,9183,11,,,1,100,,9182,11,,,1,100,,9193,11,,,1,100,,9199,11,,,1,30,,9200,11,,,1,70,,9190,11,,,1,30,,9194,11,,,1,70,,9187,11,,,1,30,,9189,11,,,1,70,,9188,11,,,1,30,,9184,11,,,1,70,,9196,11,,,1
10601,'9',600,,9205,11,,,1,100,,9216,11,,,1,30,,9211,11,,,1,70,,9217,11,,,1,30,,9214,11,,,1,70,,9201,11,,,1,31,,9210,11,4,,1,69,,4816,11,,,1,100,,9203,11,,,1,100,,9202,11,,,1,100,,9212,11,,,1,100,,9218,11,,,1,30,,9219,11,,,1,70,,9209,11,,,1,30,,9213,11,,,1,70,,9206,11,,,1,30,,9208,11,,,1,70,,9207,11,,,1,30,,9204,11,,,1,70,,9215,11,,,1
11201,'12',715,,10048,13,4,,1,100,,10055,13,4,,1,100,,10064,13,4,,1,100,,10061,13,4,,1,100,,10051,13,4,,1,100,,10060,13,4,,1,100,,10046,13,4,,1,100,,10045,13,4,,1,100,,10057,13,4,,1,100,,4735,13,4,,1,100,,10056,13,4,,1
11201,'5',715,,10076,13,4,,1,100,,10069,13,4,,1,100,,10070,13,4,,1,100,,10079,13,4,,1,100,,10072,13,4,,1,100,,10083,13,4,,1,100,,10067,13,4,,1,100,,10066,13,4,,1,100,,10080,13,4,,1,100,,10078,13,4,,1,100,,10077,13,4,,1
11201,'9',715,,10097,13,4,,1,100,,10108,13,4,,1,100,,10094,13,4,,1,100,,10099,13,4,,1,100,,10093,13,4,,1,100,,10104,13,4,,1,100,,10089,13,4,,1,100,,10088,13,4,,1,100,,10101,13,4,,1,100,,4644,13,4,,1,100,,10098,13,4,,1
20601,'12',1829,,6564,11,4,,1,1,,11178,1,,,1,29,,3428,11,4,,1,41,,11175,1,,,1,29,,4279,11,4,,1,1,,11181,1,,,1,29,,3725,11,4,,1,41,,11183,1,,,1,29,,11174,11,4,,1,1,,11179,1,,,1,29,,11180,11,4,,1,41,,11172,1,,,1,29,,11171,11,4,,1,1,,11182,1,,,1,29,,11176,11,4,,1,41,,11177,1,,,1,29,,11173,11,4,,1,1,,5642,1,,,1,29,,3876,11,4,,1,41,,11170,1,,,1
20601,'5',1829,,11201,11,4,,1,1,,11195,1,,,1,29,,11198,11,4,,1,41,,11192,1,,,1,29,,11196,11,4,,1,1,,11188,1,,,1,29,,11187,11,4,,1,41,,11203,1,,,1,29,,11191,11,4,,1,1,,11197,1,,,1,29,,11199,11,4,,1,41,,11186,1,,,1,29,,11185,11,4,,1,1,,11202,1,,,1,29,,11193,11,4,,1,41,,11194,1,,,1,29,,11190,11,4,,1,1,,11200,1,,,1,29,,11189,11,4,,1,41,,11184,1,,,1
20601,'7',659,,11223,11,4,,1,41,,11205,1,,,1,29,,7731,11,4,,1,1,,11220,1,,,1,29,,11206,11,4,,1,41,,11236,1,,,1,29,,11251,11,4,,1,1,,11246,1,,,1,29,,11226,11,4,,1,41,,11208,1,,,1,29,,11222,11,4,,1,1,,11238,1,,,1,29,,7943,11,4,,1,41,,11207,1,,,1,29,,11253,11,4,,1,1,,11210,1,,,1,29,,6383,11,4,,1,41,,11219,1,,,1,29,,11233,11,4,,1,1,,11227,1,,,1,29,,11217,11,4,,1,41,,11242,1,,,1,29,,11211,11,4,,1,1,,11214,1,,,1,29,,11221,11,4,,1,41,,11232,1,,,1,29,,11241,11,4,,1,1,,11245,1,,,1,29,,11249,11,4,,1,41,,11252,1,,,1,29,,11225,11,4,,1,1,,11228,1,,,1,29,,11229,11,4,,1,41,,2642,1,,,1,29,,11237,11,4,,1,1,,11215,1,,,1,29,,11234,11,4,,1,41,,11244,1,,,1,29,,11235,11,4,,1,1,,7830,1,,,1,29,,11218,11,4,,1,41,,11247,1,,,1,29,,11213,11,4,,1,1,,11216,1,,,1,29,,11248,11,4,,1,41,,11230,1,,,1,29,,11212,11,4,,1,1,,11209,1,,,1,29,,6919,11,4,,1,41,,11250,1,,,1,29,,11239,11,4,,1,1,,11231,1,,,1,29,,11224,11,4,,1,41,,11204,1,,,1,29,,11240,11,4,,1,1,,11243,1,,,1
20601,'9',1829,,6528,11,4,,1,1,,11263,1,,,1,29,,3380,11,4,,1,41,,11260,1,,,1,29,,11264,11,4,,1,1,,11257,1,,,1,29,,3652,11,4,,1,41,,11268,1,,,1,29,,11259,11,4,,1,1,,11265,1,,,1,29,,11266,11,4,,1,41,,11256,1,,,1,29,,11255,11,4,,1,1,,11267,1,,,1,29,,11261,11,4,,1,41,,11262,1,,,1,29,,11258,11,4,,1,1,,5619,1,,,1,29,,3802,11,4,,1,41,,11254,1,,,1
