11400,'14',634,,5615,10,,,1,100,,5616,10,,,1,100,,5620,10,,,1,100,,5617,10,,,1,100,,5619,10,,,1,100,,5618,10,,,1,100,,5624,10,,,1,100,,5623,10,,,1,100,,5626,10,,,1,100,,5621,10,,,1,100,,5625,10,,,1,100,,5622,10,,,1
11400,'18',634,,5627,10,,,1,100,,5628,10,,,1,100,,5632,10,,,1,100,,5629,10,,,1,100,,5631,10,,,1,100,,5630,10,,,1,100,,5636,10,,,1,100,,5635,10,,,1,100,,5638,10,,,1,100,,5633,10,,,1,100,,5637,10,,,1,100,,5634,10,,,1
11400,'20',634,,5639,10,,,1,100,,5640,10,,,1,100,,5643,10,,,1,100,,5641,10,,,1,100,,5642,10,,,1,100,,1137,10,,,1,100,,5647,10,,,1,100,,5646,10,,,1,100,,5649,10,,,1,100,,5644,10,,,1,100,,5648,10,,,1,100,,5645,10,,,1
11400,'8',634,,5650,10,,,1,100,,5651,10,,,1,100,,5655,10,,,1,100,,5652,10,,,1,100,,5654,10,,,1,100,,5653,10,,,1,100,,5659,10,,,1,100,,5658,10,,,1,100,,5661,10,,,1,100,,5656,10,,,1,100,,5660,10,,,1,100,,5657,10,,,1
21400,'11',734,,7830,10,,,1,100,,7826,10,,,1,100,,7835,10,,,1,100,,7823,10,,,1,100,,7829,10,,,1,100,,7827,10,,,1,100,,7833,10,,,1,100,,7824,10,,,1,100,,7832,10,,,1,100,,7831,10,,,1,100,,7834,10,,,1,100,,7825,10,,,1,100,,7828,10,,,1
21400,'14',1834,,7839,10,,,1,100,,7836,10,,,1,100,,7840,10,,,1,100,,7838,10,,,1,100,,7837,10,,,1
21400,'18',1834,,7844,10,,,1,100,,7841,10,,,1,100,,7845,10,,,1,100,,7843,10,,,1,100,,7842,10,,,1
21400,'20',1834,,7848,10,,,1,100,,7847,10,,,1,100,,7846,10,,,1,100,,7849,10,,,1,100,,339,10,,,1
21400,'4',734,,7857,10,,,1,100,,7853,10,,,1,100,,7862,10,,,1,100,,7850,10,,,1,100,,7856,10,,,1,100,,7854,10,,,1,100,,7860,10,,,1,100,,7851,10,,,1,100,,7859,10,,,1,100,,7858,10,,,1,100,,7861,10,,,1,100,,7852,10,,,1,100,,7855,10,,,1
21400,'8',1834,,7866,10,,,1,100,,7865,10,,,1,100,,7863,10,,,1,100,,7867,10,,,1,100,,7864,10,,,1
