10901,'12',610,,9657,2,,,1,100,,9647,2,,,1,100,,9619,2,,,1,100,,9646,2,,,1,100,,9628,2,,,1,100,,9624,2,,,1,100,,9622,2,,,1,100,,9639,2,,,1,100,,9629,2,,,1,100,,9638,2,,,1,100,,9650,2,,,1,100,,969,2,,,1
10901,'5',610,,9705,2,,,1,100,,9691,2,,,1,100,,9662,2,,,1,100,,9690,2,,,1,100,,9672,2,,,1,100,,9668,2,,,1,100,,9666,2,,,1,100,,9683,2,,,1,100,,9673,2,,,1,100,,9682,2,,,1,100,,9694,2,,,1,100,,9704,2,,,1
10901,'9',610,,9748,2,,,1,100,,9738,2,,,1,100,,9709,2,,,1,100,,9737,2,,,1,100,,9719,2,,,1,100,,9715,2,,,1,100,,9713,2,,,1,100,,9730,2,,,1,100,,9720,2,,,1,100,,9729,2,,,1,100,,9741,2,,,1,100,,1017,2,,,1
11300,'12',640,,10109,2,,,1,100,,4965,2,,,1,100,,10138,2,,,1,100,,4271,2,,,1,100,,10115,2,,,1,100,,10113,2,,,1,100,,10128,2,,,1,100,,10114,2,,,1,100,,10134,2,,,1,100,,10132,2,,,1,100,,10140,2,,,1,100,,10129,2,,,1,100,,10135,2,,,1
11300,'5',640,,10145,2,,,1,100,,10176,2,,,1,100,,10178,2,,,1,100,,10147,2,,,1,100,,10157,2,,,1,100,,10149,2,,,1,100,,10154,2,,,1,100,,10152,2,,,1,100,,10155,2,,,1,100,,10144,2,,,1,100,,10175,2,,,1,100,,10172,2,,,1,100,,10171,2,,,1
11300,'9',640,,10184,2,,,1,100,,4917,2,,,1,100,,10210,2,,,1,100,,4154,2,,,1,100,,10190,2,,,1,100,,10186,2,,,1,100,,10206,2,,,1,100,,10187,2,,,1,100,,4395,2,,,1,100,,10183,2,,,1,100,,10215,2,,,1,100,,10205,2,,,1,100,,7177,2,,,1
20901,'12',1810,,11304,2,,,1,100,,11301,2,,,1,100,,11296,2,,,1,100,,11306,2,,,1,100,,11292,2,,,1
20901,'5',1810,,11321,2,,,1,100,,11319,2,,,1,100,,11314,2,,,1,100,,11316,2,,,1,100,,11320,2,,,1
20901,'7',710,,11345,2,,,1,100,,11378,2,,,1,100,,11360,2,,,1,100,,11346,2,,,1,100,,11340,2,,,1,100,,11347,2,,,1,100,,11332,2,,,1,100,,11338,2,,,1,100,,11337,2,,,1,100,,11362,2,,,1,100,,11363,2,,,1,100,,11376,2,,,1,100,,11367,2,,,1,100,,11341,2,,,1
20901,'9',1810,,1216,2,,,1,100,,11394,2,,,1,100,,11395,2,,,1,100,,11392,2,,,1,100,,11386,2,,,1
