10300,'14',638,,3233,13,,,1,100,,3230,13,,,1,70,,3227,13,,,1,30,,3235,13,,,1,70,,3229,13,,,1,30,,3232,13,,,1,70,,3222,13,,,1,30,,772,13,,,1,100,,1550,13,,,1,100,,3220,13,,,1,100,,3221,13,,,1,100,,3228,13,,,1,100,,3234,13,,,1,70,,3224,13,,,1,30,,3223,13,,,1,70,,3231,13,,,1,30,,3225,13,,,1,70,,3226,13,,,1,30,,1471,13,,,1
10300,'18',638,,3252,13,,,1,100,,3249,13,,,1,70,,3245,13,,,1,30,,3254,13,,,1,70,,3248,13,,,1,30,,3251,13,,,1,70,,3238,13,,,1,30,,3246,13,,,1,100,,3242,13,,,1,100,,3236,13,,,1,100,,3237,13,,,1,100,,3247,13,,,1,100,,3253,13,,,1,70,,3240,13,,,1,30,,3239,13,,,1,70,,3250,13,,,1,30,,3241,13,,,1,70,,3243,13,,,1,30,,3244,13,,,1
10300,'20',638,,3268,13,,,1,100,,3265,13,,,1,70,,3258,13,,,1,30,,3270,13,,,1,70,,3262,13,,,1,30,,3267,13,,,1,70,,3263,13,,,1,30,,712,13,,,1,100,,1514,13,,,1,100,,3255,13,,,1,100,,3256,13,,,1,100,,3264,13,,,1,100,,3269,13,,,1,70,,3259,13,,,1,30,,3257,13,,,1,70,,3266,13,,,1,30,,3260,13,,,1,70,,3261,13,,,1,30,,1459,13,,,1
10300,'8',638,,3287,13,,,1,100,,3284,13,,,1,70,,3274,13,,,1,30,,3289,13,,,1,70,,3280,13,,,1,30,,3286,13,,,1,70,,3282,13,,,1,30,,3281,13,,,1,100,,3277,13,,,1,100,,3271,13,,,1,100,,3272,13,,,1,100,,3283,13,,,1,100,,3288,13,,,1,70,,3275,13,,,1,30,,3273,13,,,1,70,,3285,13,,,1,30,,3276,13,,,1,70,,3278,13,,,1,30,,3279,13,,,1
20300,'11',740,,6213,21,,,1,70,,6203,21,,,1,30,,2599,21,,,1,70,,6204,21,,,1,30,,6214,21,,,1,70,,6208,21,,,1,30,,6218,21,,,1,70,,1827,21,,,1,30,,6216,21,,,1,70,,6211,21,,,1,30,,6205,21,,,1,70,,6200,21,,,1,30,,6209,21,,,1,70,,6199,21,,,1,30,,6215,21,,,1,70,,6212,21,,,1,30,,6198,21,,,1,70,,6197,21,,,1,30,,6195,21,,,1,70,,6210,21,,,1,30,,6202,21,,,1,70,,6201,21,,,1,30,,6206,21,,,1,70,,6207,21,,,1,30,,6217,21,,,1,70,,6196,21,,,1,30,,6194,21,,,1
20300,'14',1910,,6223,21,,,1,30,,6225,21,,,1,70,,6219,21,,,1,30,,6220,21,,,1,70,,2607,21,,,1,30,,6226,21,,,1,70,,6222,21,,,1,30,,6224,21,,,1,70,,6221,21,,,1
20300,'18',1910,,6231,21,,,1,30,,6234,21,,,1,70,,6227,21,,,1,30,,6228,21,,,1,70,,6232,21,,,1,30,,6235,21,,,1,70,,6230,21,,,1,30,,6233,21,,,1,70,,6229,21,,,1
20300,'20',1910,,6240,21,,,1,30,,6242,21,,,1,70,,6236,21,,,1,30,,6237,21,,,1,70,,2556,21,,,1,30,,6243,21,,,1,70,,6239,21,,,1,30,,6241,21,,,1,70,,6238,21,,,1
20300,'4',740,,6264,21,,,1,70,,6254,21,,,1,30,,6267,21,,,1,70,,6255,21,,,1,30,,6265,21,,,1,70,,6259,21,,,1,30,,6270,21,,,1,70,,6249,21,,,1,30,,6268,21,,,1,70,,6262,21,,,1,30,,6256,21,,,1,70,,6251,21,,,1,30,,6260,21,,,1,70,,6250,21,,,1,30,,6266,21,,,1,70,,6263,21,,,1,30,,6248,21,,,1,70,,6247,21,,,1,30,,6245,21,,,1,70,,6261,21,,,1,30,,6253,21,,,1,70,,6252,21,,,1,30,,6257,21,,,1,70,,6258,21,,,1,30,,6269,21,,,1,70,,6246,21,,,1,30,,6244,21,,,1
20300,'8',1910,,6275,21,,,1,30,,6278,21,,,1,70,,6271,21,,,1,30,,6272,21,,,1,70,,6276,21,,,1,30,,6279,21,,,1,70,,6274,21,,,1,30,,6277,21,,,1,70,,6273,21,,,1
