10901,'14',610,,4641,3,,,1,100,,4674,3,,,1,100,,4661,3,,,1,100,,4649,3,,,1,100,,994,3,,,1,100,,4647,3,,,1,100,,4638,3,,,1,100,,4668,3,,,1,100,,4644,3,,,1,100,,4651,3,,,1,100,,383,3,,,1,100,,4656,3,,,1
10901,'18',610,,4687,3,,,1,100,,4722,3,,,1,100,,4709,3,,,1,100,,4697,3,,,1,100,,4695,3,,,1,100,,4693,3,,,1,100,,4682,3,,,1,100,,4716,3,,,1,100,,4690,3,,,1,100,,4699,3,,,1,100,,4685,3,,,1,100,,4704,3,,,1
10901,'20',610,,4732,3,,,1,100,,4765,3,,,1,100,,4752,3,,,1,100,,4740,3,,,1,100,,946,3,,,1,100,,4738,3,,,1,100,,4729,3,,,1,100,,4759,3,,,1,100,,4735,3,,,1,100,,4742,3,,,1,100,,333,3,,,1,100,,4747,3,,,1
10901,'8',610,,4778,3,,,1,100,,4813,3,,,1,100,,4800,3,,,1,100,,4788,3,,,1,100,,4786,3,,,1,100,,4784,3,,,1,100,,4773,3,,,1,100,,4807,3,,,1,100,,4781,3,,,1,100,,4790,3,,,1,100,,4776,3,,,1,100,,4795,3,,,1
11300,'14',640,,5339,3,,,1,100,,5321,3,,,1,100,,5342,3,,,1,100,,5318,3,,,1,100,,5325,3,,,1,100,,2436,3,,,1,100,,5328,3,,,1,100,,5326,3,,,1,100,,5330,3,,,1,100,,5333,3,,,1,100,,5332,3,,,1,100,,5329,3,,,1,100,,5348,3,,,1
11300,'18',640,,5378,3,,,1,100,,5356,3,,,1,100,,5381,3,,,1,100,,5353,3,,,1,100,,5360,3,,,1,100,,5376,3,,,1,100,,5363,3,,,1,100,,5361,3,,,1,100,,5366,3,,,1,100,,5371,3,,,1,100,,5369,3,,,1,100,,5364,3,,,1,100,,5387,3,,,1
11300,'20',640,,5410,3,,,1,100,,5393,3,,,1,100,,5412,3,,,1,100,,5390,3,,,1,100,,5396,3,,,1,100,,2398,3,,,1,100,,5413,3,,,1,100,,5398,3,,,1,100,,5408,3,,,1,100,,1912,3,,,1,100,,962,3,,,1,100,,1393,3,,,1,100,,5406,3,,,1
11300,'8',640,,5449,3,,,1,100,,5424,3,,,1,100,,5451,3,,,1,100,,5421,3,,,1,100,,5427,3,,,1,100,,5441,3,,,1,100,,5452,3,,,1,100,,5430,3,,,1,100,,5446,3,,,1,100,,5435,3,,,1,100,,5448,3,,,1,100,,5439,3,,,1,100,,5443,3,,,1
20901,'11',710,,7151,3,,,1,100,,7162,3,,,1,100,,7130,3,,,1,100,,7166,3,,,1,100,,7152,3,,,1,100,,7161,3,,,1,100,,7172,3,,,1,100,,7131,3,,,1,100,,7142,3,,,1,100,,1866,3,,,1,100,,7159,3,,,1,100,,7139,3,,,1,100,,7126,3,,,1,100,,7149,3,,,1
20901,'14',1810,,465,3,,,1,100,,7181,3,,,1,100,,7180,3,,,1,100,,7189,3,,,1,100,,7191,3,,,1
20901,'18',1810,,7200,3,,,1,100,,7199,3,,,1,100,,7198,3,,,1,100,,7209,3,,,1,100,,7211,3,,,1
20901,'20',1810,,427,3,,,1,100,,7220,3,,,1,100,,7215,3,,,1,100,,7223,3,,,1,100,,7218,3,,,1
20901,'4',710,,7261,3,,,1,100,,7272,3,,,1,100,,7238,3,,,1,100,,7276,3,,,1,100,,7262,3,,,1,100,,7271,3,,,1,100,,7282,3,,,1,100,,7239,3,,,1,100,,7251,3,,,1,100,,7233,3,,,1,100,,7269,3,,,1,100,,7248,3,,,1,100,,7232,3,,,1,100,,7258,3,,,1
20901,'8',1810,,7293,3,,,1,100,,7292,3,,,1,100,,7287,3,,,1,100,,7296,3,,,1,100,,7290,3,,,1
