10100,'14',707,,2603,13,,,1,30,,2868,13,,,1,70,,1656,13,,,1,30,,2872,13,,,1,70,,2869,13,,,1,30,,2880,13,,,1,70,,2878,13,,,1,100,,2873,13,,,1,100,,2881,13,,,1,100,,2877,13,,,1,100,,2876,13,,,1,100,,2867,13,,,1,30,,2875,13,,,1,70,,2879,13,,,1,30,,2882,13,,,1,70,,2870,13,,,1,30,,2871,13,,,1,70,,2874,13,,,1
10100,'18',707,,2890,13,,,1,30,,2884,13,,,1,70,,2895,13,,,1,30,,2888,13,,,1,70,,2885,13,,,1,30,,2898,13,,,1,70,,2896,13,,,1,100,,2889,13,,,1,100,,2899,13,,,1,100,,2894,13,,,1,100,,2893,13,,,1,100,,2883,13,,,1,30,,2892,13,,,1,70,,2897,13,,,1,30,,2900,13,,,1,70,,2886,13,,,1,30,,2887,13,,,1,70,,2891,13,,,1
10100,'20',707,,2552,13,,,1,30,,2902,13,,,1,70,,1610,13,,,1,30,,2906,13,,,1,70,,2903,13,,,1,30,,2914,13,,,1,70,,2912,13,,,1,100,,2907,13,,,1,100,,2915,13,,,1,100,,2911,13,,,1,100,,2910,13,,,1,100,,2901,13,,,1,30,,2909,13,,,1,70,,2913,13,,,1,30,,2916,13,,,1,70,,2904,13,,,1,30,,2905,13,,,1,70,,2908,13,,,1
10100,'8',707,,2924,13,,,1,30,,2918,13,,,1,70,,2929,13,,,1,30,,2922,13,,,1,70,,2919,13,,,1,30,,2932,13,,,1,70,,2930,13,,,1,100,,2923,13,,,1,100,,2933,13,,,1,100,,2928,13,,,1,100,,2927,13,,,1,100,,2917,13,,,1,30,,2926,13,,,1,70,,2931,13,,,1,30,,2934,13,,,1,70,,2920,13,,,1,30,,2921,13,,,1,70,,2925,13,,,1
20300,'11',735,,6213,9,,,1,70,,6203,9,,,1,30,,2599,9,,,1,70,,6204,9,,,1,30,,6214,9,,,1,70,,6208,9,,,1,30,,6218,9,,,1,70,,1827,9,,,1,30,,6216,9,,,1,70,,6211,9,,,1,30,,6205,9,,,1,70,,6200,9,,,1,30,,6209,9,,,1,70,,6199,9,,,1,30,,6215,9,,,1,70,,6212,9,,,1,30,,6198,9,,,1,70,,6197,9,,,1,30,,6195,9,,,1,70,,6210,9,,,1,30,,6202,9,,,1,70,,6201,9,,,1,30,,6206,9,,,1,70,,6207,9,,,1,30,,6217,9,,,1,70,,6196,9,,,1,30,,6194,9,,,1
20300,'14',1905,,6223,9,,,1,30,,6225,9,,,1,70,,6219,9,,,1,30,,6220,9,,,1,70,,2607,9,,,1,30,,6226,9,,,1,70,,6222,9,,,1,30,,6224,9,,,1,70,,6221,9,,,1
20300,'18',1905,,6231,9,,,1,30,,6234,9,,,1,70,,6227,9,,,1,30,,6228,9,,,1,70,,6232,9,,,1,30,,6235,9,,,1,70,,6230,9,,,1,30,,6233,9,,,1,70,,6229,9,,,1
20300,'20',1905,,6240,9,,,1,30,,6242,9,,,1,70,,6236,9,,,1,30,,6237,9,,,1,70,,2556,9,,,1,30,,6243,9,,,1,70,,6239,9,,,1,30,,6241,9,,,1,70,,6238,9,,,1
20300,'4',735,,6264,9,,,1,70,,6254,9,,,1,30,,6267,9,,,1,70,,6255,9,,,1,30,,6265,9,,,1,70,,6259,9,,,1,30,,6270,9,,,1,70,,6249,9,,,1,30,,6268,9,,,1,70,,6262,9,,,1,30,,6256,9,,,1,70,,6251,9,,,1,30,,6260,9,,,1,70,,6250,9,,,1,30,,6266,9,,,1,70,,6263,9,,,1,30,,6248,9,,,1,70,,6247,9,,,1,30,,6245,9,,,1,70,,6261,9,,,1,30,,6253,9,,,1,70,,6252,9,,,1,30,,6257,9,,,1,70,,6258,9,,,1,30,,6269,9,,,1,70,,6246,9,,,1,30,,6244,9,,,1
20300,'8',1905,,6275,9,,,1,30,,6278,9,,,1,70,,6271,9,,,1,30,,6272,9,,,1,70,,6276,9,,,1,30,,6279,9,,,1,70,,6274,9,,,1,30,,6277,9,,,1,70,,6273,9,,,1
