10301,'14',614,,3306,13,,,1,100,,25,13,,,1,30,,3307,13,,,1,70,,3297,13,,,1,30,,3301,13,,,1,70,,3303,13,,,1,30,,3295,13,,,1,70,,3292,13,,,1,100,,3290,13,,,1,100,,3294,13,,,1,100,,3302,13,,,1,100,,3291,13,,,1,100,,3293,13,,,1,30,,3299,13,,,1,70,,3300,13,,,1,30,,541,13,,,1,70,,3304,13,,,1,30,,3305,13,,,1,70,,3296,13,,,1,30,,3298,13,,,1
10301,'18',614,,3326,13,,,1,100,,3313,13,,,1,30,,3327,13,,,1,70,,3317,13,,,1,30,,3321,13,,,1,70,,3323,13,,,1,30,,3315,13,,,1,70,,3310,13,,,1,100,,3308,13,,,1,100,,3314,13,,,1,100,,3322,13,,,1,100,,3309,13,,,1,100,,3311,13,,,1,30,,3319,13,,,1,70,,3320,13,,,1,30,,3312,13,,,1,70,,3324,13,,,1,30,,3325,13,,,1,70,,3316,13,,,1,30,,3318,13,,,1
10301,'20',614,,3343,13,,,1,100,,7,13,,,1,30,,3333,13,,,1,70,,3334,13,,,1,30,,3344,13,,,1,70,,3339,13,,,1,30,,3340,13,,,1,70,,3330,13,,,1,100,,3328,13,,,1,100,,3332,13,,,1,100,,3338,13,,,1,100,,3329,13,,,1,100,,3331,13,,,1,30,,3336,13,,,1,70,,3337,13,,,1,30,,503,13,,,1,70,,3341,13,,,1,30,,3342,13,,,1,70,,1140,13,,,1,30,,3335,13,,,1
10301,'8',614,,3363,13,,,1,100,,3350,13,,,1,30,,3352,13,,,1,70,,3354,13,,,1,30,,3364,13,,,1,70,,3359,13,,,1,30,,3360,13,,,1,70,,3347,13,,,1,100,,3345,13,,,1,100,,3351,13,,,1,100,,3358,13,,,1,100,,3346,13,,,1,100,,3348,13,,,1,30,,3356,13,,,1,70,,3357,13,,,1,30,,3349,13,,,1,70,,3361,13,,,1,30,,3362,13,,,1,70,,3353,13,,,1,30,,3355,13,,,1
20301,'11',710,,6302,8,0,9 3 10,1,30,,6297,8,0,9 3 10,1,70,,6289,8,0,9 3 10,1,30,,6283,8,0,9 3 10,1,70,,6292,8,0,9 3 10,1,30,,6287,8,0,9 3 10,1,70,,6284,8,0,9 3 10,1,30,,6291,8,0,9 3 10,1,70,,6286,8,0,9 3 10,1,30,,6303,8,0,9 3 10,1,70,,6282,8,0,9 3 10,1,30,,2455,8,0,9 3 10,1,70,,6281,8,0,9 3 10,1,30,,6294,8,0,9 3 10,1,70,,6298,8,0,9 3 10,1,30,,6300,8,0,9 3 10,1,70,,6288,8,0,9 3 10,1,30,,6285,8,0,9 3 10,1,70,,6295,8,0,9 3 10,1,30,,6304,8,0,9 3 10,1,70,,2277,8,0,9 3 10,1,30,,6299,8,0,9 3 10,1,70,,2286,8,0,9 3 10,1,30,,6301,8,0,9 3 10,1,70,,6293,8,0,9 3 10,1,30,,6290,8,0,9 3 10,1,70,,6296,8,0,9 3 10,1,30,,6280,8,0,9 3 10,1
20301,'14',1910,,925,8,0,9 3 10,1,30,,6308,8,0,9 3 10,1,70,,6311,8,0,9 3 10,1,30,,6313,8,0,9 3 10,1,70,,6306,8,0,9 3 10,1,30,,6305,8,0,9 3 10,1,70,,6310,8,0,9 3 10,1,30,,6309,8,0,9 3 10,1,70,,6312,8,0,9 3 10,1,30,,6307,8,0,9 3 10,1
20301,'18',1910,,6319,8,0,9 3 10,1,30,,6317,8,0,9 3 10,1,70,,6322,8,0,9 3 10,1,30,,6324,8,0,9 3 10,1,70,,6316,8,0,9 3 10,1,30,,6315,8,0,9 3 10,1,70,,6321,8,0,9 3 10,1,30,,6320,8,0,9 3 10,1,70,,6323,8,0,9 3 10,1,30,,6318,8,0,9 3 10,1
20301,'20',1910,,913,8,0,9 3 10,1,30,,6328,8,0,9 3 10,1,70,,6331,8,0,9 3 10,1,30,,6333,8,0,9 3 10,1,70,,6326,8,0,9 3 10,1,30,,6325,8,0,9 3 10,1,70,,6330,8,0,9 3 10,1,30,,6329,8,0,9 3 10,1,70,,6332,8,0,9 3 10,1,30,,6327,8,0,9 3 10,1
20301,'4',710,,6359,8,0,9 3 10,1,30,,6354,8,0,9 3 10,1,70,,6346,8,0,9 3 10,1,30,,6337,8,0,9 3 10,1,70,,6349,8,0,9 3 10,1,30,,6342,8,0,9 3 10,1,70,,6338,8,0,9 3 10,1,30,,6348,8,0,9 3 10,1,70,,6341,8,0,9 3 10,1,30,,6360,8,0,9 3 10,1,70,,6336,8,0,9 3 10,1,30,,6344,8,0,9 3 10,1,70,,6335,8,0,9 3 10,1,30,,6351,8,0,9 3 10,1,70,,6355,8,0,9 3 10,1,30,,6357,8,0,9 3 10,1,70,,6343,8,0,9 3 10,1,30,,6340,8,0,9 3 10,1,70,,6352,8,0,9 3 10,1,30,,6361,8,0,9 3 10,1,70,,6339,8,0,9 3 10,1,30,,6356,8,0,9 3 10,1,70,,6345,8,0,9 3 10,1,30,,6358,8,0,9 3 10,1,70,,6350,8,0,9 3 10,1,30,,6347,8,0,9 3 10,1,70,,6353,8,0,9 3 10,1,30,,6334,8,0,9 3 10,1
20301,'8',1910,,6367,8,0,9 3 10,1,30,,6365,8,0,9 3 10,1,70,,6370,8,0,9 3 10,1,30,,6372,8,0,9 3 10,1,70,,6364,8,0,9 3 10,1,30,,6363,8,0,9 3 10,1,70,,6369,8,0,9 3 10,1,30,,6368,8,0,9 3 10,1,70,,6371,8,0,9 3 10,1,30,,6366,8,0,9 3 10,1
