10300,'14',632,,3233,5,,,1,100,,3230,5,,,1,70,,3227,5,,,1,30,,3235,5,,,1,70,,3229,5,,,1,30,,3232,5,,,1,70,,3222,5,,,1,30,,772,5,,,1,100,,1550,5,,,1,100,,3220,5,,,1,100,,3221,5,,,1,100,,3228,5,,,1,100,,3234,5,,,1,70,,3224,5,,,1,30,,3223,5,,,1,70,,3231,5,,,1,30,,3225,5,,,1,70,,3226,5,,,1,30,,1471,5,,,1
10300,'18',632,,3252,5,,,1,100,,3249,5,,,1,70,,3245,5,,,1,30,,3254,5,,,1,70,,3248,5,,,1,30,,3251,5,,,1,70,,3238,5,,,1,30,,3246,5,,,1,100,,3242,5,,,1,100,,3236,5,,,1,100,,3237,5,,,1,100,,3247,5,,,1,100,,3253,5,,,1,70,,3240,5,,,1,30,,3239,5,,,1,70,,3250,5,,,1,30,,3241,5,,,1,70,,3243,5,,,1,30,,3244,5,,,1
10300,'20',632,,3268,5,,,1,100,,3265,5,,,1,70,,3258,5,,,1,30,,3270,5,,,1,70,,3262,5,,,1,30,,3267,5,,,1,70,,3263,5,,,1,30,,712,5,,,1,100,,1514,5,,,1,100,,3255,5,,,1,100,,3256,5,,,1,100,,3264,5,,,1,100,,3269,5,,,1,70,,3259,5,,,1,30,,3257,5,,,1,70,,3266,5,,,1,30,,3260,5,,,1,70,,3261,5,,,1,30,,1459,5,,,1
10300,'8',632,,3287,5,,,1,100,,3284,5,,,1,70,,3274,5,,,1,30,,3289,5,,,1,70,,3280,5,,,1,30,,3286,5,,,1,70,,3282,5,,,1,30,,3281,5,,,1,100,,3277,5,,,1,100,,3271,5,,,1,100,,3272,5,,,1,100,,3283,5,,,1,100,,3288,5,,,1,70,,3275,5,,,1,30,,3273,5,,,1,70,,3285,5,,,1,30,,3276,5,,,1,70,,3278,5,,,1,30,,3279,5,,,1
20300,'11',733,,6213,4,,,1,70,,6203,4,,,1,30,,2599,4,,,1,70,,6204,4,,,1,30,,6214,4,,,1,70,,6208,4,,,1,30,,6218,4,,,1,70,,1827,4,,,1,30,,6216,4,,,1,70,,6211,4,,,1,30,,6205,4,,,1,70,,6200,4,,,1,30,,6209,4,,,1,70,,6199,4,,,1,30,,6215,4,,,1,70,,6212,4,,,1,30,,6198,4,,,1,70,,6197,4,,,1,30,,6195,4,,,1,70,,6210,4,,,1,30,,6202,4,,,1,70,,6201,4,,,1,30,,6206,4,,,1,70,,6207,4,,,1,30,,6217,4,,,1,70,,6196,4,,,1,30,,6194,4,,,1
20300,'14',1903,,6223,4,,,1,30,,6225,4,,,1,70,,6219,4,,,1,30,,6220,4,,,1,70,,2607,4,,,1,30,,6226,4,,,1,70,,6222,4,,,1,30,,6224,4,,,1,70,,6221,4,,,1
20300,'18',1903,,6231,4,,,1,30,,6234,4,,,1,70,,6227,4,,,1,30,,6228,4,,,1,70,,6232,4,,,1,30,,6235,4,,,1,70,,6230,4,,,1,30,,6233,4,,,1,70,,6229,4,,,1
20300,'20',1903,,6240,4,,,1,30,,6242,4,,,1,70,,6236,4,,,1,30,,6237,4,,,1,70,,2556,4,,,1,30,,6243,4,,,1,70,,6239,4,,,1,30,,6241,4,,,1,70,,6238,4,,,1
20300,'4',733,,6264,4,,,1,70,,6254,4,,,1,30,,6267,4,,,1,70,,6255,4,,,1,30,,6265,4,,,1,70,,6259,4,,,1,30,,6270,4,,,1,70,,6249,4,,,1,30,,6268,4,,,1,70,,6262,4,,,1,30,,6256,4,,,1,70,,6251,4,,,1,30,,6260,4,,,1,70,,6250,4,,,1,30,,6266,4,,,1,70,,6263,4,,,1,30,,6248,4,,,1,70,,6247,4,,,1,30,,6245,4,,,1,70,,6261,4,,,1,30,,6253,4,,,1,70,,6252,4,,,1,30,,6257,4,,,1,70,,6258,4,,,1,30,,6269,4,,,1,70,,6246,4,,,1,30,,6244,4,,,1
20300,'8',1903,,6275,4,,,1,30,,6278,4,,,1,70,,6271,4,,,1,30,,6272,4,,,1,70,,6276,4,,,1,30,,6279,4,,,1,70,,6274,4,,,1,30,,6277,4,,,1,70,,6273,4,,,1
