10500,'14',554,,3666,13,,,1,100,,3654,13,,,1,70,,3673,13,,,1,30,,3656,13,,,1,70,,3652,13,,,1,30,,3674,13,,,1,70,,3669,13,,,1,30,,3676,13,,,1,100,,3658,13,,,1,100,,67,13,,,1,100,,3655,13,,,1,100,,3681,13,,,1,100,,3670,13,,,1,70,,3663,13,,,1,30,,3677,13,,,1,70,,3672,13,,,1,30,,3675,13,,,1,70,,3659,13,,,1,30,,3651,13,,,1
10500,'18',554,,3702,13,,,1,100,,3689,13,,,1,70,,3711,13,,,1,30,,3691,13,,,1,70,,3687,13,,,1,30,,3712,13,,,1,70,,3706,13,,,1,30,,3714,13,,,1,100,,3693,13,,,1,100,,3701,13,,,1,100,,3690,13,,,1,100,,3719,13,,,1,100,,3708,13,,,1,70,,3698,13,,,1,30,,3715,13,,,1,70,,3710,13,,,1,30,,3713,13,,,1,70,,3694,13,,,1,30,,3686,13,,,1
10500,'20',554,,3738,13,,,1,100,,3726,13,,,1,70,,3746,13,,,1,30,,3728,13,,,1,70,,3725,13,,,1,30,,3747,13,,,1,70,,3741,13,,,1,30,,3749,13,,,1,100,,3730,13,,,1,100,,49,13,,,1,100,,3727,13,,,1,100,,3754,13,,,1,100,,3743,13,,,1,70,,3735,13,,,1,30,,3750,13,,,1,70,,3745,13,,,1,30,,3748,13,,,1,70,,3731,13,,,1,30,,3724,13,,,1
10500,'8',554,,3775,13,,,1,100,,3762,13,,,1,70,,3784,13,,,1,30,,3764,13,,,1,70,,3760,13,,,1,30,,3785,13,,,1,70,,3779,13,,,1,30,,3787,13,,,1,100,,3766,13,,,1,100,,3774,13,,,1,100,,3763,13,,,1,100,,3792,13,,,1,100,,3781,13,,,1,70,,3771,13,,,1,30,,3788,13,,,1,70,,3783,13,,,1,30,,3786,13,,,1,70,,3767,13,,,1,30,,3759,13,,,1
20500,'11',653,,6661,13,,,1,100,,6657,13,,,1,100,,6653,13,,,1,100,,6666,13,,,1,100,,6670,13,,,1,100,,2797,13,,,1,100,,6664,13,,,1,100,,6649,13,,,1,100,,6659,13,,,1,100,,6652,13,,,1,100,,6656,13,,,1,100,,6655,13,,,1,100,,6651,13,,,1,100,,6660,13,,,1
20500,'14',1853,,6675,13,,,1,100,,6674,13,,,1,100,,6676,13,,,1,100,,6673,13,,,1
20500,'18',1853,,6683,13,,,1,100,,6681,13,,,1,100,,6684,13,,,1,100,,6680,13,,,1
20500,'20',1853,,6690,13,,,1,100,,6689,13,,,1,100,,6691,13,,,1,100,,6688,13,,,1
20500,'4',653,,6710,13,,,1,100,,6706,13,,,1,100,,6702,13,,,1,100,,6716,13,,,1,100,,6720,13,,,1,100,,6697,13,,,1,100,,6714,13,,,1,100,,6698,13,,,1,100,,6708,13,,,1,100,,6701,13,,,1,100,,6705,13,,,1,100,,6704,13,,,1,100,,6700,13,,,1,100,,6709,13,,,1
20500,'8',1853,,6726,13,,,1,100,,6724,13,,,1,100,,6727,13,,,1,100,,6723,13,,,1
