11300,'14',630,,5334,14,,,1,100,,5322,14,,,1,100,,5344,14,,,1,100,,5319,14,,,1,100,,5320,14,,,1,100,,5316,14,,,1,100,,5324,14,,,1,100,,5338,14,,,1,100,,390,14,,,1,100,,5343,14,,,1,100,,5317,14,,,1,100,,5331,14,,,1,100,,5347,14,,,1
11300,'18',630,,5372,14,,,1,100,,5357,14,,,1,100,,5383,14,,,1,100,,5354,14,,,1,100,,5355,14,,,1,100,,5350,14,,,1,100,,5359,14,,,1,100,,5377,14,,,1,100,,5367,14,,,1,100,,5382,14,,,1,100,,5351,14,,,1,100,,5368,14,,,1,100,,5386,14,,,1
11300,'20',630,,5401,14,,,1,100,,5394,14,,,1,100,,5415,14,,,1,100,,5391,14,,,1,100,,5392,14,,,1,100,,5389,14,,,1,100,,1908,14,,,1,100,,5409,14,,,1,100,,5407,14,,,1,100,,5400,14,,,1,100,,5405,14,,,1,100,,5404,14,,,1,100,,2442,14,,,1
11300,'8',630,,5436,14,,,1,100,,5425,14,,,1,100,,5454,14,,,1,100,,5422,14,,,1,100,,5423,14,,,1,100,,5420,14,,,1,100,,5431,14,,,1,100,,5447,14,,,1,100,,5444,14,,,1,100,,5434,14,,,1,100,,5442,14,,,1,100,,5440,14,,,1,100,,5429,14,,,1
21300,'11',729,,1839,14,,,1,100,,7664,14,,,1,100,,7674,14,,,1,100,,7672,14,,,1,100,,7668,14,,,1,100,,7666,14,,,1,100,,7667,14,,,1,100,,7669,14,,,1,100,,7663,14,,,1,100,,7673,14,,,1,100,,7671,14,,,1,100,,7665,14,,,1,100,,7670,14,,,1
21300,'14',1929,,7676,14,,,1,100,,7677,14,,,1,100,,7675,14,,,1,100,,2747,14,,,1
21300,'18',1929,,7680,14,,,1,100,,7681,14,,,1,100,,7679,14,,,1,100,,7678,14,,,1
21300,'20',1929,,7683,14,,,1,100,,7684,14,,,1,100,,7682,14,,,1,100,,2665,14,,,1
21300,'4',729,,7688,14,,,1,100,,7686,14,,,1,100,,7697,14,,,1,100,,7695,14,,,1,100,,7691,14,,,1,100,,7689,14,,,1,100,,7690,14,,,1,100,,7692,14,,,1,100,,7685,14,,,1,100,,7696,14,,,1,100,,7694,14,,,1,100,,7687,14,,,1,100,,7693,14,,,1
21300,'8',1929,,7700,14,,,1,100,,7701,14,,,1,100,,7699,14,,,1,100,,7698,14,,,1
