10601,'12',601,,9166,13,,,1,100,,9177,13,,,1,30,,9172,13,,,1,70,,9178,13,,,1,30,,9175,13,,,1,70,,9162,13,,,1,100,,4862,13,,,1,100,,9164,13,,,1,100,,9163,13,,,1,100,,9173,13,,,1,100,,9179,13,,,1,30,,9180,13,,,1,70,,9170,13,,,1,30,,9174,13,,,1,70,,9167,13,,,1,30,,9169,13,,,1,70,,9168,13,,,1,30,,9165,13,,,1,70,,9176,13,,,1
10601,'5',601,,9185,13,,,1,100,,9197,13,,,1,30,,9192,13,,,1,70,,9198,13,,,1,30,,9195,13,,,1,70,,9181,13,,,1,100,,9186,13,,,1,100,,9183,13,,,1,100,,9182,13,,,1,100,,9193,13,,,1,100,,9199,13,,,1,30,,9200,13,,,1,70,,9190,13,,,1,30,,9194,13,,,1,70,,9187,13,,,1,30,,9189,13,,,1,70,,9188,13,,,1,30,,9184,13,,,1,70,,9196,13,,,1
10601,'9',601,,9205,13,,,1,100,,9216,13,,,1,30,,9211,13,,,1,70,,9217,13,,,1,30,,9214,13,,,1,70,,9201,13,,,1,100,,4816,13,,,1,100,,9203,13,,,1,100,,9202,13,,,1,100,,9212,13,,,1,100,,9218,13,,,1,30,,9219,13,,,1,70,,9209,13,,,1,30,,9213,13,,,1,70,,9206,13,,,1,30,,9208,13,,,1,70,,9207,13,,,1,30,,9204,13,,,1,70,,9215,13,,,1
11201,'12',716,,10065,3,,,1,100,,10054,3,,,1,100,,10047,3,,,1,100,,10052,3,,,1,100,,10049,3,,,1,100,,10053,3,,,1,100,,10063,3,,,1,100,,10050,3,,,1,100,,10062,3,,,1,100,,10058,3,,,1,100,,10059,3,,,1
11201,'5',716,,10087,3,,,1,100,,10075,3,,,1,100,,10074,3,,,1,100,,10084,3,,,1,100,,10068,3,,,1,100,,10073,3,,,1,100,,10086,3,,,1,100,,10071,3,,,1,100,,10085,3,,,1,100,,10081,3,,,1,100,,10082,3,,,1
11201,'9',716,,10100,3,,,1,100,,10090,3,,,1,100,,10105,3,,,1,100,,10095,3,,,1,100,,10091,3,,,1,100,,10096,3,,,1,100,,10107,3,,,1,100,,10092,3,,,1,100,,10106,3,,,1,100,,10102,3,,,1,100,,10103,3,,,1
20601,'12',1831,,11178,3,,,1,70,,11175,3,,,1,30,,11181,3,,,1,70,,11183,3,,,1,30,,11179,3,,,1,70,,11172,3,,,1,30,,11182,3,,,1,70,,11177,3,,,1,30,,5642,3,,,1,70,,11170,3,,,1
20601,'5',1831,,11195,3,,,1,70,,11192,3,,,1,30,,11188,3,,,1,70,,11203,3,,,1,30,,11197,3,,,1,70,,11186,3,,,1,30,,11202,3,,,1,70,,11194,3,,,1,30,,11200,3,,,1,70,,11184,3,,,1
20601,'7',701,,11205,3,,,1,30,,11220,3,,,1,70,,11236,3,,,1,30,,11246,3,,,1,70,,11208,3,,,1,30,,11238,3,,,1,70,,11207,3,,,1,30,,11210,3,,,1,70,,11219,3,,,1,30,,11227,3,,,1,70,,11242,3,,,1,30,,11214,3,,,1,70,,11232,3,,,1,30,,11245,3,,,1,70,,11252,3,,,1,30,,11228,3,,,1,70,,2642,3,,,1,30,,11215,3,,,1,70,,11244,3,,,1,30,,7830,3,,,1,70,,11247,3,,,1,30,,11216,3,,,1,70,,11230,3,,,1,30,,11209,3,,,1,70,,11250,3,,,1,30,,11231,3,,,1,70,,11204,3,,,1,30,,11243,3,,,1
20601,'9',1831,,11263,3,,,1,70,,11260,3,,,1,30,,11257,3,,,1,70,,11268,3,,,1,30,,11265,3,,,1,70,,11256,3,,,1,30,,11267,3,,,1,70,,11262,3,,,1,30,,5619,3,,,1,70,,11254,3,,,1
