11300,'14',633,,5334,20,,,1,100,,5322,20,,,1,100,,5344,20,,,1,100,,5319,20,,,1,100,,5320,20,,,1,100,,5316,20,,,1,100,,5324,20,,,1,100,,5338,20,,,1,100,,390,20,,,1,100,,5343,20,,,1,100,,5317,20,,,1,100,,5331,20,,,1,100,,5347,20,,,1
11300,'18',633,,5372,20,,,1,100,,5357,20,,,1,100,,5383,20,,,1,100,,5354,20,,,1,100,,5355,20,,,1,100,,5350,20,,,1,100,,5359,20,,,1,100,,5377,20,,,1,100,,5367,20,,,1,100,,5382,20,,,1,100,,5351,20,,,1,100,,5368,20,,,1,100,,5386,20,,,1
11300,'20',633,,5401,20,,,1,100,,5394,20,,,1,100,,5415,20,,,1,100,,5391,20,,,1,100,,5392,20,,,1,100,,5389,20,,,1,100,,1908,20,,,1,100,,5409,20,,,1,100,,5407,20,,,1,100,,5400,20,,,1,100,,5405,20,,,1,100,,5404,20,,,1,100,,2442,20,,,1
11300,'8',633,,5436,20,,,1,100,,5425,20,,,1,100,,5454,20,,,1,100,,5422,20,,,1,100,,5423,20,,,1,100,,5420,20,,,1,100,,5431,20,,,1,100,,5447,20,,,1,100,,5444,20,,,1,100,,5434,20,,,1,100,,5442,20,,,1,100,,5440,20,,,1,100,,5429,20,,,1
21300,'11',732,,1839,20,,,1,100,,7664,20,,,1,100,,7674,20,,,1,100,,7672,20,,,1,100,,7668,20,,,1,100,,7666,20,,,1,100,,7667,20,,,1,100,,7669,20,,,1,100,,7663,20,,,1,100,,7673,20,,,1,100,,7671,20,,,1,100,,7665,20,,,1,100,,7670,20,,,1
21300,'14',1932,,7676,20,,,1,100,,7677,20,,,1,100,,7675,20,,,1,100,,2747,20,,,1
21300,'18',1932,,7680,20,,,1,100,,7681,20,,,1,100,,7679,20,,,1,100,,7678,20,,,1
21300,'20',1932,,7683,20,,,1,100,,7684,20,,,1,100,,7682,20,,,1,100,,2665,20,,,1
21300,'4',732,,7688,20,,,1,100,,7686,20,,,1,100,,7697,20,,,1,100,,7695,20,,,1,100,,7691,20,,,1,100,,7689,20,,,1,100,,7690,20,,,1,100,,7692,20,,,1,100,,7685,20,,,1,100,,7696,20,,,1,100,,7694,20,,,1,100,,7687,20,,,1,100,,7693,20,,,1
21300,'8',1932,,7700,20,,,1,100,,7701,20,,,1,100,,7699,20,,,1,100,,7698,20,,,1
