10401,'10',642,,14921,6,,,1,70,,14907,6,,,1,30,,14438,6,,,1,70,,14919,6,,,1,30,,14946,6,,,1,70,,14929,6,,,1,30,,14916,6,,,1,70,,14909,6,,,1,30,,14915,6,,,1,70,,14947,6,,,1,30,,14922,6,,,1,70,,14942,6,,,1,30,,14933,6,,,1,70,,14908,6,,,1,30,,14927,6,,,1,70,,9999,6,,,1,30,,14924,6,,,1,70,,14936,6,,,1,30,,14918,6,,,1,70,,14928,6,,,1,30,,14941,6,,,1,70,,14949,6,,,1,30,,14953,6,,,1,70,,14923,6,,,1,30,,14950,6,,,1
10401,'15',642,,14967,6,,,1,70,,14954,6,,,1,30,,14460,6,,,1,70,,14965,6,,,1,30,,14992,6,,,1,70,,14975,6,,,1,30,,13286,6,,,1,70,,14956,6,,,1,30,,14962,6,,,1,70,,14993,6,,,1,30,,14968,6,,,1,70,,14988,6,,,1,30,,14979,6,,,1,70,,14955,6,,,1,30,,14973,6,,,1,70,,12687,6,,,1,30,,14970,6,,,1,70,,14982,6,,,1,30,,14964,6,,,1,70,,14974,6,,,1,30,,14987,6,,,1,70,,14995,6,,,1,30,,14999,6,,,1,70,,14969,6,,,1,30,,14996,6,,,1
10800,'10',727,,15358,19,,,1,30,,15354,19,,,1,70,,15357,19,,,1,30,,12540,19,,,1,70,,12795,19,,,1,30,,15365,19,,,1,100,,15371,19,,,1,100,,15361,19,,,1,100,,15368,19,,,1,100,,15375,19,,,1,100,,15369,19,,,1,70,,15374,19,,,1,30,,15352,19,,,1,70,,15376,19,,,1,30,,15377,19,,,1,70,,15370,19,,,1,30,,15348,19,,,1
10800,'15',727,,12605,19,,,1,30,,15386,19,,,1,70,,15389,19,,,1,30,,12560,19,,,1,70,,15390,19,,,1,30,,15396,19,,,1,100,,15402,19,,,1,100,,15392,19,,,1,100,,15399,19,,,1,100,,15406,19,,,1,100,,15400,19,,,1,70,,15405,19,,,1,30,,15384,19,,,1,70,,15407,19,,,1,30,,15409,19,,,1,70,,15401,19,,,1,30,,15381,19,,,1
10801,'10',627,,15415,7,,,1,30,,15417,7,,,1
10801,'15',627,,15442,7,,,1,30,,15432,7,,,1
20301,'10',2409,,16269,18,,,1
20301,'15',2409,,16279,18,,,1
20401,'10',1913,,16373,6,,,1,30,,16374,6,,,1,70,,16371,6,,,1,30,,16365,6,,,1,70,,16359,6,,,1,30,,16367,6,,,1,70,,16372,6,,,1,30,,14532,6,,,1,70,,16361,6,,,1,30,,16366,6,,,1
20401,'15',1913,,16391,6,,,1,30,,16392,6,,,1,70,,16389,6,,,1,30,,16383,6,,,1,70,,16377,6,,,1,30,,16385,6,,,1,70,,16390,6,,,1,30,,14554,6,,,1,70,,16379,6,,,1,30,,16384,6,,,1
20401,'7',743,,16434,6,,,1,70,,16427,6,,,1,30,,16421,6,,,1,70,,16411,6,,,1,30,,16435,6,,,1,70,,16398,6,,,1,30,,16444,6,,,1,70,,16430,6,,,1,30,,14168,6,,,1,70,,16409,6,,,1,30,,16418,6,,,1,70,,16432,6,,,1,30,,16401,6,,,1,70,,16412,6,,,1,30,,16426,6,,,1,70,,16403,6,,,1,30,,16436,6,,,1,70,,13848,6,,,1,30,,16428,6,,,1,70,,16406,6,,,1,30,,16440,6,,,1,70,,16402,6,,,1,30,,16395,6,,,1,70,,14290,6,,,1,30,,16408,6,,,1,70,,16396,6,,,1,30,,16394,6,,,1,70,,16433,6,,,1
