10401,'14',622,,3472,9,,,1,30,,886,9,,,1,70,,3499,9,,,1,30,,1115,9,,,1,70,,3466,9,,,1,30,,3490,9,,,1,70,,3484,9,,,1,30,,3485,9,,,1,70,,481,9,,,1,30,,3473,9,,,1,70,,3477,9,,,1,30,,1282,9,,,1,70,,3486,9,,,1,30,,3464,9,,,1,70,,3479,9,,,1,30,,3483,9,,,1,70,,3492,9,,,1,30,,3497,9,,,1,70,,3478,9,,,1,30,,3489,9,,,1,70,,3471,9,,,1,30,,3491,9,,,1,70,,3496,9,,,1,30,,3462,9,,,1,70,,3469,9,,,1
10401,'18',622,,3518,9,,,1,30,,3509,9,,,1,70,,3549,9,,,1,30,,3538,9,,,1,70,,3510,9,,,1,30,,3540,9,,,1,70,,3532,9,,,1,30,,3533,9,,,1,70,,3535,9,,,1,30,,3519,9,,,1,70,,3523,9,,,1,30,,3528,9,,,1,70,,3534,9,,,1,30,,3507,9,,,1,70,,3525,9,,,1,30,,3531,9,,,1,70,,3542,9,,,1,30,,3547,9,,,1,70,,3524,9,,,1,30,,3539,9,,,1,70,,3517,9,,,1,30,,3541,9,,,1,70,,3546,9,,,1,30,,3505,9,,,1,70,,3515,9,,,1
10401,'20',622,,3565,9,,,1,30,,867,9,,,1,70,,3592,9,,,1,30,,1090,9,,,1,70,,3559,9,,,1,30,,3583,9,,,1,70,,3577,9,,,1,30,,3578,9,,,1,70,,443,9,,,1,30,,3566,9,,,1,70,,3570,9,,,1,30,,1261,9,,,1,70,,3579,9,,,1,30,,3557,9,,,1,70,,3572,9,,,1,30,,3576,9,,,1,70,,3585,9,,,1,30,,3590,9,,,1,70,,3571,9,,,1,30,,3582,9,,,1,70,,3564,9,,,1,30,,3584,9,,,1,70,,3589,9,,,1,30,,3555,9,,,1,70,,3562,9,,,1
10401,'8',622,,3611,9,,,1,30,,3602,9,,,1,70,,3642,9,,,1,30,,3631,9,,,1,70,,3603,9,,,1,30,,3633,9,,,1,70,,3625,9,,,1,30,,3626,9,,,1,70,,3628,9,,,1,30,,3612,9,,,1,70,,3616,9,,,1,30,,3621,9,,,1,70,,3627,9,,,1,30,,3600,9,,,1,70,,3618,9,,,1,30,,3624,9,,,1,70,,3635,9,,,1,30,,3640,9,,,1,70,,3617,9,,,1,30,,3632,9,,,1,70,,3610,9,,,1,30,,3634,9,,,1,70,,3639,9,,,1,30,,3598,9,,,1,70,,3608,9,,,1
20401,'11',721,,6480,9,,,1,30,,6470,9,,,1,70,,6512,9,,,1,30,,6514,9,,,1,70,,6496,9,,,1,30,,6508,9,,,1,70,,6464,9,,,1,30,,6492,9,,,1,70,,6472,9,,,1,30,,6468,9,,,1,70,,6477,9,,,1,30,,6497,9,,,1,70,,6515,9,,,1,30,,6489,9,,,1,70,,6502,9,,,1,30,,6479,9,,,1,70,,6516,9,,,1,30,,6506,9,,,1,70,,6485,9,,,1,30,,6501,9,,,1,70,,6503,9,,,1,30,,6493,9,,,1,70,,6500,9,,,1,30,,6478,9,,,1,70,,6487,9,,,1,30,,6471,9,,,1,70,,6469,9,,,1,30,,6463,9,,,1
20401,'14',1851,,6523,9,,,1,70,,6526,9,,,1,30,,6531,9,,,1,70,,6518,9,,,1,30,,767,9,,,1,70,,6528,9,,,1,30,,455,9,,,1,70,,6520,9,,,1,30,,6522,9,,,1,70,,6530,9,,,1
20401,'18',1851,,6543,9,,,1,70,,6546,9,,,1,30,,6551,9,,,1,70,,6537,9,,,1,30,,6540,9,,,1,70,,6548,9,,,1,30,,6534,9,,,1,70,,6539,9,,,1,30,,6542,9,,,1,70,,6550,9,,,1
20401,'20',1851,,6559,9,,,1,70,,6562,9,,,1,30,,6567,9,,,1,70,,6555,9,,,1,30,,707,9,,,1,70,,6564,9,,,1,30,,417,9,,,1,70,,813,9,,,1,30,,6558,9,,,1,70,,6566,9,,,1
20401,'4',721,,6588,9,,,1,30,,6578,9,,,1,70,,6621,9,,,1,30,,6623,9,,,1,70,,6604,9,,,1,30,,6617,9,,,1,70,,6572,9,,,1,30,,6600,9,,,1,70,,6580,9,,,1,30,,6576,9,,,1,70,,6585,9,,,1,30,,6605,9,,,1,70,,6624,9,,,1,30,,6597,9,,,1,70,,6611,9,,,1,30,,6587,9,,,1,70,,6625,9,,,1,30,,6615,9,,,1,70,,6593,9,,,1,30,,6610,9,,,1,70,,6612,9,,,1,30,,6601,9,,,1,70,,6609,9,,,1,30,,6586,9,,,1,70,,6595,9,,,1,30,,6579,9,,,1,70,,6577,9,,,1,30,,6571,9,,,1
20401,'8',1851,,6635,9,,,1,70,,6638,9,,,1,30,,6643,9,,,1,70,,6629,9,,,1,30,,6632,9,,,1,70,,6640,9,,,1,30,,6626,9,,,1,70,,6631,9,,,1,30,,6634,9,,,1,70,,6642,9,,,1
