11601,'14',614,,6042,12,0,9 3 10 16,1,30,,6019,12,0,9 3 10 16,1,70,,6021,12,0,9 3 10 16,1,30,,6051,12,0,9 3 10 16,1,70,,6043,12,0,9 3 10 16,1,30,,262,12,0,9 3 10 16,1,70,,6018,12,0,9 3 10 16,1,30,,6035,12,0,9 3 10 16,1,70,,6027,12,0,9 3 10 16,1,30,,6053,12,0,9 3 10 16,1,70,,6047,12,0,9 3 10 16,1,30,,6046,12,0,9 3 10 16,1,70,,6024,12,0,9 3 10 16,1,30,,6031,12,0,9 3 10 16,1,70,,6044,12,0,9 3 10 16,1,30,,1209,12,0,9 3 10 16,1,70,,6020,12,0,9 3 10 16,1,30,,6032,12,0,9 3 10 16,1,70,,6052,12,0,9 3 10 16,1,30,,6040,12,0,9 3 10 16,1,70,,6034,12,0,9 3 10 16,1,30,,6033,12,0,9 3 10 16,1,70,,6026,12,0,9 3 10 16,1,30,,6025,12,0,9 3 10 16,1
11601,'18',614,,6089,12,0,9 3 10 16,1,30,,6062,12,0,9 3 10 16,1,70,,6064,12,0,9 3 10 16,1,30,,6099,12,0,9 3 10 16,1,70,,6090,12,0,9 3 10 16,1,30,,6092,12,0,9 3 10 16,1,70,,6061,12,0,9 3 10 16,1,30,,6081,12,0,9 3 10 16,1,70,,6071,12,0,9 3 10 16,1,30,,6101,12,0,9 3 10 16,1,70,,6095,12,0,9 3 10 16,1,30,,6094,12,0,9 3 10 16,1,70,,6068,12,0,9 3 10 16,1,30,,6076,12,0,9 3 10 16,1,70,,6091,12,0,9 3 10 16,1,30,,6067,12,0,9 3 10 16,1,70,,6063,12,0,9 3 10 16,1,30,,6077,12,0,9 3 10 16,1,70,,6100,12,0,9 3 10 16,1,30,,6087,12,0,9 3 10 16,1,70,,6080,12,0,9 3 10 16,1,30,,6078,12,0,9 3 10 16,1,70,,6070,12,0,9 3 10 16,1,30,,6069,12,0,9 3 10 16,1
11601,'20',614,,6132,12,0,9 3 10 16,1,30,,6109,12,0,9 3 10 16,1,70,,6111,12,0,9 3 10 16,1,30,,6141,12,0,9 3 10 16,1,70,,6133,12,0,9 3 10 16,1,30,,242,12,0,9 3 10 16,1,70,,6108,12,0,9 3 10 16,1,30,,6124,12,0,9 3 10 16,1,70,,6118,12,0,9 3 10 16,1,30,,6143,12,0,9 3 10 16,1,70,,6137,12,0,9 3 10 16,1,30,,6136,12,0,9 3 10 16,1,70,,6115,12,0,9 3 10 16,1,30,,6121,12,0,9 3 10 16,1,70,,6134,12,0,9 3 10 16,1,30,,6114,12,0,9 3 10 16,1,70,,6110,12,0,9 3 10 16,1,30,,1189,12,0,9 3 10 16,1,70,,6142,12,0,9 3 10 16,1,30,,6130,12,0,9 3 10 16,1,70,,6123,12,0,9 3 10 16,1,30,,6122,12,0,9 3 10 16,1,70,,6117,12,0,9 3 10 16,1,30,,6116,12,0,9 3 10 16,1
11601,'8',614,,6179,12,0,9 3 10 16,1,30,,6152,12,0,9 3 10 16,1,70,,6154,12,0,9 3 10 16,1,30,,6189,12,0,9 3 10 16,1,70,,6180,12,0,9 3 10 16,1,30,,6182,12,0,9 3 10 16,1,70,,6151,12,0,9 3 10 16,1,30,,6171,12,0,9 3 10 16,1,70,,6161,12,0,9 3 10 16,1,30,,6191,12,0,9 3 10 16,1,70,,6185,12,0,9 3 10 16,1,30,,6184,12,0,9 3 10 16,1,70,,6158,12,0,9 3 10 16,1,30,,6166,12,0,9 3 10 16,1,70,,6181,12,0,9 3 10 16,1,30,,6157,12,0,9 3 10 16,1,70,,6153,12,0,9 3 10 16,1,30,,6167,12,0,9 3 10 16,1,70,,6190,12,0,9 3 10 16,1,30,,6177,12,0,9 3 10 16,1,70,,6170,12,0,9 3 10 16,1,30,,6168,12,0,9 3 10 16,1,70,,6160,12,0,9 3 10 16,1,30,,6159,12,0,9 3 10 16,1
21601,'11',644,,8171,12,0,9 3 10 16,1,70,,8153,12,0,9 3 10 16,1,30,,8160,12,0,9 3 10 16,1,70,,8148,12,0,9 3 10 16,1,30,,8155,12,0,9 3 10 16,1,70,,8173,12,0,9 3 10 16,1,30,,8147,12,0,9 3 10 16,1,70,,8150,12,0,9 3 10 16,1,30,,8125,12,0,9 3 10 16,1,70,,8169,12,0,9 3 10 16,1,30,,8143,12,0,9 3 10 16,1,70,,8158,12,0,9 3 10 16,1,30,,8165,12,0,9 3 10 16,1,70,,8178,12,0,9 3 10 16,1,30,,8170,12,0,9 3 10 16,1,70,,8167,12,0,9 3 10 16,1,30,,8137,12,0,9 3 10 16,1,70,,8152,12,0,9 3 10 16,1,30,,8133,12,0,9 3 10 16,1,70,,8142,12,0,9 3 10 16,1,30,,8151,12,0,9 3 10 16,1,70,,8132,12,0,9 3 10 16,1,30,,8177,12,0,9 3 10 16,1,70,,8145,12,0,9 3 10 16,1,30,,8179,12,0,9 3 10 16,1,70,,2575,12,0,9 3 10 16,1,30,,8130,12,0,9 3 10 16,1,70,,8140,12,0,9 3 10 16,1,30,,8164,12,0,9 3 10 16,1
21601,'14',1814,,8184,12,0,9 3 10 16,1,30,,8196,12,0,9 3 10 16,1,70,,8189,12,0,9 3 10 16,1,30,,8186,12,0,9 3 10 16,1,70,,1655,12,0,9 3 10 16,1,30,,8187,12,0,9 3 10 16,1,70,,8198,12,0,9 3 10 16,1,30,,8192,12,0,9 3 10 16,1,70,,8194,12,0,9 3 10 16,1,30,,8181,12,0,9 3 10 16,1,70,,8195,12,0,9 3 10 16,1
21601,'18',1814,,8205,12,0,9 3 10 16,1,30,,8218,12,0,9 3 10 16,1,70,,8210,12,0,9 3 10 16,1,30,,8207,12,0,9 3 10 16,1,70,,8215,12,0,9 3 10 16,1,30,,8208,12,0,9 3 10 16,1,70,,8220,12,0,9 3 10 16,1,30,,8213,12,0,9 3 10 16,1,70,,8216,12,0,9 3 10 16,1,30,,8202,12,0,9 3 10 16,1,70,,8217,12,0,9 3 10 16,1
21601,'20',1814,,8226,12,0,9 3 10 16,1,30,,8238,12,0,9 3 10 16,1,70,,8231,12,0,9 3 10 16,1,30,,8228,12,0,9 3 10 16,1,70,,1609,12,0,9 3 10 16,1,30,,8229,12,0,9 3 10 16,1,70,,8240,12,0,9 3 10 16,1,30,,8234,12,0,9 3 10 16,1,70,,8236,12,0,9 3 10 16,1,30,,8223,12,0,9 3 10 16,1,70,,8237,12,0,9 3 10 16,1
21601,'4',644,,8291,12,0,9 3 10 16,1,70,,8273,12,0,9 3 10 16,1,30,,8280,12,0,9 3 10 16,1,70,,8267,12,0,9 3 10 16,1,30,,8275,12,0,9 3 10 16,1,70,,8293,12,0,9 3 10 16,1,30,,8266,12,0,9 3 10 16,1,70,,8270,12,0,9 3 10 16,1,30,,8244,12,0,9 3 10 16,1,70,,8289,12,0,9 3 10 16,1,30,,8262,12,0,9 3 10 16,1,70,,8278,12,0,9 3 10 16,1,30,,8285,12,0,9 3 10 16,1,70,,8298,12,0,9 3 10 16,1,30,,8290,12,0,9 3 10 16,1,70,,8287,12,0,9 3 10 16,1,30,,8256,12,0,9 3 10 16,1,70,,8272,12,0,9 3 10 16,1,30,,8252,12,0,9 3 10 16,1,70,,8261,12,0,9 3 10 16,1,30,,8271,12,0,9 3 10 16,1,70,,8251,12,0,9 3 10 16,1,30,,8297,12,0,9 3 10 16,1,70,,8264,12,0,9 3 10 16,1,30,,8299,12,0,9 3 10 16,1,70,,8268,12,0,9 3 10 16,1,30,,8249,12,0,9 3 10 16,1,70,,8259,12,0,9 3 10 16,1,30,,8284,12,0,9 3 10 16,1
21601,'8',1814,,8305,12,0,9 3 10 16,1,30,,8318,12,0,9 3 10 16,1,70,,8310,12,0,9 3 10 16,1,30,,8307,12,0,9 3 10 16,1,70,,8315,12,0,9 3 10 16,1,30,,8308,12,0,9 3 10 16,1,70,,8320,12,0,9 3 10 16,1,30,,8313,12,0,9 3 10 16,1,70,,8316,12,0,9 3 10 16,1,30,,8302,12,0,9 3 10 16,1,70,,8317,12,0,9 3 10 16,1
