10601,'12',559,,9166,9,,,1,100,,9177,9,,,1,70,,9172,9,,,1,30,,9178,9,,,1,70,,9175,9,,,1,30,,9162,9,,,1,71,,9171,9,0,17,1,29,,4862,9,,,1,100,,9164,9,,,1,100,,9163,9,,,1,100,,9173,9,,,1,100,,9179,9,,,1,70,,9180,9,,,1,30,,9170,9,,,1,70,,9174,9,,,1,30,,9167,9,,,1,70,,9169,9,,,1,30,,9168,9,,,1,70,,9165,9,,,1,30,,9176,9,,,1
10601,'5',559,,9185,9,,,1,100,,9197,9,,,1,70,,9192,9,,,1,30,,9198,9,,,1,70,,9195,9,,,1,30,,9181,9,,,1,71,,9191,9,0,17,1,29,,9186,9,,,1,100,,9183,9,,,1,100,,9182,9,,,1,100,,9193,9,,,1,100,,9199,9,,,1,70,,9200,9,,,1,30,,9190,9,,,1,70,,9194,9,,,1,30,,9187,9,,,1,70,,9189,9,,,1,30,,9188,9,,,1,70,,9184,9,,,1,30,,9196,9,,,1
10601,'9',559,,9205,9,,,1,100,,9216,9,,,1,70,,9211,9,,,1,30,,9217,9,,,1,70,,9214,9,,,1,30,,9201,9,,,1,71,,9210,9,0,17,1,29,,4816,9,,,1,100,,9203,9,,,1,100,,9202,9,,,1,100,,9212,9,,,1,100,,9218,9,,,1,70,,9219,9,,,1,30,,9209,9,,,1,70,,9213,9,,,1,30,,9206,9,,,1,70,,9208,9,,,1,30,,9207,9,,,1,70,,9204,9,,,1,30,,9215,9,,,1
11201,'12',713,,10048,11,,,1,100,,10055,11,,,1,100,,10064,11,,,1,100,,10061,11,,,1,100,,10051,11,,,1,100,,10060,11,,,1,100,,10046,11,,,1,100,,10045,11,,,1,100,,10057,11,,,1,100,,4735,11,,,1,100,,10056,11,0,17,1
11201,'5',713,,10076,11,,,1,100,,10069,11,,,1,100,,10070,11,,,1,100,,10079,11,,,1,100,,10072,11,,,1,100,,10083,11,,,1,100,,10067,11,,,1,100,,10066,11,,,1,100,,10080,11,,,1,100,,10078,11,,,1,100,,10077,11,0,17,1
11201,'9',713,,10097,11,,,1,100,,10108,11,,,1,100,,10094,11,,,1,100,,10099,11,,,1,100,,10093,11,,,1,100,,10104,11,,,1,100,,10089,11,,,1,100,,10088,11,,,1,100,,10101,11,,,1,100,,4644,11,,,1,100,,10098,11,0,17,1
20601,'12',1827,,6564,9,,,1,30,,3428,9,,,1,70,,4279,9,,,1,30,,3725,9,,,1,70,,11174,9,,,1,30,,11180,9,,,1,70,,11171,9,,,1,30,,11176,9,,,1,70,,11173,9,,,1,30,,3876,9,,,1
20601,'5',1827,,11201,9,,,1,30,,11198,9,,,1,70,,11196,9,,,1,30,,11187,9,,,1,70,,11191,9,,,1,30,,11199,9,,,1,70,,11185,9,,,1,30,,11193,9,,,1,70,,11190,9,,,1,30,,11189,9,,,1
20601,'7',657,,11223,9,,,1,70,,7731,9,,,1,30,,11206,9,,,1,70,,11251,9,,,1,30,,11226,9,,,1,70,,11222,9,,,1,30,,7943,9,,,1,70,,11253,9,,,1,30,,6383,9,,,1,70,,11233,9,,,1,30,,11217,9,,,1,70,,11211,9,,,1,30,,11221,9,,,1,70,,11241,9,,,1,30,,11249,9,,,1,70,,11225,9,,,1,30,,11229,9,,,1,70,,11237,9,,,1,30,,11234,9,,,1,70,,11235,9,,,1,30,,11218,9,,,1,70,,11213,9,,,1,30,,11248,9,,,1,70,,11212,9,,,1,30,,6919,9,,,1,70,,11239,9,,,1,30,,11224,9,,,1,70,,11240,9,,,1
20601,'9',1827,,6528,9,,,1,30,,3380,9,,,1,70,,11264,9,,,1,30,,3652,9,,,1,70,,11259,9,,,1,30,,11266,9,,,1,70,,11255,9,,,1,30,,11261,9,,,1,70,,11258,9,,,1,30,,3802,9,,,1
