10401,'14',618,,3472,6,,,1,30,,886,6,,,1,70,,3499,6,,,1,30,,1115,6,,,1,70,,3466,6,,,1,30,,3490,6,,,1,70,,3484,6,,,1,30,,3485,6,,,1,70,,481,6,,,1,30,,3473,6,,,1,70,,3477,6,,,1,30,,1282,6,,,1,70,,3486,6,,,1,30,,3464,6,,,1,70,,3479,6,,,1,30,,3483,6,,,1,70,,3492,6,,,1,30,,3497,6,,,1,70,,3478,6,,,1,30,,3489,6,,,1,70,,3471,6,,,1,30,,3491,6,,,1,70,,3496,6,,,1,30,,3462,6,,,1,70,,3469,6,,,1
10401,'18',618,,3518,6,,,1,30,,3509,6,,,1,70,,3549,6,,,1,30,,3538,6,,,1,70,,3510,6,,,1,30,,3540,6,,,1,70,,3532,6,,,1,30,,3533,6,,,1,70,,3535,6,,,1,30,,3519,6,,,1,70,,3523,6,,,1,30,,3528,6,,,1,70,,3534,6,,,1,30,,3507,6,,,1,70,,3525,6,,,1,30,,3531,6,,,1,70,,3542,6,,,1,30,,3547,6,,,1,70,,3524,6,,,1,30,,3539,6,,,1,70,,3517,6,,,1,30,,3541,6,,,1,70,,3546,6,,,1,30,,3505,6,,,1,70,,3515,6,,,1
10401,'20',618,,3565,6,,,1,30,,867,6,,,1,70,,3592,6,,,1,30,,1090,6,,,1,70,,3559,6,,,1,30,,3583,6,,,1,70,,3577,6,,,1,30,,3578,6,,,1,70,,443,6,,,1,30,,3566,6,,,1,70,,3570,6,,,1,30,,1261,6,,,1,70,,3579,6,,,1,30,,3557,6,,,1,70,,3572,6,,,1,30,,3576,6,,,1,70,,3585,6,,,1,30,,3590,6,,,1,70,,3571,6,,,1,30,,3582,6,,,1,70,,3564,6,,,1,30,,3584,6,,,1,70,,3589,6,,,1,30,,3555,6,,,1,70,,3562,6,,,1
10401,'8',618,,3611,6,,,1,30,,3602,6,,,1,70,,3642,6,,,1,30,,3631,6,,,1,70,,3603,6,,,1,30,,3633,6,,,1,70,,3625,6,,,1,30,,3626,6,,,1,70,,3628,6,,,1,30,,3612,6,,,1,70,,3616,6,,,1,30,,3621,6,,,1,70,,3627,6,,,1,30,,3600,6,,,1,70,,3618,6,,,1,30,,3624,6,,,1,70,,3635,6,,,1,30,,3640,6,,,1,70,,3617,6,,,1,30,,3632,6,,,1,70,,3610,6,,,1,30,,3634,6,,,1,70,,3639,6,,,1,30,,3598,6,,,1,70,,3608,6,,,1
20401,'11',718,,6480,6,,,1,30,,6470,6,,,1,70,,6512,6,,,1,30,,6514,6,,,1,70,,6496,6,,,1,30,,6508,6,,,1,70,,6464,6,,,1,30,,6492,6,,,1,70,,6472,6,,,1,30,,6468,6,,,1,70,,6477,6,,,1,30,,6497,6,,,1,70,,6515,6,,,1,30,,6489,6,,,1,70,,6502,6,,,1,30,,6479,6,,,1,70,,6516,6,,,1,30,,6506,6,,,1,70,,6485,6,,,1,30,,6501,6,,,1,70,,6503,6,,,1,30,,6493,6,,,1,70,,6500,6,,,1,30,,6478,6,,,1,70,,6487,6,,,1,30,,6471,6,,,1,70,,6469,6,,,1,30,,6463,6,,,1
20401,'14',1848,,6523,6,,,1,70,,6526,6,,,1,30,,6531,6,,,1,70,,6518,6,,,1,30,,767,6,,,1,70,,6528,6,,,1,30,,455,6,,,1,70,,6520,6,,,1,30,,6522,6,,,1,70,,6530,6,,,1
20401,'18',1848,,6543,6,,,1,70,,6546,6,,,1,30,,6551,6,,,1,70,,6537,6,,,1,30,,6540,6,,,1,70,,6548,6,,,1,30,,6534,6,,,1,70,,6539,6,,,1,30,,6542,6,,,1,70,,6550,6,,,1
20401,'20',1848,,6559,6,,,1,70,,6562,6,,,1,30,,6567,6,,,1,70,,6555,6,,,1,30,,707,6,,,1,70,,6564,6,,,1,30,,417,6,,,1,70,,813,6,,,1,30,,6558,6,,,1,70,,6566,6,,,1
20401,'4',718,,6588,6,,,1,30,,6578,6,,,1,70,,6621,6,,,1,30,,6623,6,,,1,70,,6604,6,,,1,30,,6617,6,,,1,70,,6572,6,,,1,30,,6600,6,,,1,70,,6580,6,,,1,30,,6576,6,,,1,70,,6585,6,,,1,30,,6605,6,,,1,70,,6624,6,,,1,30,,6597,6,,,1,70,,6611,6,,,1,30,,6587,6,,,1,70,,6625,6,,,1,30,,6615,6,,,1,70,,6593,6,,,1,30,,6610,6,,,1,70,,6612,6,,,1,30,,6601,6,,,1,70,,6609,6,,,1,30,,6586,6,,,1,70,,6595,6,,,1,30,,6579,6,,,1,70,,6577,6,,,1,30,,6571,6,,,1
20401,'8',1848,,6635,6,,,1,70,,6638,6,,,1,30,,6643,6,,,1,70,,6629,6,,,1,30,,6632,6,,,1,70,,6640,6,,,1,30,,6626,6,,,1,70,,6631,6,,,1,30,,6634,6,,,1,70,,6642,6,,,1
