11600,'14',642,,5859,8,,,1,70,,5870,8,,,1,30,,5842,8,,,1,70,,5846,8,,,1,30,,5865,8,,,1,70,,5838,8,,,1,30,,402,8,,,1,70,,5862,8,,,1,30,,5866,8,,,1,70,,5874,8,,,1,30,,5849,8,,,1,70,,5878,8,,,1,30,,5850,8,,,1,70,,5871,8,,,1,30,,5847,8,,,1,70,,5844,8,,,1,30,,5869,8,,,1,70,,5863,8,,,1,30,,5854,8,,,1,70,,627,8,,,1,30,,5843,8,,,1,70,,5851,8,,,1,30,,5839,8,,,1
11600,'18',642,,5904,8,,,1,70,,5916,8,,,1,30,,5884,8,,,1,70,,5888,8,,,1,30,,5911,8,,,1,70,,5880,8,,,1,30,,5908,8,,,1,70,,5907,8,,,1,30,,5912,8,,,1,70,,5920,8,,,1,30,,5892,8,,,1,70,,5924,8,,,1,30,,5893,8,,,1,70,,5917,8,,,1,30,,5889,8,,,1,70,,5886,8,,,1,30,,5915,8,,,1,70,,5909,8,,,1,30,,5899,8,,,1,70,,5896,8,,,1,30,,5885,8,,,1,70,,5894,8,,,1,30,,5881,8,,,1
11600,'20',642,,5947,8,,,1,70,,5958,8,,,1,30,,5930,8,,,1,70,,5934,8,,,1,30,,5953,8,,,1,70,,5926,8,,,1,30,,352,8,,,1,70,,5950,8,,,1,30,,5954,8,,,1,70,,5962,8,,,1,30,,5937,8,,,1,70,,5966,8,,,1,30,,5938,8,,,1,70,,5959,8,,,1,30,,5935,8,,,1,70,,5932,8,,,1,30,,5957,8,,,1,70,,5951,8,,,1,30,,5942,8,,,1,70,,607,8,,,1,30,,5931,8,,,1,70,,5939,8,,,1,30,,5927,8,,,1
11600,'8',642,,5992,8,,,1,70,,6004,8,,,1,30,,5972,8,,,1,70,,5976,8,,,1,30,,5999,8,,,1,70,,5968,8,,,1,30,,5996,8,,,1,70,,5995,8,,,1,30,,6000,8,,,1,70,,6008,8,,,1,30,,5980,8,,,1,70,,6012,8,,,1,30,,5981,8,,,1,70,,6005,8,,,1,30,,5977,8,,,1,70,,5974,8,,,1,30,,6003,8,,,1,70,,5997,8,,,1,30,,5987,8,,,1,70,,5984,8,,,1,30,,5973,8,,,1,70,,5982,8,,,1,30,,5969,8,,,1
21600,'11',712,,7922,8,,,1,30,,7962,8,,,1,70,,7944,8,,,1,30,,7924,8,,,1,70,,7945,8,,,1,30,,7929,8,,,1,70,,7958,8,,,1,30,,7965,8,,,1,70,,7931,8,,,1,30,,7955,8,,,1,70,,7913,8,,,1,30,,1971,8,,,1,70,,7950,8,,,1,30,,7941,8,,,1,70,,7916,8,,,1,30,,7928,8,,,1,70,,7938,8,,,1,30,,7957,8,,,1,70,,7946,8,,,1,30,,7921,8,,,1,70,,7940,8,,,1,30,,7949,8,,,1,70,,7926,8,,,1,30,,7915,8,,,1,70,,7964,8,,,1,30,,7943,8,,,1,70,,7963,8,,,1,30,,7966,8,,,1,70,,7917,8,,,1
21600,'14',1812,,7992,8,,,1,30,,7976,8,,,1,70,,7977,8,,,1,30,,7985,8,,,1,70,,7984,8,,,1,30,,7981,8,,,1,70,,7974,8,,,1,30,,7988,8,,,1,70,,7982,8,,,1,30,,7986,8,,,1,70,,7975,8,,,1,30,,7979,8,,,1
21600,'18',1812,,8016,8,,,1,30,,7999,8,,,1,70,,8000,8,,,1,30,,8009,8,,,1,70,,8008,8,,,1,30,,8005,8,,,1,70,,7997,8,,,1,30,,8012,8,,,1,70,,8006,8,,,1,30,,8010,8,,,1,70,,7998,8,,,1,30,,8002,8,,,1
21600,'20',1812,,8040,8,,,1,30,,8023,8,,,1,70,,8024,8,,,1,30,,8033,8,,,1,70,,8032,8,,,1,30,,8029,8,,,1,70,,8021,8,,,1,30,,8036,8,,,1,70,,8030,8,,,1,30,,8034,8,,,1,70,,8022,8,,,1,30,,8026,8,,,1
21600,'4',712,,8050,8,,,1,30,,8091,8,,,1,70,,8072,8,,,1,30,,8052,8,,,1,70,,8073,8,,,1,30,,8057,8,,,1,70,,8087,8,,,1,30,,8094,8,,,1,70,,8059,8,,,1,30,,8084,8,,,1,70,,8041,8,,,1,30,,8074,8,,,1,70,,8079,8,,,1,30,,8069,8,,,1,70,,8044,8,,,1,30,,8056,8,,,1,70,,8066,8,,,1,30,,8086,8,,,1,70,,8075,8,,,1,30,,8049,8,,,1,70,,8068,8,,,1,30,,8078,8,,,1,70,,8054,8,,,1,30,,8043,8,,,1,70,,8093,8,,,1,30,,8071,8,,,1,70,,8092,8,,,1,30,,8095,8,,,1,70,,8045,8,,,1
21600,'8',1812,,8122,8,,,1,30,,8105,8,,,1,70,,8106,8,,,1,30,,8115,8,,,1,70,,8114,8,,,1,30,,8111,8,,,1,70,,8103,8,,,1,30,,8118,8,,,1,70,,8112,8,,,1,30,,8116,8,,,1,70,,8104,8,,,1,30,,8108,8,,,1
