10601,'12',558,,9166,6,,,1,100,,9177,6,,,1,70,,9172,6,,,1,30,,9178,6,,,1,70,,9175,6,,,1,30,,9162,6,,,1,70,,9171,6,0,17,1,30,,4862,6,,,1,100,,9164,6,,,1,100,,9163,6,,,1,100,,9173,6,,,1,100,,9179,6,,,1,70,,9180,6,,,1,30,,9170,6,,,1,70,,9174,6,,,1,30,,9167,6,,,1,70,,9169,6,,,1,30,,9168,6,,,1,70,,9165,6,,,1,30,,9176,6,,,1
10601,'5',558,,9185,6,,,1,100,,9197,6,,,1,70,,9192,6,,,1,30,,9198,6,,,1,70,,9195,6,,,1,30,,9181,6,,,1,70,,9191,6,0,17,1,30,,9186,6,,,1,100,,9183,6,,,1,100,,9182,6,,,1,100,,9193,6,,,1,100,,9199,6,,,1,70,,9200,6,,,1,30,,9190,6,,,1,70,,9194,6,,,1,30,,9187,6,,,1,70,,9189,6,,,1,30,,9188,6,,,1,70,,9184,6,,,1,30,,9196,6,,,1
10601,'9',558,,9205,6,,,1,100,,9216,6,,,1,70,,9211,6,,,1,30,,9217,6,,,1,70,,9214,6,,,1,30,,9201,6,,,1,70,,9210,6,0,17,1,30,,4816,6,,,1,100,,9203,6,,,1,100,,9202,6,,,1,100,,9212,6,,,1,100,,9218,6,,,1,70,,9219,6,,,1,30,,9209,6,,,1,70,,9213,6,,,1,30,,9206,6,,,1,70,,9208,6,,,1,30,,9207,6,,,1,70,,9204,6,,,1,30,,9215,6,,,1
11201,'12',712,,10048,8,,,1,100,,10055,8,,,1,100,,10064,8,,,1,100,,10061,8,,,1,100,,10051,8,,,1,100,,10060,8,,,1,100,,10046,8,,,1,100,,10045,8,,,1,100,,10057,8,,,1,100,,4735,8,,,1,100,,10056,8,0,17,1
11201,'5',712,,10076,8,,,1,100,,10069,8,,,1,100,,10070,8,,,1,100,,10079,8,,,1,100,,10072,8,,,1,100,,10083,8,,,1,100,,10067,8,,,1,100,,10066,8,,,1,100,,10080,8,,,1,100,,10078,8,,,1,100,,10077,8,0,17,1
11201,'9',712,,10097,8,,,1,100,,10108,8,,,1,100,,10094,8,,,1,100,,10099,8,,,1,100,,10093,8,,,1,100,,10104,8,,,1,100,,10089,8,,,1,100,,10088,8,,,1,100,,10101,8,,,1,100,,4644,8,,,1,100,,10098,8,0,17,1
20601,'12',1826,,6564,6,,,1,30,,3428,6,,,1,70,,4279,6,,,1,30,,3725,6,,,1,70,,11174,6,,,1,30,,11180,6,,,1,70,,11171,6,,,1,30,,11176,6,,,1,70,,11173,6,,,1,30,,3876,6,,,1
20601,'5',1826,,11201,6,,,1,30,,11198,6,,,1,70,,11196,6,,,1,30,,11187,6,,,1,70,,11191,6,,,1,30,,11199,6,,,1,70,,11185,6,,,1,30,,11193,6,,,1,70,,11190,6,,,1,30,,11189,6,,,1
20601,'7',656,,11223,6,,,1,70,,7731,6,,,1,30,,11206,6,,,1,70,,11251,6,,,1,30,,11226,6,,,1,70,,11222,6,,,1,30,,7943,6,,,1,70,,11253,6,,,1,30,,6383,6,,,1,70,,11233,6,,,1,30,,11217,6,,,1,70,,11211,6,,,1,30,,11221,6,,,1,70,,11241,6,,,1,30,,11249,6,,,1,70,,11225,6,,,1,30,,11229,6,,,1,70,,11237,6,,,1,30,,11234,6,,,1,70,,11235,6,,,1,30,,11218,6,,,1,70,,11213,6,,,1,30,,11248,6,,,1,70,,11212,6,,,1,30,,6919,6,,,1,70,,11239,6,,,1,30,,11224,6,,,1,70,,11240,6,,,1
20601,'9',1826,,6528,6,,,1,30,,3380,6,,,1,70,,11264,6,,,1,30,,3652,6,,,1,70,,11259,6,,,1,30,,11266,6,,,1,70,,11255,6,,,1,30,,11261,6,,,1,70,,11258,6,,,1,30,,3802,6,,,1
