10400,'12',637,,5394,11,0,11 12,1,70,,8704,11,0,11 12,1,30,,8705,11,0,11 12,1,70,,8710,11,0,11 12,1,30,,8715,11,0,11 12,1,70,,8712,11,0,11 12,1,30,,8709,11,0,11 12,1,70,,8701,11,0,11 12,1,30,,8700,11,0,11 12,1,70,,8707,11,0,11 12,1,30,,8699,11,0,11 12,1,70,,8698,11,0,11 12,1,30,,8714,11,0,11 12,1,70,,8703,11,0,11 12,1,30,,8720,11,0,11 12,1,70,,8716,11,0,11 12,1,30,,8706,11,0,11 12,1,70,,8718,11,0,11 12,1,30,,8713,11,0,11 12,1,70,,8702,11,0,11 12,1,30,,8719,11,0,11 12,1,70,,8717,11,0,11 12,1,30,,8711,11,0,11 12,1,70,,8708,11,0,11 12,1,30,,8721,11,0,11 12,1
10400,'5',637,,8728,11,0,11 12,1,70,,8729,11,0,11 12,1,30,,8730,11,0,11 12,1,70,,8735,11,0,11 12,1,30,,8740,11,0,11 12,1,70,,8737,11,0,11 12,1,30,,8734,11,0,11 12,1,70,,8725,11,0,11 12,1,30,,8724,11,0,11 12,1,70,,8732,11,0,11 12,1,30,,8723,11,0,11 12,1,70,,8722,11,0,11 12,1,30,,8739,11,0,11 12,1,70,,8727,11,0,11 12,1,30,,8745,11,0,11 12,1,70,,8741,11,0,11 12,1,30,,8731,11,0,11 12,1,70,,8743,11,0,11 12,1,30,,8738,11,0,11 12,1,70,,8726,11,0,11 12,1,30,,8744,11,0,11 12,1,70,,8742,11,0,11 12,1,30,,8736,11,0,11 12,1,70,,8733,11,0,11 12,1,30,,8746,11,0,11 12,1
10400,'9',637,,5322,11,0,11 12,1,70,,8753,11,0,11 12,1,30,,8754,11,0,11 12,1,70,,8759,11,0,11 12,1,30,,8764,11,0,11 12,1,70,,8761,11,0,11 12,1,30,,8758,11,0,11 12,1,70,,8750,11,0,11 12,1,30,,8749,11,0,11 12,1,70,,8756,11,0,11 12,1,30,,8748,11,0,11 12,1,70,,8747,11,0,11 12,1,30,,8763,11,0,11 12,1,70,,8752,11,0,11 12,1,30,,8769,11,0,11 12,1,70,,8765,11,0,11 12,1,30,,8755,11,0,11 12,1,70,,8767,11,0,11 12,1,30,,8762,11,0,11 12,1,70,,8751,11,0,11 12,1,30,,8768,11,0,11 12,1,70,,8766,11,0,11 12,1,30,,8760,11,0,11 12,1,70,,8757,11,0,11 12,1,30,,8770,11,0,11 12,1
20301,'12',2405,,10812,12,,,1
20301,'5',2405,,10822,12,,,1
20301,'9',2405,,10856,12,,,1
20400,'12',1908,,10868,12,,,1,30,,10867,12,,,1,70,,10870,12,,,1,30,,10871,12,,,1,70,,10863,12,,,1,30,,10864,12,,,1,70,,10865,12,,,1,30,,10869,12,,,1,70,,10866,12,,,1,30,,10872,12,,,1
20400,'5',1908,,10878,12,,,1,30,,10877,12,,,1,70,,10880,12,,,1,30,,10881,12,,,1,70,,10873,12,,,1,30,,10874,12,,,1,70,,10875,12,,,1,30,,10879,12,,,1,70,,10876,12,,,1,30,,10882,12,,,1
20400,'7',738,,10904,12,,,1,70,,6840,12,,,1,30,,10905,12,,,1,70,,10885,12,,,1,30,,7137,12,,,1,70,,10892,12,,,1,30,,10900,12,,,1,70,,10901,12,,,1,30,,10908,12,,,1,70,,10899,12,,,1,30,,10886,12,,,1,70,,10893,12,,,1,30,,10883,12,,,1,70,,10894,12,,,1,30,,10906,12,,,1,70,,10907,12,,,1,30,,10897,12,,,1,70,,10890,12,,,1,30,,10887,12,,,1,70,,10903,12,,,1,30,,10884,12,,,1,70,,10895,12,,,1,30,,10888,12,,,1,70,,10889,12,,,1,30,,10891,12,,,1,70,,10896,12,,,1,30,,10898,12,,,1,70,,10902,12,,,1
20400,'9',1908,,10914,12,,,1,30,,10913,12,,,1,70,,10916,12,,,1,30,,10917,12,,,1,70,,10909,12,,,1,30,,10910,12,,,1,70,,10911,12,,,1,30,,10915,12,,,1,70,,10912,12,,,1,30,,10918,12,,,1
