10500,'14',557,,3682,3,,,1,100,,3668,3,,,1,70,,3649,3,,,1,30,,3679,3,,,1,70,,3650,3,,,1,30,,3678,3,,,1,70,,3665,3,,,1,30,,3648,3,,,1,100,,3664,3,,,1,100,,1449,3,,,1,100,,3662,3,,,1,100,,3661,3,,,1,100,,3657,3,,,1,70,,3653,3,,,1,30,,3667,3,,,1,70,,3671,3,,,1,30,,1017,3,,,1,70,,3660,3,,,1,30,,3680,3,,,1
10500,'18',557,,3720,3,,,1,100,,3704,3,,,1,70,,3684,3,,,1,30,,3717,3,,,1,70,,3685,3,,,1,30,,3716,3,,,1,70,,3700,3,,,1,30,,3683,3,,,1,100,,3699,3,,,1,100,,3707,3,,,1,100,,3697,3,,,1,100,,3696,3,,,1,100,,3692,3,,,1,70,,3688,3,,,1,30,,3703,3,,,1,70,,3709,3,,,1,30,,3705,3,,,1,70,,3695,3,,,1,30,,3718,3,,,1
10500,'20',557,,3755,3,,,1,100,,3740,3,,,1,70,,3722,3,,,1,30,,3752,3,,,1,70,,3723,3,,,1,30,,3751,3,,,1,70,,3737,3,,,1,30,,3721,3,,,1,100,,3736,3,,,1,100,,3742,3,,,1,100,,3734,3,,,1,100,,3733,3,,,1,100,,3729,3,,,1,70,,806,3,,,1,30,,3739,3,,,1,70,,3744,3,,,1,30,,969,3,,,1,70,,3732,3,,,1,30,,3753,3,,,1
10500,'8',557,,3793,3,,,1,100,,3777,3,,,1,70,,3757,3,,,1,30,,3790,3,,,1,70,,3758,3,,,1,30,,3789,3,,,1,70,,3773,3,,,1,30,,3756,3,,,1,100,,3772,3,,,1,100,,3780,3,,,1,100,,3770,3,,,1,100,,3769,3,,,1,100,,3765,3,,,1,70,,3761,3,,,1,30,,3776,3,,,1,70,,3782,3,,,1,30,,3778,3,,,1,70,,3768,3,,,1,30,,3791,3,,,1
20500,'11',657,,6648,3,,,1,100,,6658,3,,,1,100,,6654,3,,,1,100,,6662,3,,,1,100,,6667,3,,,1,100,,6647,3,,,1,100,,6668,3,,,1,100,,6663,3,,,1,100,,6669,3,,,1,100,,6646,3,,,1,100,,2735,3,,,1,100,,6665,3,,,1,100,,2642,3,,,1,100,,6650,3,,,1
20500,'14',1857,,6671,3,,,1,100,,6672,3,,,1,100,,1735,3,,,1,100,,6677,3,,,1
20500,'18',1857,,6678,3,,,1,100,,6679,3,,,1,100,,6682,3,,,1,100,,6685,3,,,1
20500,'20',1857,,6686,3,,,1,100,,6687,3,,,1,100,,1687,3,,,1,100,,6692,3,,,1
20500,'4',657,,6696,3,,,1,100,,6707,3,,,1,100,,6703,3,,,1,100,,6711,3,,,1,100,,6717,3,,,1,100,,6695,3,,,1,100,,6718,3,,,1,100,,6712,3,,,1,100,,6719,3,,,1,100,,6693,3,,,1,100,,6713,3,,,1,100,,6715,3,,,1,100,,6694,3,,,1,100,,6699,3,,,1
20500,'8',1857,,6721,3,,,1,100,,6722,3,,,1,100,,6725,3,,,1,100,,6728,3,,,1
