10501,'14',627,,3819,4,,,1,100,,3820,4,,,1,30,,3828,4,,,1,70,,3816,4,,,1,30,,3798,4,,,1,70,,3806,4,,,1,30,,3826,4,,,1,70,,3812,4,,,1,100,,3796,4,,,1,100,,3811,4,,,1,100,,3814,4,,,1,100,,3794,4,,,1,100,,3813,4,,,1,30,,3823,4,,,1,70,,3822,4,,,1,30,,3821,4,,,1,70,,3818,4,,,1,30,,3829,4,,,1,70,,3825,4,,,1
10501,'18',627,,3857,4,,,1,100,,3858,4,,,1,30,,3866,4,,,1,70,,3854,4,,,1,30,,3834,4,,,1,70,,3843,4,,,1,30,,3864,4,,,1,70,,3849,4,,,1,100,,3832,4,,,1,100,,3848,4,,,1,100,,3852,4,,,1,100,,3830,4,,,1,100,,3850,4,,,1,30,,3861,4,,,1,70,,3860,4,,,1,30,,3859,4,,,1,70,,3856,4,,,1,30,,3867,4,,,1,70,,3863,4,,,1
10501,'20',627,,3893,4,,,1,100,,3894,4,,,1,30,,3902,4,,,1,70,,3890,4,,,1,30,,3872,4,,,1,70,,3880,4,,,1,30,,3900,4,,,1,70,,3886,4,,,1,100,,3870,4,,,1,100,,3885,4,,,1,100,,3888,4,,,1,100,,3868,4,,,1,100,,3887,4,,,1,30,,3897,4,,,1,70,,3896,4,,,1,30,,3895,4,,,1,70,,3892,4,,,1,30,,3903,4,,,1,70,,3899,4,,,1
10501,'8',627,,3931,4,,,1,100,,3932,4,,,1,30,,3940,4,,,1,70,,3928,4,,,1,30,,3908,4,,,1,70,,3917,4,,,1,30,,3938,4,,,1,70,,3923,4,,,1,100,,3906,4,,,1,100,,3922,4,,,1,100,,3926,4,,,1,100,,3904,4,,,1,100,,3924,4,,,1,30,,3935,4,,,1,70,,3934,4,,,1,30,,3933,4,,,1,70,,3930,4,,,1,30,,3941,4,,,1,70,,3937,4,,,1
20501,'11',726,,6751,4,,,1,100,,6752,4,,,1,100,,6738,4,,,1,100,,2515,4,,,1,100,,6753,4,,,1,100,,6750,4,,,1,100,,6740,4,,,1,100,,6748,4,,,1,100,,6730,4,,,1,100,,6735,4,,,1,100,,6734,4,,,1,100,,6732,4,,,1,100,,6742,4,,,1,100,,6747,4,,,1
20501,'14',1926,,6756,4,,,1,100,,6762,4,,,1,100,,6755,4,,,1,100,,6760,4,,,1
20501,'18',1926,,6764,4,,,1,100,,6770,4,,,1,100,,6763,4,,,1,100,,6768,4,,,1
20501,'20',1926,,6772,4,,,1,100,,6778,4,,,1,100,,6771,4,,,1,100,,6776,4,,,1
20501,'4',726,,6803,4,,,1,100,,6804,4,,,1,100,,6789,4,,,1,100,,6796,4,,,1,100,,6805,4,,,1,100,,6802,4,,,1,100,,6791,4,,,1,100,,6800,4,,,1,100,,6780,4,,,1,100,,6786,4,,,1,100,,6785,4,,,1,100,,6783,4,,,1,100,,6793,4,,,1,100,,6799,4,,,1
20501,'8',1926,,6808,4,,,1,100,,6814,4,,,1,100,,6807,4,,,1,100,,6812,4,,,1
