10201,'14',651,,3050,9,,,1,70,,3029,9,,,1,30,,3040,9,,,1,70,,3012,9,,,1,30,,3008,9,,,1,70,,3025,9,,,1,30,,3006,9,,,1,100,,2633,9,,,1,100,,3037,9,,,1,100,,3014,9,,,1,100,,3021,9,,,1,100,,2476,9,,,1,70,,3004,9,,,1,30,,3019,9,,,1,70,,3044,9,,,1,30,,3032,9,,,1,70,,3036,9,,,1,30,,3041,9,,,1
10201,'18',651,,3107,9,,,1,70,,3086,9,,,1,30,,3097,9,,,1,70,,3065,9,,,1,30,,3060,9,,,1,70,,3082,9,,,1,30,,3058,9,,,1,100,,3073,9,,,1,100,,3094,9,,,1,100,,3067,9,,,1,100,,3078,9,,,1,100,,3062,9,,,1,70,,3055,9,,,1,30,,3075,9,,,1,70,,3101,9,,,1,30,,3089,9,,,1,70,,3093,9,,,1,30,,3098,9,,,1
10201,'20',651,,3159,9,,,1,70,,3138,9,,,1,30,,3149,9,,,1,70,,3120,9,,,1,30,,3116,9,,,1,70,,3134,9,,,1,30,,3114,9,,,1,100,,3127,9,,,1,100,,3146,9,,,1,100,,3122,9,,,1,100,,3130,9,,,1,100,,2440,9,,,1,70,,3112,9,,,1,30,,3128,9,,,1,70,,3153,9,,,1,30,,3141,9,,,1,70,,3145,9,,,1,30,,3150,9,,,1
10201,'8',651,,3216,9,,,1,70,,3195,9,,,1,30,,3206,9,,,1,70,,3174,9,,,1,30,,3169,9,,,1,70,,3191,9,,,1,30,,3167,9,,,1,100,,3182,9,,,1,100,,3203,9,,,1,100,,3176,9,,,1,100,,3187,9,,,1,100,,3171,9,,,1,70,,3164,9,,,1,30,,3184,9,,,1,70,,3210,9,,,1,30,,3198,9,,,1,70,,3202,9,,,1,30,,3207,9,,,1
10701,'14',622,,4184,14,,,1,100,,4174,14,,,1,30,,4150,14,,,1,70,,476,14,,,1,30,,4159,14,,,1,70,,4149,14,,,1,100,,4155,14,,,1,100,,4147,14,,,1,100,,4190,14,,,1,103,,4193,14,,,1,97,,4162,14,,,1,30,,4163,14,,,1,70,,4161,14,,,1,30,,4156,14,,,1,73,,4194,14,,,1,27,,4180,14,,,1,73,,4185,14,,,1,30,,4167,14,,,1,67,,4165,14,,,1,100,,4153,14,,,1
10701,'18',622,,4243,14,,,1,100,,4232,14,,,1,30,,4207,14,,,1,70,,4236,14,,,1,30,,4216,14,,,1,70,,4206,14,,,1,100,,4212,14,,,1,100,,4204,14,,,1,100,,4250,14,,,1,103,,4253,14,,,1,97,,4219,14,,,1,30,,4220,14,,,1,70,,4218,14,,,1,30,,4213,14,,,1,73,,4254,14,,,1,27,,4240,14,,,1,73,,4245,14,,,1,30,,4224,14,,,1,67,,4222,14,,,1,100,,4210,14,,,1
10701,'20',622,,4301,14,,,1,100,,4291,14,,,1,30,,4267,14,,,1,70,,438,14,,,1,30,,4276,14,,,1,70,,4266,14,,,1,100,,4272,14,,,1,100,,4264,14,,,1,100,,4307,14,,,1,103,,4310,14,,,1,97,,4279,14,,,1,30,,4280,14,,,1,70,,4278,14,,,1,30,,4273,14,,,1,73,,4311,14,,,1,27,,4297,14,,,1,73,,4302,14,,,1,30,,4284,14,,,1,67,,4282,14,,,1,100,,4270,14,,,1
10701,'8',622,,4360,14,,,1,100,,4349,14,,,1,30,,4324,14,,,1,70,,4353,14,,,1,30,,4333,14,,,1,70,,4323,14,,,1,100,,4329,14,,,1,100,,4321,14,,,1,100,,4367,14,,,1,103,,4370,14,,,1,97,,4336,14,,,1,30,,4337,14,,,1,70,,4335,14,,,1,30,,4330,14,,,1,73,,4371,14,,,1,27,,4357,14,,,1,73,,4362,14,,,1,30,,4341,14,,,1,67,,4339,14,,,1,100,,4327,14,,,1
21001,'11',721,,7406,9,,,1,30,,7399,9,,,1,70,,7407,9,,,1,30,,7396,9,,,1,70,,7414,9,,,1,30,,7415,9,,,1,70,,7395,9,,,1,30,,7400,9,,,1,70,,2572,9,,,1,30,,7417,9,,,1,70,,7404,9,,,1,30,,7411,9,,,1,70,,7418,9,,,1,30,,1974,9,,,1,70,,7401,9,,,1,30,,7397,9,,,1,70,,7402,9,,,1,30,,7419,9,,,1,70,,2600,9,,,1,30,,7409,9,,,1,70,,7410,9,,,1,30,,7412,9,,,1,70,,7403,9,,,1,30,,7416,9,,,1,70,,7398,9,,,1,30,,7413,9,,,1,70,,7405,9,,,1,30,,7408,9,,,1
21001,'14',1851,,7420,9,,,1,70,,7423,9,,,1,30,,7424,9,,,1,70,,7427,9,,,1,30,,7421,9,,,1,70,,7428,9,,,1,30,,7425,9,,,1,70,,7426,9,,,1,30,,7429,9,,,1,70,,7422,9,,,1
21001,'18',1851,,7430,9,,,1,70,,7433,9,,,1,30,,7434,9,,,1,70,,7437,9,,,1,30,,7431,9,,,1,70,,7438,9,,,1,30,,7435,9,,,1,70,,7436,9,,,1,30,,7439,9,,,1,70,,7432,9,,,1
21001,'20',1851,,7440,9,,,1,70,,7443,9,,,1,30,,7444,9,,,1,70,,7447,9,,,1,30,,7441,9,,,1,70,,7448,9,,,1,30,,7445,9,,,1,70,,7446,9,,,1,30,,7449,9,,,1,70,,7442,9,,,1
21001,'4',721,,7462,9,,,1,30,,7454,9,,,1,70,,7463,9,,,1,30,,7451,9,,,1,70,,7470,9,,,1,30,,7471,9,,,1,70,,7450,9,,,1,30,,7455,9,,,1,70,,7458,9,,,1,30,,7475,9,,,1,70,,7460,9,,,1,30,,7467,9,,,1,70,,7476,9,,,1,30,,7472,9,,,1,70,,7456,9,,,1,30,,7452,9,,,1,70,,7457,9,,,1,30,,7477,9,,,1,70,,7474,9,,,1,30,,7465,9,,,1,70,,7466,9,,,1,30,,7468,9,,,1,70,,7459,9,,,1,30,,7473,9,,,1,70,,7453,9,,,1,30,,7469,9,,,1,70,,7461,9,,,1,30,,7464,9,,,1
21001,'8',1851,,7478,9,,,1,70,,7481,9,,,1,30,,7482,9,,,1,70,,7485,9,,,1,30,,7479,9,,,1,70,,7486,9,,,1,30,,7483,9,,,1,70,,7484,9,,,1,30,,7487,9,,,1,70,,7480,9,,,1
