10100,'10',719,,14638,22,4,,1,30,,14639,22,4,,1,70,,14636,22,4,,1,30,,14640,22,4,,1,70,,14634,22,4,,1,29,,14643,22,4,,1,71,,14633,22,4,,1,100,,14632,22,4,,1,100,,14635,22,4,,1,100,,14644,22,4,,1,101,,14628,22,4,,1,100,,14631,22,4,,1,30,,12078,22,4,,1,70,,14629,22,4,,1,30,,14641,22,4,,1,70,,14637,22,4,,1,30,,14630,22,4,,1,70,,14642,22,4,,1
10100,'15',719,,14655,22,4,,1,30,,14656,22,4,,1,70,,14653,22,4,,1,30,,14657,22,4,,1,70,,14651,22,4,,1,29,,14660,22,4,,1,71,,14650,22,4,,1,100,,14649,22,4,,1,100,,14652,22,4,,1,100,,14661,22,4,,1,101,,14645,22,4,,1,100,,14648,22,4,,1,30,,12131,22,4,,1,70,,14646,22,4,,1,30,,14658,22,4,,1,70,,14654,22,4,,1,30,,14647,22,4,,1,70,,14659,22,4,,1
10101,'10',632,,14674,1,,,1,70,,14670,1,,,1,30,,14276,1,,,1,70,,14671,1,,,1,30,,14668,1,,,1,70,,14669,1,,,1,30,,14665,1,,,1,100,,13598,1,,,1,100,,14666,1,,,1,100,,14667,1,,,1,100,,14664,1,,,1,100,,14673,1,,,1,70,,14663,1,,,1,30,,14672,1,,,1,70,,10910,1,,,1,30,,13264,1,,,1,70,,14662,1,,,1,30,,12731,1,,,1
10101,'15',632,,14688,1,,,1,70,,14683,1,,,1,30,,14284,1,,,1,70,,14684,1,,,1,30,,14681,1,,,1,70,,14682,1,,,1,30,,14678,1,,,1,100,,13606,1,,,1,100,,14679,1,,,1,100,,14680,1,,,1,100,,14677,1,,,1,100,,14687,1,,,1,70,,14676,1,,,1,30,,14685,1,,,1,70,,14675,1,,,1,30,,14686,1,,,1,70,,12765,1,,,1,30,,12764,1,,,1
10300,'10',653,,14796,29,4,,1,100,,14803,29,4,,1,70,,14794,29,4,,1,30,,14793,29,4,,1,70,,14807,29,4,,1,30,,14805,29,4,,1,70,,14802,29,4,,1,30,,14797,29,4,,1,100,,14800,29,4,,1,100,,14799,29,4,,1,100,,14791,29,4,,1,100,,14792,29,4,,1,100,,14806,29,4,,1,70,,14795,29,4,,1,30,,14804,29,4,,1,70,,13026,29,4,,1,30,,9159,29,4,,1,70,,14798,29,4,,1,30,,14801,29,4,,1
10300,'15',653,,14812,29,4,,1,100,,14817,29,4,,1,70,,13865,29,4,,1,30,,14810,29,4,,1,70,,12890,29,4,,1,30,,14821,29,4,,1,70,,14820,29,4,,1,30,,14813,29,4,,1,100,,13045,29,4,,1,100,,14815,29,4,,1,100,,14808,29,4,,1,100,,14809,29,4,,1,100,,14823,29,4,,1,70,,14811,29,4,,1,30,,14818,29,4,,1,70,,14819,29,4,,1,30,,14822,29,4,,1,70,,14814,29,4,,1,30,,14816,29,4,,1
10301,'10',602,,14832,1,,,1,100,,14826,1,,,1,30,,14830,1,,,1,70,,9089,1,,,1,30,,14828,1,,,1,70,,14838,1,,,1,30,,14834,1,,,1,70,,14837,1,,,1,100,,14829,1,,,1,100,,14824,1,,,1,100,,14839,1,,,1,100,,14835,1,,,1,100,,14833,1,,,1,30,,14841,1,,,1,70,,14831,1,,,1,30,,14840,1,,,1,70,,14836,1,,,1,30,,14827,1,,,1,70,,14825,1,,,1,30,,14318,1,,,1
10301,'15',602,,14852,1,,,1,100,,14845,1,,,1,30,,14851,1,,,1,70,,9020,1,,,1,30,,14847,1,,,1,70,,14857,1,,,1,30,,14843,1,,,1,70,,14856,1,,,1,100,,14849,1,,,1,100,,14842,1,,,1,100,,14858,1,,,1,100,,14854,1,,,1,100,,14853,1,,,1,30,,14860,1,,,1,70,,14850,1,,,1,30,,14859,1,,,1,70,,14855,1,,,1,30,,14846,1,,,1,70,,14844,1,,,1,30,,14848,1,,,1
10500,'10',545,,15026,1,,,1,100,,15011,1,,,1,70,,15025,1,,,1,30,,15014,1,,,1,70,,15001,1,,,1,30,,15003,1,,,1,70,,15002,1,,,1,30,,15018,1,,,1,100,,13071,1,,,1,100,,15008,1,,,1,100,,11399,1,,,1,100,,12927,1,,,1,100,,15005,1,,,1,70,,15028,1,,,1,30,,15024,1,,,1,70,,15013,1,,,1,30,,15004,1,,,1,70,,15015,1,,,1,30,,15020,1,,,1
10500,'15',545,,15059,1,,,1,100,,15043,1,,,1,70,,15058,1,,,1,30,,15046,1,,,1,70,,15033,1,,,1,30,,15035,1,,,1,70,,15034,1,,,1,30,,15051,1,,,1,100,,15047,1,,,1,100,,15040,1,,,1,100,,11309,1,,,1,100,,12948,1,,,1,100,,15037,1,,,1,70,,15061,1,,,1,30,,15057,1,,,1,70,,15045,1,,,1,30,,15036,1,,,1,70,,15048,1,,,1,30,,15053,1,,,1
10501,'10',639,,15090,20,4,,1,100,,15088,20,4,,1,70,,15094,20,4,,1,30,,15083,20,4,,1,70,,15081,20,4,,1,30,,15075,20,4,,1,70,,15097,20,4,,1,30,,15065,20,4,,1,100,,15070,20,4,,1,100,,13733,20,4,,1,100,,12302,20,4,,1,100,,15095,20,4,,1,100,,15085,20,4,,1,70,,15082,20,4,,1,30,,15099,20,4,,1,70,,15068,20,4,,1,30,,15077,20,4,,1,70,,15078,20,4,,1,30,,15096,20,4,,1
10501,'15',639,,15126,20,4,,1,100,,15124,20,4,,1,70,,15130,20,4,,1,30,,15119,20,4,,1,70,,15117,20,4,,1,30,,15111,20,4,,1,70,,15133,20,4,,1,30,,15101,20,4,,1,100,,15106,20,4,,1,100,,13750,20,4,,1,100,,12345,20,4,,1,100,,15131,20,4,,1,100,,15121,20,4,,1,70,,15118,20,4,,1,30,,15135,20,4,,1,70,,15104,20,4,,1,30,,15113,20,4,,1,70,,15114,20,4,,1,30,,15132,20,4,,1
11100,'10',612,,13531,16,4,,1,30,,15654,16,4,,1,70,,15666,16,4,,1,30,,15665,16,4,,1,70,,15667,16,4,,1,30,,15660,16,4,,1,70,,15656,16,4,,1,30,,15647,16,4,,1,70,,15651,16,4,,1,30,,15663,16,4,,1,70,,15658,16,4,,1,30,,15652,16,4,,1,70,,15657,16,4,,1,30,,15650,16,4,,1,70,,15664,16,4,,1,30,,15662,16,4,,1,70,,15659,16,4,,1,30,,14537,16,4,,1,70,,13744,16,4,,1,30,,15655,16,4,,1,70,,15661,16,4,,1,30,,15646,16,4,,1,70,,15648,16,4,,1,30,,13077,16,4,,1,70,,15649,16,4,,1,30,,15653,16,4,,1
11100,'15',612,,13577,16,4,,1,30,,15675,16,4,,1,70,,15687,16,4,,1,30,,15686,16,4,,1,70,,15689,16,4,,1,30,,15679,16,4,,1,70,,15676,16,4,,1,30,,15668,16,4,,1,70,,15672,16,4,,1,30,,15685,16,4,,1,70,,15678,16,4,,1,30,,15682,16,4,,1,70,,15688,16,4,,1,30,,15671,16,4,,1,70,,15683,16,4,,1,30,,15669,16,4,,1,70,,12262,16,4,,1,30,,14559,16,4,,1,70,,15684,16,4,,1,30,,15681,16,4,,1,70,,12221,16,4,,1,30,,15674,16,4,,1,70,,15670,16,4,,1,30,,15673,16,4,,1,70,,15680,16,4,,1,30,,15677,16,4,,1
11101,'10',615,,15709,1,,,1,30,,15699,1,,,1,70,,15692,1,,,1,30,,15710,1,,,1,70,,15695,1,,,1,30,,15705,1,,,1,70,,15700,1,,,1,30,,15711,1,,,1,70,,15702,1,,,1,30,,15704,1,,,1,70,,15708,1,,,1,30,,15696,1,,,1,70,,15690,1,,,1,30,,15712,1,,,1,70,,15698,1,,,1,30,,15703,1,,,1,70,,13339,1,,,1,30,,15691,1,,,1,70,,15706,1,,,1,30,,15701,1,,,1,70,,12373,1,,,1,30,,15694,1,,,1,70,,15697,1,,,1,30,,15693,1,,,1,70,,15707,1,,,1
11101,'15',615,,15732,1,,,1,30,,15722,1,,,1,70,,15716,1,,,1,30,,15733,1,,,1,70,,15718,1,,,1,30,,15727,1,,,1,70,,15723,1,,,1,30,,15734,1,,,1,70,,15725,1,,,1,30,,13222,1,,,1,70,,15731,1,,,1,30,,15726,1,,,1,70,,15714,1,,,1,30,,15721,1,,,1,70,,12812,1,,,1,30,,15713,1,,,1,70,,13351,1,,,1,30,,15730,1,,,1,70,,15719,1,,,1,30,,15729,1,,,1,70,,15728,1,,,1,30,,15724,1,,,1,70,,15717,1,,,1,30,,15720,1,,,1,70,,15715,1,,,1
11200,'10',645,,15735,1,,,1,100,,15740,1,,,1,100,,15736,1,,,1,100,,15741,1,,,1,100,,15744,1,,,1,100,,15742,1,,,1,100,,15743,1,,,1,100,,15745,1,,,1,100,,15737,1,,,1,100,,15739,1,,,1,100,,15738,1,,,1
11200,'15',645,,15747,1,,,1,100,,15746,1,,,1,100,,15755,1,,,1,100,,13573,1,,,1,100,,15753,1,,,1,100,,15751,1,,,1,100,,15752,1,,,1,100,,15754,1,,,1,100,,15748,1,,,1,100,,15750,1,,,1,100,,15749,1,,,1
11201,'10',737,,15771,33,4,,1,100,,15772,33,4,,1,100,,15763,33,4,,1,100,,15774,33,4,,1,100,,15765,33,4,,1,100,,15775,33,4,,1,100,,15766,33,4,,1,107,,15758,33,4,,1,93,,15759,33,4,,1,100,,15757,33,4,,1,100,,15768,33,4,,1
11201,'15',737,,13484,33,4,,1,100,,15781,33,4,,1,100,,15788,33,4,,1,100,,15790,33,4,,1,100,,15782,33,4,,1,100,,15793,33,4,,1,100,,15783,33,4,,1,107,,15777,33,4,,1,93,,15778,33,4,,1,100,,15776,33,4,,1,100,,15785,33,4,,1
11300,'10',615,,15826,1,,,1,100,,15812,1,,,1,100,,15828,1,,,1,100,,15814,1,,,1,100,,15796,1,,,1,100,,15807,1,,,1,100,,15809,1,,,1,100,,15825,1,,,1,100,,15802,1,,,1,100,,15800,1,,,1,100,,15818,1,,,1,100,,15820,1,,,1,100,,9009,1,,,1
11300,'15',615,,15858,1,,,1,100,,15842,1,,,1,100,,15862,1,,,1,100,,15844,1,,,1,100,,15830,1,,,1,100,,15840,1,,,1,100,,15850,1,,,1,100,,15856,1,,,1,100,,15859,1,,,1,100,,15832,1,,,1,100,,15834,1,,,1,100,,13164,1,,,1,100,,15863,1,,,1
11301,'10',557,,15875,1,0,14 15 16,1,47,,15893,4,4,,1,53,,15883,1,0,14 15 16,1,47,,15894,4,4,,1,53,,13960,1,0,14 15 16,1,47,,15886,4,4,,1,53,,15876,1,0,14 15 16,1,47,,15888,4,4,,1,53,,15881,1,0,14 15 16,1,47,,15902,4,4,,1,53,,15887,1,0,14 15 16,1,47,,15895,4,4,,1,53,,15867,1,0,14 15 16,1,47,,15901,4,4,,1,53,,15897,1,0,14 15 16,1,47,,15869,4,4,,1,53,,14548,1,0,14 15 16,1,47,,15890,4,4,,1,53,,15872,1,0,14 15 16,1,47,,15896,4,4,,1,53,,15868,1,0,14 15 16,1,47,,15891,4,4,,1,53,,15873,1,0,14 15 16,1,47,,15892,4,4,,1,53,,15870,1,0,14 15 16,1,47,,15882,4,4,,1,53,,15898,1,0,14 15 16,1,47,,12070,4,4,,1
11301,'15',557,,15914,1,0,14 15 16,1,47,,15932,4,4,,1,53,,15918,1,0,14 15 16,1,47,,15933,4,4,,1,53,,15937,1,0,14 15 16,1,47,,15923,4,4,,1,53,,15915,1,0,14 15 16,1,47,,15925,4,4,,1,53,,15917,1,0,14 15 16,1,47,,15941,4,4,,1,53,,15924,1,0,14 15 16,1,47,,15934,4,4,,1,53,,15907,1,0,14 15 16,1,47,,15940,4,4,,1,53,,15912,1,0,14 15 16,1,47,,15911,4,4,,1,53,,14570,1,0,14 15 16,1,47,,15929,4,4,,1,53,,15930,1,0,14 15 16,1,47,,15909,4,4,,1,53,,15926,1,0,14 15 16,1,47,,15904,4,4,,1,53,,15905,1,0,14 15 16,1,47,,15910,4,4,,1,53,,15936,1,0,14 15 16,1,47,,15928,4,4,,1,53,,15935,1,0,14 15 16,1,47,,12123,4,4,,1
20300,'10',1922,,16219,30,4,,1,30,,16225,30,4,,1,70,,16221,30,4,,1,30,,16220,30,4,,1,70,,16218,30,4,,1,30,,16222,30,4,,1,70,,16226,30,4,,1,30,,16224,30,4,,1,70,,16223,30,4,,1
20300,'15',1922,,16229,30,4,,1,30,,16234,30,4,,1,70,,16227,30,4,,1,30,,16230,30,4,,1,70,,16228,30,4,,1,30,,16231,30,4,,1,70,,16235,30,4,,1,30,,16233,30,4,,1,70,,16232,30,4,,1
20300,'7',752,,16236,30,4,,1,70,,16262,30,4,,1,30,,16260,30,4,,1,70,,16257,30,4,,1,30,,16240,30,4,,1,70,,16254,30,4,,1,30,,16256,30,4,,1,70,,16242,30,4,,1,30,,16245,30,4,,1,70,,16247,30,4,,1,30,,16249,30,4,,1,70,,16238,30,4,,1,30,,16243,30,4,,1,70,,16258,30,4,,1,30,,16250,30,4,,1,70,,16239,30,4,,1,30,,16241,30,4,,1,70,,16246,30,4,,1,30,,16252,30,4,,1,70,,16244,30,4,,1,30,,16261,30,4,,1,70,,16251,30,4,,1,30,,16255,30,4,,1,70,,16253,30,4,,1,30,,16248,30,4,,1,70,,16237,30,4,,1,30,,16259,30,4,,1
20301,'10',1902,,16264,1,0,9 3 10,1,30,,16270,1,0,9 3 10,1,70,,16268,1,0,9 3 10,1,30,,14449,1,0,9 3 10,1,70,,16263,1,0,9 3 10,1,30,,16271,1,0,9 3 10,1,70,,16267,1,0,9 3 10,1,30,,16272,1,0,9 3 10,1,70,,16266,1,0,9 3 10,1,30,,16265,1,0,9 3 10,1
20301,'15',1902,,16274,1,0,9 3 10,1,30,,16280,1,0,9 3 10,1,70,,16278,1,0,9 3 10,1,30,,14471,1,0,9 3 10,1,70,,16273,1,0,9 3 10,1,30,,16281,1,0,9 3 10,1,70,,16277,1,0,9 3 10,1,30,,16282,1,0,9 3 10,1,70,,16276,1,0,9 3 10,1,30,,16275,1,0,9 3 10,1
20301,'7',702,,16304,1,0,9 3 10,1,30,,16288,1,0,9 3 10,1,70,,16283,1,0,9 3 10,1,30,,16307,1,0,9 3 10,1,70,,16300,1,0,9 3 10,1,30,,16306,1,0,9 3 10,1,70,,16299,1,0,9 3 10,1,30,,16303,1,0,9 3 10,1,70,,16301,1,0,9 3 10,1,30,,16295,1,0,9 3 10,1,70,,16287,1,0,9 3 10,1,30,,16293,1,0,9 3 10,1,70,,16290,1,0,9 3 10,1,30,,16310,1,0,9 3 10,1,70,,16298,1,0,9 3 10,1,30,,16302,1,0,9 3 10,1,70,,16286,1,0,9 3 10,1,30,,16285,1,0,9 3 10,1,70,,16297,1,0,9 3 10,1,30,,16284,1,0,9 3 10,1,70,,16308,1,0,9 3 10,1,30,,16294,1,0,9 3 10,1,70,,16296,1,0,9 3 10,1,30,,16305,1,0,9 3 10,1,70,,16292,1,0,9 3 10,1,30,,16291,1,0,9 3 10,1,70,,16289,1,0,9 3 10,1,30,,16309,1,0,9 3 10,1
20500,'10',1845,,12105,1,,,1,100,,16448,1,,,1,100,,13131,1,,,1,100,,16451,1,,,1
20500,'15',1845,,12158,1,,,1,100,,16453,1,,,1,100,,13151,1,,,1,100,,16456,1,,,1
20500,'7',645,,16462,1,,,1,100,,13792,1,,,1,100,,16476,1,,,1,100,,16480,1,,,1,100,,16464,1,,,1,100,,16470,1,,,1,100,,16458,1,,,1,100,,16477,1,,,1,100,,16467,1,,,1,100,,16478,1,,,1,100,,16461,1,,,1,100,,16481,1,,,1,100,,16465,1,,,1,100,,14013,1,,,1
20501,'10',1938,,16484,20,4,,1,100,,16488,20,4,,1,100,,12643,20,4,,1,100,,16486,20,4,,1
20501,'15',1938,,16491,20,4,,1,100,,16495,20,4,,1,100,,12699,20,4,,1,100,,16493,20,4,,1
20501,'7',738,,16496,20,4,,1,100,,16514,20,4,,1,100,,16498,20,4,,1,100,,16500,20,4,,1,100,,13843,20,4,,1,100,,13875,20,4,,1,100,,16513,20,4,,1,100,,16517,20,4,,1,100,,16515,20,4,,1,100,,16497,20,4,,1,100,,16499,20,4,,1,100,,16505,20,4,,1,100,,16508,20,4,,1,100,,16519,20,4,,1
21100,'10',1912,,16842,16,4,,1,30,,16837,16,4,,1,70,,16843,16,4,,1,30,,16844,16,4,,1,70,,12938,16,4,,1,30,,16841,16,4,,1,70,,16838,16,4,,1,30,,16839,16,4,,1,70,,16840,16,4,,1
21100,'15',1912,,13405,16,4,,1,30,,16845,16,4,,1,70,,16850,16,4,,1,30,,16851,16,4,,1,70,,12958,16,4,,1,30,,16849,16,4,,1,70,,16846,16,4,,1,30,,16847,16,4,,1,70,,16848,16,4,,1
21100,'7',742,,16852,16,4,,1,70,,16855,16,4,,1,30,,16862,16,4,,1,70,,16867,16,4,,1,30,,16858,16,4,,1,70,,16875,16,4,,1,30,,14104,16,4,,1,70,,16876,16,4,,1,30,,16872,16,4,,1,70,,16870,16,4,,1,30,,16854,16,4,,1,70,,16866,16,4,,1,30,,16871,16,4,,1,70,,16868,16,4,,1,30,,16869,16,4,,1,70,,16856,16,4,,1,30,,16861,16,4,,1,70,,16865,16,4,,1,30,,16873,16,4,,1,70,,16853,16,4,,1,30,,16874,16,4,,1,70,,16857,16,4,,1,30,,16859,16,4,,1,70,,16864,16,4,,1,30,,16877,16,4,,1,70,,16863,16,4,,1,30,,16860,16,4,,1
21101,'10',1845,,16879,1,,,1,70,,16878,1,,,1,30,,14053,1,,,1,70,,16883,1,,,1,30,,16885,1,,,1,70,,16881,1,,,1,30,,16882,1,,,1,70,,16884,1,,,1,30,,16880,1,,,1
21101,'15',1845,,16887,1,,,1,70,,16888,1,,,1,30,,16886,1,,,1,70,,16892,1,,,1,30,,16894,1,,,1,70,,16890,1,,,1,30,,16891,1,,,1,70,,16893,1,,,1,30,,16889,1,,,1
21101,'7',715,,13807,1,,,1,30,,16900,1,,,1,70,,16899,1,,,1,30,,16911,1,,,1,70,,16912,1,,,1,30,,16917,1,,,1,70,,16902,1,,,1,30,,16901,1,,,1,70,,16913,1,,,1,30,,16907,1,,,1,70,,16908,1,,,1,30,,16916,1,,,1,70,,16903,1,,,1,30,,16919,1,,,1,70,,16905,1,,,1,30,,16897,1,,,1,70,,16915,1,,,1,30,,16910,1,,,1,70,,16906,1,,,1,30,,11928,1,,,1,70,,16904,1,,,1,30,,16909,1,,,1,70,,16895,1,,,1,30,,16914,1,,,1,70,,16898,1,,,1,30,,16896,1,,,1,70,,16918,1,,,1
21300,'10',1915,,16922,1,,,1,100,,16923,1,,,1,100,,16921,1,,,1,100,,16920,1,,,1
21300,'15',1915,,16926,1,,,1,100,,16927,1,,,1,100,,16925,1,,,1,100,,16924,1,,,1
21300,'7',715,,16928,1,,,1,100,,16936,1,,,1,100,,16939,1,,,1,100,,16935,1,,,1,100,,16932,1,,,1,100,,16930,1,,,1,100,,16938,1,,,1,100,,16933,1,,,1,100,,16940,1,,,1,100,,16937,1,,,1,100,,16929,1,,,1,100,,16934,1,,,1,100,,16931,1,,,1
21301,'10',1957,,16949,1,,,1,47,,16942,4,4,,1,53,,16941,1,,,1,47,,16943,4,4,,1,53,,16944,1,,,1,47,,16948,4,4,,1,53,,16946,1,,,1
21301,'15',1957,,16960,1,,,1,47,,16953,4,4,,1,53,,16951,1,,,1,47,,16954,4,4,,1,53,,16955,1,,,1,47,,16959,4,4,,1,53,,16957,1,,,1
21301,'7',657,,16980,1,,,1,47,,16976,4,4,,1,53,,16986,1,,,1,47,,16998,4,4,,1,53,,16994,1,,,1,47,,16983,4,4,,1,53,,16991,1,,,1,47,,16963,4,4,,1,53,,16968,1,,,1,47,,16972,4,4,,1,53,,16975,1,,,1,47,,16974,4,4,,1,53,,16993,1,,,1,47,,14108,4,4,,1,53,,16977,1,,,1,47,,16966,4,4,,1,53,,16973,1,,,1,47,,16979,4,4,,1,53,,16962,1,,,1,47,,16978,4,4,,1,53,,16967,1,,,1,47,,16971,4,4,,1,53,,16997,1,,,1,47,,16987,4,4,,1,53,,16982,1,,,1,47,,16969,4,4,,1,53,,16965,1,,,1
