10301,'14',621,,3306,22,,,1,100,,25,22,,,1,30,,3307,22,,,1,70,,3297,22,,,1,30,,3301,22,,,1,70,,3303,22,,,1,30,,3295,22,,,1,70,,3292,22,,,1,100,,3290,22,,,1,100,,3294,22,,,1,100,,3302,22,,,1,100,,3291,22,,,1,100,,3293,22,,,1,30,,3299,22,,,1,70,,3300,22,,,1,30,,541,22,,,1,70,,3304,22,,,1,30,,3305,22,,,1,70,,3296,22,,,1,30,,3298,22,,,1
10301,'18',621,,3326,22,,,1,100,,3313,22,,,1,30,,3327,22,,,1,70,,3317,22,,,1,30,,3321,22,,,1,70,,3323,22,,,1,30,,3315,22,,,1,70,,3310,22,,,1,100,,3308,22,,,1,100,,3314,22,,,1,100,,3322,22,,,1,100,,3309,22,,,1,100,,3311,22,,,1,30,,3319,22,,,1,70,,3320,22,,,1,30,,3312,22,,,1,70,,3324,22,,,1,30,,3325,22,,,1,70,,3316,22,,,1,30,,3318,22,,,1
10301,'20',621,,3343,22,,,1,100,,7,22,,,1,30,,3333,22,,,1,70,,3334,22,,,1,30,,3344,22,,,1,70,,3339,22,,,1,30,,3340,22,,,1,70,,3330,22,,,1,100,,3328,22,,,1,100,,3332,22,,,1,100,,3338,22,,,1,100,,3329,22,,,1,100,,3331,22,,,1,30,,3336,22,,,1,70,,3337,22,,,1,30,,503,22,,,1,70,,3341,22,,,1,30,,3342,22,,,1,70,,1140,22,,,1,30,,3335,22,,,1
10301,'8',621,,3363,22,,,1,100,,3350,22,,,1,30,,3352,22,,,1,70,,3354,22,,,1,30,,3364,22,,,1,70,,3359,22,,,1,30,,3360,22,,,1,70,,3347,22,,,1,100,,3345,22,,,1,100,,3351,22,,,1,100,,3358,22,,,1,100,,3346,22,,,1,100,,3348,22,,,1,30,,3356,22,,,1,70,,3357,22,,,1,30,,3349,22,,,1,70,,3361,22,,,1,30,,3362,22,,,1,70,,3353,22,,,1,30,,3355,22,,,1
20301,'11',716,,6302,17,0,9 3 10,1,30,,6297,17,0,9 3 10,1,70,,6289,17,0,9 3 10,1,30,,6283,17,0,9 3 10,1,70,,6292,17,0,9 3 10,1,30,,6287,17,0,9 3 10,1,70,,6284,17,0,9 3 10,1,30,,6291,17,0,9 3 10,1,70,,6286,17,0,9 3 10,1,30,,6303,17,0,9 3 10,1,70,,6282,17,0,9 3 10,1,30,,2455,17,0,9 3 10,1,70,,6281,17,0,9 3 10,1,30,,6294,17,0,9 3 10,1,70,,6298,17,0,9 3 10,1,30,,6300,17,0,9 3 10,1,70,,6288,17,0,9 3 10,1,30,,6285,17,0,9 3 10,1,70,,6295,17,0,9 3 10,1,30,,6304,17,0,9 3 10,1,70,,2277,17,0,9 3 10,1,30,,6299,17,0,9 3 10,1,70,,2286,17,0,9 3 10,1,30,,6301,17,0,9 3 10,1,70,,6293,17,0,9 3 10,1,30,,6290,17,0,9 3 10,1,70,,6296,17,0,9 3 10,1,30,,6280,17,0,9 3 10,1
20301,'14',1916,,925,17,0,9 3 10,1,30,,6308,17,0,9 3 10,1,70,,6311,17,0,9 3 10,1,30,,6313,17,0,9 3 10,1,70,,6306,17,0,9 3 10,1,30,,6305,17,0,9 3 10,1,70,,6310,17,0,9 3 10,1,30,,6309,17,0,9 3 10,1,70,,6312,17,0,9 3 10,1,30,,6307,17,0,9 3 10,1
20301,'18',1916,,6319,17,0,9 3 10,1,30,,6317,17,0,9 3 10,1,70,,6322,17,0,9 3 10,1,30,,6324,17,0,9 3 10,1,70,,6316,17,0,9 3 10,1,30,,6315,17,0,9 3 10,1,70,,6321,17,0,9 3 10,1,30,,6320,17,0,9 3 10,1,70,,6323,17,0,9 3 10,1,30,,6318,17,0,9 3 10,1
20301,'20',1916,,913,17,0,9 3 10,1,30,,6328,17,0,9 3 10,1,70,,6331,17,0,9 3 10,1,30,,6333,17,0,9 3 10,1,70,,6326,17,0,9 3 10,1,30,,6325,17,0,9 3 10,1,70,,6330,17,0,9 3 10,1,30,,6329,17,0,9 3 10,1,70,,6332,17,0,9 3 10,1,30,,6327,17,0,9 3 10,1
20301,'4',716,,6359,17,0,9 3 10,1,30,,6354,17,0,9 3 10,1,70,,6346,17,0,9 3 10,1,30,,6337,17,0,9 3 10,1,70,,6349,17,0,9 3 10,1,30,,6342,17,0,9 3 10,1,70,,6338,17,0,9 3 10,1,30,,6348,17,0,9 3 10,1,70,,6341,17,0,9 3 10,1,30,,6360,17,0,9 3 10,1,70,,6336,17,0,9 3 10,1,30,,6344,17,0,9 3 10,1,70,,6335,17,0,9 3 10,1,30,,6351,17,0,9 3 10,1,70,,6355,17,0,9 3 10,1,30,,6357,17,0,9 3 10,1,70,,6343,17,0,9 3 10,1,30,,6340,17,0,9 3 10,1,70,,6352,17,0,9 3 10,1,30,,6361,17,0,9 3 10,1,70,,6339,17,0,9 3 10,1,30,,6356,17,0,9 3 10,1,70,,6345,17,0,9 3 10,1,30,,6358,17,0,9 3 10,1,70,,6350,17,0,9 3 10,1,30,,6347,17,0,9 3 10,1,70,,6353,17,0,9 3 10,1,30,,6334,17,0,9 3 10,1
20301,'8',1916,,6367,17,0,9 3 10,1,30,,6365,17,0,9 3 10,1,70,,6370,17,0,9 3 10,1,30,,6372,17,0,9 3 10,1,70,,6364,17,0,9 3 10,1,30,,6363,17,0,9 3 10,1,70,,6369,17,0,9 3 10,1,30,,6368,17,0,9 3 10,1,70,,6371,17,0,9 3 10,1,30,,6366,17,0,9 3 10,1
