11100,'14',605,,5007,8,,,1,30,,5010,8,,,1,70,,5017,8,,,1,30,,5016,8,,,1,70,,765,8,,,1,30,,5018,8,,,1,70,,5024,8,,,1,30,,1287,8,,,1,70,,5020,8,,,1,30,,5014,8,,,1,70,,5019,8,,,1,30,,5005,8,,,1,70,,5004,8,,,1,30,,5003,8,,,1,70,,5013,8,,,1,30,,5023,8,,,1,70,,5021,8,,,1,30,,5008,8,,,1,70,,5009,8,,,1,30,,5015,8,,,1,70,,5006,8,,,1,30,,5002,8,,,1,70,,5022,8,,,1,30,,5012,8,,,1,70,,5011,8,,,1,30,,1286,8,,,1
11100,'18',605,,5030,8,,,1,30,,5033,8,,,1,70,,5041,8,,,1,30,,5040,8,,,1,70,,5039,8,,,1,30,,5044,8,,,1,70,,5050,8,,,1,30,,5043,8,,,1,70,,5046,8,,,1,30,,5037,8,,,1,70,,5045,8,,,1,30,,5028,8,,,1,70,,5027,8,,,1,30,,5026,8,,,1,70,,5036,8,,,1,30,,5049,8,,,1,70,,5047,8,,,1,30,,5031,8,,,1,70,,5032,8,,,1,30,,5038,8,,,1,70,,5029,8,,,1,30,,5025,8,,,1,70,,5048,8,,,1,30,,5035,8,,,1,70,,5034,8,,,1,30,,5042,8,,,1
11100,'20',605,,5059,8,,,1,30,,5062,8,,,1,70,,5067,8,,,1,30,,5065,8,,,1,70,,705,8,,,1,30,,5068,8,,,1,70,,5074,8,,,1,30,,1269,8,,,1,70,,5070,8,,,1,30,,5063,8,,,1,70,,5069,8,,,1,30,,5054,8,,,1,70,,5056,8,,,1,30,,5051,8,,,1,70,,5064,8,,,1,30,,5073,8,,,1,70,,5058,8,,,1,30,,5060,8,,,1,70,,5066,8,,,1,30,,5052,8,,,1,70,,5057,8,,,1,30,,5055,8,,,1,70,,5061,8,,,1,30,,5072,8,,,1,70,,5053,8,,,1,30,,5071,8,,,1
11100,'8',605,,5083,8,,,1,30,,5086,8,,,1,70,,5092,8,,,1,30,,5090,8,,,1,70,,5089,8,,,1,30,,5094,8,,,1,70,,5100,8,,,1,30,,5093,8,,,1,70,,5096,8,,,1,30,,5087,8,,,1,70,,5095,8,,,1,30,,5078,8,,,1,70,,5080,8,,,1,30,,5075,8,,,1,70,,5088,8,,,1,30,,5099,8,,,1,70,,5082,8,,,1,30,,5084,8,,,1,70,,5091,8,,,1,30,,5076,8,,,1,70,,5081,8,,,1,30,,5079,8,,,1,70,,5085,8,,,1,30,,5098,8,,,1,70,,5077,8,,,1,30,,5097,8,,,1
21100,'11',735,,7493,8,,,1,70,,7506,8,,,1,30,,7489,8,,,1,70,,7508,8,,,1,30,,7492,8,,,1,70,,7491,8,,,1,30,,7501,8,,,1,70,,7496,8,,,1,30,,7512,8,,,1,70,,2503,8,,,1,30,,7490,8,,,1,70,,7504,8,,,1,30,,7495,8,,,1,70,,7503,8,,,1,30,,7499,8,,,1,70,,7505,8,,,1,30,,7502,8,,,1,70,,7497,8,,,1,30,,7507,8,,,1,70,,7509,8,,,1,30,,7511,8,,,1,70,,2362,8,,,1,30,,7500,8,,,1,70,,7494,8,,,1,30,,7510,8,,,1,70,,7498,8,,,1,30,,7488,8,,,1
21100,'14',1905,,7515,8,,,1,30,,7521,8,,,1,70,,7514,8,,,1,30,,7513,8,,,1,70,,7517,8,,,1,30,,7520,8,,,1,70,,7518,8,,,1,30,,7516,8,,,1,70,,7519,8,,,1
21100,'18',1905,,7524,8,,,1,30,,7530,8,,,1,70,,7523,8,,,1,30,,7522,8,,,1,70,,7526,8,,,1,30,,7529,8,,,1,70,,7527,8,,,1,30,,7525,8,,,1,70,,7528,8,,,1
21100,'20',1905,,7538,8,,,1,30,,7539,8,,,1,70,,7532,8,,,1,30,,7531,8,,,1,70,,7534,8,,,1,30,,7537,8,,,1,70,,7535,8,,,1,30,,7533,8,,,1,70,,7536,8,,,1
21100,'4',735,,7546,8,,,1,70,,7560,8,,,1,30,,7541,8,,,1,70,,7562,8,,,1,30,,7545,8,,,1,70,,7544,8,,,1,30,,7555,8,,,1,70,,7549,8,,,1,30,,7566,8,,,1,70,,7553,8,,,1,30,,7542,8,,,1,70,,7558,8,,,1,30,,7548,8,,,1,70,,7557,8,,,1,30,,7552,8,,,1,70,,7559,8,,,1,30,,7556,8,,,1,70,,7550,8,,,1,30,,7561,8,,,1,70,,7563,8,,,1,30,,7565,8,,,1,70,,7543,8,,,1,30,,7554,8,,,1,70,,7547,8,,,1,30,,7564,8,,,1,70,,7551,8,,,1,30,,7540,8,,,1
21100,'8',1905,,7574,8,,,1,30,,7575,8,,,1,70,,7568,8,,,1,30,,7567,8,,,1,70,,7570,8,,,1,30,,7573,8,,,1,70,,7571,8,,,1,30,,7569,8,,,1,70,,7572,8,,,1
