10300,'14',637,,3233,12,,,1,100,,3230,12,,,1,70,,3227,12,,,1,30,,3235,12,,,1,70,,3229,12,,,1,30,,3232,12,,,1,70,,3222,12,,,1,30,,772,12,,,1,100,,1550,12,,,1,100,,3220,12,,,1,100,,3221,12,,,1,100,,3228,12,,,1,100,,3234,12,,,1,70,,3224,12,,,1,30,,3223,12,,,1,70,,3231,12,,,1,30,,3225,12,,,1,70,,3226,12,,,1,30,,1471,12,,,1
10300,'18',637,,3252,12,,,1,100,,3249,12,,,1,70,,3245,12,,,1,30,,3254,12,,,1,70,,3248,12,,,1,30,,3251,12,,,1,70,,3238,12,,,1,30,,3246,12,,,1,100,,3242,12,,,1,100,,3236,12,,,1,100,,3237,12,,,1,100,,3247,12,,,1,100,,3253,12,,,1,70,,3240,12,,,1,30,,3239,12,,,1,70,,3250,12,,,1,30,,3241,12,,,1,70,,3243,12,,,1,30,,3244,12,,,1
10300,'20',637,,3268,12,,,1,100,,3265,12,,,1,70,,3258,12,,,1,30,,3270,12,,,1,70,,3262,12,,,1,30,,3267,12,,,1,70,,3263,12,,,1,30,,712,12,,,1,100,,1514,12,,,1,100,,3255,12,,,1,100,,3256,12,,,1,100,,3264,12,,,1,100,,3269,12,,,1,70,,3259,12,,,1,30,,3257,12,,,1,70,,3266,12,,,1,30,,3260,12,,,1,70,,3261,12,,,1,30,,1459,12,,,1
10300,'8',637,,3287,12,,,1,100,,3284,12,,,1,70,,3274,12,,,1,30,,3289,12,,,1,70,,3280,12,,,1,30,,3286,12,,,1,70,,3282,12,,,1,30,,3281,12,,,1,100,,3277,12,,,1,100,,3271,12,,,1,100,,3272,12,,,1,100,,3283,12,,,1,100,,3288,12,,,1,70,,3275,12,,,1,30,,3273,12,,,1,70,,3285,12,,,1,30,,3276,12,,,1,70,,3278,12,,,1,30,,3279,12,,,1
20300,'11',740,,6213,20,,,1,70,,6203,20,,,1,30,,2599,20,,,1,70,,6204,20,,,1,30,,6214,20,,,1,70,,6208,20,,,1,30,,6218,20,,,1,70,,1827,20,,,1,30,,6216,20,,,1,70,,6211,20,,,1,30,,6205,20,,,1,70,,6200,20,,,1,30,,6209,20,,,1,70,,6199,20,,,1,30,,6215,20,,,1,70,,6212,20,,,1,30,,6198,20,,,1,70,,6197,20,,,1,30,,6195,20,,,1,70,,6210,20,,,1,30,,6202,20,,,1,70,,6201,20,,,1,30,,6206,20,,,1,70,,6207,20,,,1,30,,6217,20,,,1,70,,6196,20,,,1,30,,6194,20,,,1
20300,'14',1910,,6223,20,,,1,30,,6225,20,,,1,70,,6219,20,,,1,30,,6220,20,,,1,70,,2607,20,,,1,30,,6226,20,,,1,70,,6222,20,,,1,30,,6224,20,,,1,70,,6221,20,,,1
20300,'18',1910,,6231,20,,,1,30,,6234,20,,,1,70,,6227,20,,,1,30,,6228,20,,,1,70,,6232,20,,,1,30,,6235,20,,,1,70,,6230,20,,,1,30,,6233,20,,,1,70,,6229,20,,,1
20300,'20',1910,,6240,20,,,1,30,,6242,20,,,1,70,,6236,20,,,1,30,,6237,20,,,1,70,,2556,20,,,1,30,,6243,20,,,1,70,,6239,20,,,1,30,,6241,20,,,1,70,,6238,20,,,1
20300,'4',740,,6264,20,,,1,70,,6254,20,,,1,30,,6267,20,,,1,70,,6255,20,,,1,30,,6265,20,,,1,70,,6259,20,,,1,30,,6270,20,,,1,70,,6249,20,,,1,30,,6268,20,,,1,70,,6262,20,,,1,30,,6256,20,,,1,70,,6251,20,,,1,30,,6260,20,,,1,70,,6250,20,,,1,30,,6266,20,,,1,70,,6263,20,,,1,30,,6248,20,,,1,70,,6247,20,,,1,30,,6245,20,,,1,70,,6261,20,,,1,30,,6253,20,,,1,70,,6252,20,,,1,30,,6257,20,,,1,70,,6258,20,,,1,30,,6269,20,,,1,70,,6246,20,,,1,30,,6244,20,,,1
20300,'8',1910,,6275,20,,,1,30,,6278,20,,,1,70,,6271,20,,,1,30,,6272,20,,,1,70,,6276,20,,,1,30,,6279,20,,,1,70,,6274,20,,,1,30,,6277,20,,,1,70,,6273,20,,,1
