101,10100,'10',11993,11994,11995,11996,11997,11998,11999,12000,12001,12002,12003,12004,12005,12006,12007,12008,12009,12010
101,10100,'13',12011,12012,12013,12014,12015,12016,12017,12018,12019,12020,12021,12022,12023,12024,12025,12026,12027,12028
101,10101,'10',12029,12030,12031,12032,12033,9708,12034,12035,12036,12037,12038,12039,12040,12041,12042,12043,12044,12045
101,10101,'13',12046,12047,12048,12049,12050,9618,12051,12052,12053,12054,12055,12056,10246,12057,10061,12058,12059,12060
102,10201,'10',12061,12062,12063,12064,12065,12066,12067,12068,12069,12070,12071,12072,12073,12074,9089,12075,12076,12077,12078,12079,12080,12081,12082,12083,12084,12085,12086,12087,12088,12089,12090,12091,12092,12093,4591,12094,12095,12096,12097,12098,12099,9814,8370,12100,12101,12102,12103,12104,12105,12106,12107,12108,12109,12110,12111,12112,12113
102,10201,'13',12114,12115,12116,12117,12118,12119,12120,12121,12122,12123,12124,12125,12126,12127,9020,12128,12129,12130,12131,12132,12133,12134,12135,12136,12137,12138,12139,12140,12141,12142,12143,12144,12145,12146,4615,12147,12148,12149,12150,12151,12152,9768,8337,12153,12154,12155,12156,12157,12158,12159,12160,12161,12162,12163,12164,12165,12166
103,10300,'10',12167,12168,12169,12170,12171,12172,12173,12174,12175,12176,12177,12178,12179,12180,12181,12182,12183,12184,12185
103,10300,'13',12186,12187,12188,10634,12189,12190,12191,12192,12193,12194,12195,12196,12197,12198,12199,12200,12201,12202,12203
103,10301,'10',12204,9608,8753,12205,12206,12207,10191,10911,12208,12209,12210,12211,12212,12213,12214,12215,8585,12216,12217,12218
103,10301,'13',12219,9752,8704,12220,12221,12222,12223,10865,12224,12225,12226,12227,12228,12229,12230,12231,12232,8473,12233,12234
104,10400,'10',12235,12236,12237,12238,12239,12240,12241,12242,12243,12244,12245,12246,12247,12248,12249,3299,12250,9530,8643,8587,12251,12252,12253,12254,12255
104,10400,'13',12256,12257,12258,12259,12260,12261,12262,12263,12264,12265,12266,12267,12268,12269,12270,3336,12271,9463,8605,8475,12272,12273,12274,12275,12276
104,10401,'10',12277,12278,12279,12280,12281,12282,12283,12284,12285,8540,4154,12286,12287,12288,12289,12290,8413,12291,12292,12293,12294,12295,12296,12297,12298,12299,9423,12300,12301,9433,9941,12302,12303,12304,12305,12306,12307,12308,12309,12310,12311,12312,12313,12314,12315,12316,12317,12318,12319,12320
104,10401,'13',12321,12322,12323,12324,12325,12326,12327,12328,12329,8428,4271,12330,12331,12332,10018,12333,8378,12334,12335,12336,12337,12338,12339,12340,12341,12342,9309,12343,12344,9319,9899,12345,12346,12347,12348,12349,12350,12351,12352,12353,12354,12355,12356,12357,12358,12359,12360,12361,12362,12363
105,10500,'10',12364,12365,12366,12367,12368,12369,12370,12371,12372,12373,12374,12375,12376,9938,12377,12378,12379,12380,8760,12381,12382,12383,12384,12385,12386,12387,12388,12389,12390,12391,12392,12393,12394,12395,12396,12397,12398,12399
105,10500,'13',12400,12401,12402,12403,12404,12405,12406,12407,12408,12409,12410,12411,12412,12413,12414,12415,12416,12417,8711,12418,12419,12420,12421,12422,12423,12424,12425,12426,12427,12428,12429,12430,12431,12432,12433,12434,12435,12436
105,10501,'10',12437,12438,12439,12440,12441,12442,12443,8866,12444,12445,12446,12447,12448,12449,8563,12450,12451,12452,12453,12454,12455,12456,10916,12457,12458,12459,12460,12461,12462,12463,12464,12465,12466,12467,12468,12469,12470,12471
105,10501,'13',12472,12473,12474,12475,12476,12477,12478,8773,12479,12480,12481,12482,12483,12484,8451,12485,12486,12487,12488,12489,12490,12491,10870,12492,12493,12494,12495,12496,12497,12498,12499,12500,12501,12502,12503,12504,12505,12506
106,10600,'10',12507,12508,12509,12510,12511,12512,12513,12514,12515,12516,12517,12518,12519,12520,12521,9816,12522
106,10600,'13',12523,12524,12525,12526,12527,12528,12529,12530,12531,12532,12533,12534,12535,12536,12537,9770,12538
106,10601,'10',12539,12540,12541,12542,12543,12544,12545,12546,12547,12548,12549,12550,12551,12552,12553,12554,12555,12556,12557,12558
106,10601,'13',12559,12560,12561,12562,12563,12564,12565,12566,12567,12568,12569,12570,12571,12572,12573,12574,12575,12576,12577,12578
107,10700,'10',12579,12580,12581,12582,9507,9932,5234,12583,12584,12585,12586,12587,12588,12589,12590,12591,12592,12593,12594
107,10700,'13',12595,12596,12597,12598,9442,9887,5276,12599,12600,12601,12602,12603,12604,12605,12606,12607,12608,12609,12610
107,10701,'10',12611,12612,12613,12614,12615,12616,12617,12618,10800,12619,12620,12621,12622,12623,12624,12625,12626,12627,12628,12629,12630,12631,9999,12632,12633,12634,12635,12636,12637,12638,9097,12639,12640,12641,12642,9411,12643,12644,12645,12646,12647,12648,12649,12650,12651,12652,12653,8584,12654,12655,12656,12657,12658,12659,12660,12661,12662,12663,12664,12665
107,10701,'13',12666,12667,12668,12669,12670,12671,12672,12673,10757,12674,12675,12676,12677,12678,12679,12680,12681,12682,12683,12684,12685,12686,12687,12688,12689,12690,12691,12692,12693,12694,9028,12695,12696,12697,12698,9297,12699,12700,12701,12702,12703,12704,12705,12706,12707,12708,12709,8472,12710,12711,12712,12713,12714,12715,12716,12717,12718,12719,12720,12721
108,10800,'10',12722,12723,12724,12725,12726,12727,12728,12729,12730,12731,12732,12733,12734,12735,12736,12737,12738,12739,11022,12740,12741,12742,12743,12744,12745,12746,12747,12748,12749,12750,12751,12752,12753,12754
108,10800,'13',12755,12756,12757,12758,12759,12760,12761,12762,12763,12764,9541,12765,12766,12767,12768,12769,12770,12771,12772,10934,12773,12774,12775,10140,12776,12777,12778,12779,12780,12781,12782,12783,12784,12785
108,10801,'10',10799,12786,12787,12788,12789,12790,4655,12791,12792,12793,12794,12795,12796,12797,12798,12799,12800,12801,12802
108,10801,'13',12803,12804,12805,12806,12807,10419,12808,4746,12809,12810,12811,12812,12813,12814,12815,12816,12817,12818,12819
109,10900,'10',12820,12821,12822,12823,12824,12825,12826,10360,12827,12828,12829,12830
109,10900,'13',12831,12832,12833,12834,12835,10235,12836,10338,12837,12838,12839,12840
109,10901,'10',12841,12842,12843,12844,12845,12846,12847,9709,12848,12849,12850,12851,12852,12853,10003,11260,12854,12855,11111,12856,12857,11752,12858,12859,12860,12861,12862,12863,12864,12865,12866,10209,9435,12867,12868,12869,12870,10918,12871,12872,12873,12874,12875,12876,12877,12878,12879,12880
109,10901,'13',12881,12882,12883,12884,12885,12886,12887,9619,12888,12889,12890,12891,12892,12893,12894,11175,12895,12896,11072,12897,12898,12899,12900,12901,12902,12903,12904,12905,12906,12907,12908,10137,9321,12909,12910,12911,12912,10872,12913,12914,12915,12916,12917,12918,12919,12920,12921,12922
110,11000,'10',12923,12924,12925,12926,12927,4638,12928,12929,12930,9716,12931,12932,12933,12934,9106,12935,12936,4179,12937,12938,12939,12940,12941,12942,12943
110,11000,'13',12944,12945,12946,12947,12948,4729,12949,12950,12951,9625,10122,12952,12953,12954,9037,12955,12956,4296,12957,12958,12959,12960,12961,12962,12963
110,11001,'10',12964,12965,12966,12967,12968,12969,12970,12971,12972,8756,12973,12974,12975,12976,12977,12978,8193,12979,12980,12981,12982,12983,12984,12985,12986
110,11001,'13',12987,12988,12989,12990,12991,12992,12993,12994,12995,8707,12996,12997,12998,12999,13000,13001,8235,13002,13003,13004,13005,13006,13007,13008,13009
111,11100,'10',13010,13011,13012,8868,13013,13014,13015,13016,13017,13018,13019,13020,13021,13022,13023,13024,13025,13026,13027,13028,13029,13030,13031,13032,13033,13034
111,11100,'13',13035,13036,13037,13038,13039,13040,13041,13042,13043,13044,13045,13046,13047,13048,13049,10132,13050,13051,13052,13053,13054,13055,13056,13057,13058,13059
111,11101,'10',13060,13061,13062,13063,13064,13065,10910,13066,10482,13067,13068,13069,13070,11604,13071,13072,13073,13074,13075,13076,13077,13078,13079,13080,13081
111,11101,'13',13082,13083,13084,13085,13086,13087,13088,13089,13090,13091,10412,13092,13093,13094,13095,13096,13097,13098,13099,13100,13101,13102,13103,13104,13105
112,11200,'10',13106,13107,13108,13109,13110,13111,13112,13113,9159,13114,13115
112,11200,'13',13116,13117,13118,13119,13120,13121,13122,13123,13124,13125,13126
112,11201,'10',13127,13128,13129,1542,13130,13131,13132,13133,13134,13135,13136,8899,9009,13137,13138,13139,13140,13141,13142,13143,13144,13145
112,11201,'13',1506,13146,13147,13148,13149,13150,13151,13152,13153,13154,13155,13156,13157,8805,13158,8935,13159,13160,13161,13162,13163,13164
113,11300,'10',13165,13166,13167,13168,13169,13170,13171,13172,13173,13174,13175,13176,13177,13178,11855,13179,13180,13181,8567,13182,13183,5862,13184,13185,13186,9005,13187,13188,13189,13190,13191,13192,13193,13194,13195,13196,13197,13198,13199
113,11300,'13',13200,13201,13202,13203,13204,13205,13206,13207,13208,13209,13210,13211,13212,13213,13214,13215,13216,13217,13218,13219,13220,13221,13222,13223,13224,13225,13226,13227,13228,13229,13230,13231,13232,13233,13234,13235,13236,13237,13238
113,11301,'10',13239,13240,13241,13242,13243,13244,13245,8750,9392,7972,13246,13247,13248,13249,13250,10007,10009,13251,13252,13253,13254,13255,13256,13257,13258,13259,13260,13261,13262,13263,13264,13265,13266,13267,13268,13269,13270,13271,13272,13273,13274
113,11301,'13',13275,13276,13277,13278,13279,13280,13281,13282,13283,9278,13284,13285,13286,13287,13288,13289,13290,13291,13292,13293,13294,13295,13296,13297,13298,13299,13300,13301,13302,13303,13304,13305,13306,13307,13308,13309,13310,13311,13312,13313,13314
114,11400,'10',13315,13316,13317,13318,13319,9713,13320,10389,13321,13322,13323,13324
114,11400,'13',13325,13326,13327,13328,13329,9622,13330,10366,13331,13332,13333,13334
114,11401,'10',13335,13336,13337,13338,13339,13340,13341,13342,13343,13344,13345,13346
114,11401,'13',13347,13348,13349,13350,13351,13352,13353,13354,13355,13356,13357,13358
115,11501,'10',9504,13359,13360,13361,13362,13363,13364,13365,13366,13367,13368,8551,13369,13370,13371,13372,13373,13374,13375,8761,13376,13377,13378,13379,13380,13381,13382,8770,13383,13384,13385,13386,13387,13388,11401,13389
115,11501,'13',13390,13391,13392,13393,13394,13395,13396,13397,13398,13399,13400,8439,13401,13402,13403,13404,13405,13406,13407,8712,13408,13409,13410,13411,13412,13413,13414,8721,13415,13416,13417,13418,13419,13420,11310,13421
116,11600,'10',13422,13423,13424,13425,13426,13427,13428,13429,10298,8630,13430,13431,13432,13433,13434,8883,13435,13436,13437,13438,13439,13440,13441,13442,9425,13443,13444,13445,10207,13446,13447,13448,13449,13450,13451,13452,13453,13454,13455,13456,13457,13458,13459,13460,13461,13462
116,11600,'13',13463,13464,13465,13466,13467,13468,13469,13470,10220,8593,13471,13472,13473,13474,13475,8790,13476,13477,13478,13479,13480,13481,13482,13483,9311,13484,13485,13486,13487,13488,13489,13490,13491,13492,13493,13494,13495,13496,13497,13498,13499,13500,13501,13502,13503,13504
116,11601,'10',13505,13506,13507,13508,13509,13510,13511,13512,13513,13514,13515,13516,13517,13518,13519,13520,13521,13522,13523,13524,3018,13525,13526,13527,13528,13529,13530,13531,13532,13533,13534,13535,13536,13537,13538,13539,13540,10494,13541,13542,13543,13544,13545,13546,13547,13548,13549,13550
116,11601,'13',13551,13552,13553,13554,13555,13556,13557,13558,13559,13560,13561,13562,13563,13564,13565,13566,13567,13568,13569,13570,3126,13571,13572,13573,13574,13575,13576,13577,13578,13579,13580,13581,13582,13583,13584,13585,13586,10424,13587,13588,13589,13590,13591,13592,13593,13594,13595,13596
203,20300,'10',13597,9722,13598,13599,13600,13601,13602,13603,13604
203,20300,'13',13605,9631,13606,13607,13608,13609,13610,13611,13612
203,20300,'7',13613,13614,13615,13616,13617,13618,13619,13620,13621,13622,13623,13624,13625,13626,13627,13628,13629,13630,13631,13632,13633,13634,13635,13636,13637,13638,13639
203,20301,'10',13640,13641,13642,13643,13644,13645,13646,13647,13648,13649,13650
203,20301,'13',13651,13652,13653,13654,13655,13656,13657,13658,13659,13660,13661
203,20301,'7',13662,13663,13664,13665,13666,13667,13668,13669,11426,13670,13671,13672,13673,13674,13675,13676,13677,13678,13679,13680,13681,13682,13683,13684,13685,13686,13687,13688
204,20400,'10',13689,13690,13691,8577,13692,10495,13693,13694,13695,13696
204,20400,'13',13697,13698,13699,8465,13700,10425,13701,13702,13703,13704
204,20400,'7',13705,13706,13707,13708,13709,13710,13711,13712,13713,13714,13715,13716,13717,13718,13719,10845,13720,13721,13722,10851,13723,13724,13725,13726,13727,13728,13729,13730
204,20401,'10',13731,13732,6400,13733,13734,8634,13735,13736,13737,13738,13739,10618,13740,13741,13742,13743,13744,13745,13746,13747
204,20401,'13',13748,13749,6417,13750,13751,13752,13753,13754,13755,13756,11306,10533,13757,13758,13759,13760,13761,13762,13763,13764
204,20401,'7',13765,13766,13767,13768,13769,13770,13771,13772,13773,13774,13775,13776,13777,13778,13779,13780,13781,13782,13783,13784,13785,13786,13787,11937,13788,13789,13790,13791,13792,13793,13794,13795,13796,11674,11233,13797,13798,13799,13800,13801,13802,11966,13803,13804,13805,13806,13807,13808,13809,13810,13811,13812,13813,13814,13815,13816
205,20500,'10',13817,13818,13819,13820,13821,13822,13823,13824
205,20500,'13',13825,13826,13827,13828,13829,11181,13830,13831
205,20500,'7',13832,13833,13834,13835,11530,13836,13837,13838,13839,13840,13841,13842,13843,13844,13845,13846,11244,13847,13848,13849,13850,13851,13852,13853,13854,13855,13856,13857
205,20501,'10',13858,9573,13859,13860,13861,13862,13863,8422
205,20501,'13',13864,9538,13865,13866,13867,13868,13869,8387
205,20501,'7',13870,13871,13872,13873,13874,13875,13876,13877,13878,13879,13880,13881,13882,13883,13884,13885,13886,13887,13888,13889,13890,13891,13892,13893,13894,13895,13896,13897
206,20600,'10',13898,13899,13900,13901,9397,13902,13903,13904,13905,13906
206,20600,'13',13907,13908,13909,9284,13910,13911,13912,13913,13914,13915
206,20600,'7',13916,13917,13918,13919,13920,13921,13922,13923,13924,13925,13926,13927,13928,13929,13930,13931,13932,13933,13934,13935,13936,13937,13938,13939,13940,13941
206,20601,'10',13942,13943,13944,13945,13946,13947,13948,13949,13950,13951,13952,13953,13954,13955,13956,13957,13958,13959,13960,13961
206,20601,'13',13962,13963,13964,13965,10407,13966,13967,13968,13969,13970,13971,13972,13973,13974,13975,13976,9466,13977,13978,13979
206,20601,'7',13980,13981,13982,13983,13984,13985,13986,13987,13988,13989,13990,11217,13991,13992,13993,13994,13995,13996,13997,13998,13999,14000,11941,14001,14002,14003,14004,14005,14006,14007,14008,14009,14010,14011,14012,14013,14014,11623,14015,14016,14017,14018,14019,14020,14021,14022,14023,14024,14025,14026,14027,14028,14029,14030,14031,14032
209,20900,'10',14033,14034,14035,14036
209,20900,'13',14037,14038,9454,14039
209,20900,'7',14040,14041,14042,7869,11928,14043,14044,11060,14045,14046,14047,14048,14049
209,20901,'10',14050,14051,14052,14053,14054,8547,14055,14056,14057,14058,14059,14060,14061,14062,11399,14063,14064,14065,14066,14067
209,20901,'13',14068,14069,14070,14071,14072,8435,14073,14074,14075,14076,14077,14078,14079,10933,11309,14080,14081,14082,14083,14084
209,20901,'7',14085,14086,14087,14088,14089,14090,14091,14092,14093,14094,14095,14096,14097,14098,14099,14100,14101,14102,14103,14104,14105,14106,14107,14108,14109,14110,14111,14112,14113,14114,14115,14116,14117,14118,14119,14120,14121,14122,11379,14123,14124,14125,14126,14127,14128,14129,14130,14131,14132,14133,14134,14135,14136,14137,14138,14139
210,21000,'10',14140,14141,14142,14143,14144,14145,14146,14147,14148
210,21000,'13',14149,14150,14151,14152,14153,14154,14155,14156,14157
210,21000,'7',14158,14159,14160,14161,14162,14163,14164,14165,14166,14167,14168,14169,14170,14171,14172,14173,14174,14175,14176,14177,14178,14179,14180,14181,14182,14183,14184
210,21001,'10',14185,14186,14187,14188,14189,14190,14191,14192,14193,14194
210,21001,'13',14195,14196,14197,14198,14199,14200,14201,14202,14203,14204
210,21001,'7',14205,14206,14207,14208,14209,14210,14211,14212,14213,14214,14215,14216,14217,14218,14219,11592,14220,14221,14222,14223,14224,14225,14226,14227,14228,14229,14230,14231
211,21100,'10',14232,14233,14234,14235,14236,14237,8640,14238,14239
211,21100,'13',14240,14241,14242,14243,14244,8603,14245,14246,14247
211,21100,'7',14248,14249,14250,14251,14252,14253,14254,14255,14256,14257,14258,14259,14260,14261,11442,14262,14263,14264,14265,14266,14267,14268,14269,14270,14271,14272,14273
211,21101,'10',14274,14275,14276,9102,14277,14278,14279,14280,14281
211,21101,'13',14282,14283,14284,9033,14285,9316,14286,14287,14288
211,21101,'7',14289,14290,14291,14292,14293,14294,14295,14296,14297,11665,14298,14299,14300,14301,14302,14303,14304,14305,14306,14307,14308,14309,14310,14311,14312,14313,14314
213,21300,'10',14315,14316,14317,14318
213,21300,'13',14319,14320,14321,14322
213,21300,'7',14323,14324,14325,14326,11681,14327,14328,14329,14330,14331,14332,14333,14334
213,21301,'10',14335,14336,14337,11978,10605,14338,14339,14340,14341,14342,14343
213,21301,'13',14344,14345,14346,11877,10520,14347,14348,14349,14350,14351,14352
213,21301,'7',14353,14354,14355,14356,14357,14358,14359,14360,14361,14362,14363,14364,14365,14366,14367,10974,14368,14369,14370,14371,14372,14373,14374,14375,14376,14377,14378,14379,14380,14381,14382,14383,14384,14385,14386,14387,14388,14389,14390,14391
214,21400,'10',14392,14393,14394,10095,14395
214,21400,'13',14396,14397,14398,14399,14400
214,21400,'7',14401,14402,14403,14404,14405,14406,14407,14408,14409,11964,14410,14411,14412
214,21401,'10',14413,14414,14415,14416,14417
214,21401,'13',14418,14419,14420,14421,14422
214,21401,'7',14423,14424,14425,14426,14427,11741,14428,14429,14430,14431,14432,14433,14434
216,21600,'10',14435,14436,14437,14438,11010,14439,3012,14440,14441,14442,14443,14444,14445,14446,14447,14448,14449,14450,14451,14452,14453,14454,14455,14456
216,21600,'13',14457,14458,14459,14460,10922,14461,3120,14462,14463,14464,14465,14466,14467,14468,14469,14470,14471,14472,14473,14474,14475,14476,14477,14478
216,21600,'7',14479,14480,14481,14482,14483,14484,14485,14486,14487,14488,14489,14490,14491,14492,14493,14494,11664,14495,11356,14496,14497,14498,14499,14500,14501,14502,14503,14504,14505,14506,11835,14507,14508,11156,14509,14510,14511,11494,14512,14513,14514,14515,14516,14517,14518,14519,14520,14521,14522,14523,14524,14525,11850,14526,14527,14528,14529,14530
216,21601,'10',14531,14532,14533,14534,14535,14536,14537,14538,14539,14540,14541,14542,14543,14544,14545,14546,14547,14548,14549,14550,14551,14552
216,21601,'13',14553,14554,14555,14556,14557,14558,14559,14560,14561,14562,14563,14564,14565,14566,14567,14568,14569,14570,14571,14572,14573,14574
216,21601,'7',14575,14576,14577,14578,14579,14580,14581,14582,14583,14584,14585,14586,14587,14588,14589,14590,14591,14592,11049,14593,14594,14595,14596,14597,14598,14599,14600,14601,14602,14603,14604,14605,11946,11537,14606,14607,14608,10992,14609,14610,14611,11491,14612,14613,14614,14615,14616,14617,14618,14619,14620,14621,14622,14623,14624,14625,14626,14627
