10101,'10',643,,14674,6,,,1,70,,14670,6,,,1,30,,14276,6,,,1,70,,14671,6,,,1,30,,14668,6,,,1,70,,14669,6,,,1,30,,14665,6,,,1,100,,13598,6,,,1,100,,14666,6,,,1,100,,14667,6,,,1,100,,14664,6,,,1,101,,14673,6,,,1,70,,14663,6,,,1,30,,14672,6,,,1,70,,10910,6,,,1,30,,13264,6,,,1,70,,14662,6,,,1,30,,12731,6,,,1
10101,'15',643,,14688,6,,,1,70,,14683,6,,,1,30,,14284,6,,,1,70,,14684,6,,,1,30,,14681,6,,,1,70,,14682,6,,,1,30,,14678,6,,,1,100,,13606,6,,,1,100,,14679,6,,,1,100,,14680,6,,,1,100,,14677,6,,,1,101,,14687,6,,,1,70,,14676,6,,,1,30,,14685,6,,,1,70,,14675,6,,,1,30,,14686,6,,,1,70,,12765,6,,,1,30,,12764,6,,,1
10301,'10',609,,14832,5,,,1,100,,14826,5,,,1,30,,14830,5,,,1,70,,9089,5,,,1,30,,14828,5,,,1,70,,14838,5,,,1,30,,14834,5,,,1,70,,14837,5,,,1,100,,14829,5,,,1,100,,14824,5,,,1,100,,14839,5,,,1,100,,14835,5,,,1,100,,14833,5,,,1,30,,14841,5,,,1,70,,14831,5,,,1,30,,14840,5,,,1,70,,14836,5,,,1,30,,14827,5,,,1,70,,14825,5,,,1,30,,14318,5,,,1
10301,'15',609,,14852,5,,,1,100,,14845,5,,,1,30,,14851,5,,,1,70,,9020,5,,,1,30,,14847,5,,,1,70,,14857,5,,,1,30,,14843,5,,,1,70,,14856,5,,,1,100,,14849,5,,,1,100,,14842,5,,,1,100,,14858,5,,,1,100,,14854,5,,,1,100,,14853,5,,,1,30,,14860,5,,,1,70,,14850,5,,,1,30,,14859,5,,,1,70,,14855,5,,,1,30,,14846,5,,,1,70,,14844,5,,,1,30,,14848,5,,,1
11101,'10',619,,15709,3,,,1,30,,15699,3,,,1,70,,15692,3,,,1,30,,15710,3,,,1,70,,15695,3,,,1,30,,15705,3,,,1,70,,15700,3,,,1,30,,15711,3,,,1,70,,15702,3,,,1,30,,15704,3,,,1,70,,15708,3,,,1,30,,15696,3,,,1,70,,15690,3,,,1,30,,15712,3,,,1,70,,15698,3,,,1,30,,15703,3,,,1,70,,13339,3,,,1,30,,15691,3,,,1,70,,15706,3,,,1,30,,15701,3,,,1,70,,12373,3,,,1,30,,15694,3,,,1,70,,15697,3,,,1,30,,15693,3,,,1,70,,15707,3,,,1
11101,'15',619,,15732,3,,,1,30,,15722,3,,,1,70,,15716,3,,,1,30,,15733,3,,,1,70,,15718,3,,,1,30,,15727,3,,,1,70,,15723,3,,,1,30,,15734,3,,,1,70,,15725,3,,,1,30,,13222,3,,,1,70,,15731,3,,,1,30,,15726,3,,,1,70,,15714,3,,,1,30,,15721,3,,,1,70,,12812,3,,,1,30,,15713,3,,,1,70,,13351,3,,,1,30,,15730,3,,,1,70,,15719,3,,,1,30,,15729,3,,,1,70,,15728,3,,,1,30,,15724,3,,,1,70,,15717,3,,,1,30,,15720,3,,,1,70,,15715,3,,,1
11200,'10',652,,15735,5,,,1,100,,15740,5,,,1,100,,15736,5,,,1,100,,15741,5,,,1,100,,15744,5,,,1,100,,15742,5,,,1,100,,15743,5,,,1,100,,15745,5,,,1,102,,15737,5,,,1,98,,15739,5,,,1,100,,15738,5,,,1
11200,'15',652,,15747,5,,,1,100,,15746,5,,,1,100,,15755,5,,,1,100,,13573,5,,,1,100,,15753,5,,,1,100,,15751,5,,,1,100,,15752,5,,,1,100,,15754,5,,,1,102,,15748,5,,,1,98,,15750,5,,,1,100,,15749,5,,,1
20301,'10',1910,,16264,5,0,9 3 10,1,30,,16270,5,0,9 3 10,1,70,,16268,5,0,9 3 10,1,30,,14449,5,0,9 3 10,1,70,,16263,5,0,9 3 10,1,30,,16271,5,0,9 3 10,1,70,,16267,5,0,9 3 10,1,30,,16272,5,0,9 3 10,1,70,,16266,5,0,9 3 10,1,30,,16265,5,0,9 3 10,1
20301,'15',1910,,16274,5,0,9 3 10,1,30,,16280,5,0,9 3 10,1,70,,16278,5,0,9 3 10,1,30,,14471,5,0,9 3 10,1,70,,16273,5,0,9 3 10,1,30,,16281,5,0,9 3 10,1,70,,16277,5,0,9 3 10,1,30,,16282,5,0,9 3 10,1,70,,16276,5,0,9 3 10,1,30,,16275,5,0,9 3 10,1
20301,'7',710,,16304,5,0,9 3 10,1,30,,16288,5,0,9 3 10,1,70,,16283,5,0,9 3 10,1,30,,16307,5,0,9 3 10,1,70,,16300,5,0,9 3 10,1,30,,16306,5,0,9 3 10,1,70,,16299,5,0,9 3 10,1,30,,16303,5,0,9 3 10,1,70,,16301,5,0,9 3 10,1,30,,16295,5,0,9 3 10,1,70,,16287,5,0,9 3 10,1,30,,16293,5,0,9 3 10,1,70,,16290,5,0,9 3 10,1,30,,16310,5,0,9 3 10,1,70,,16298,5,0,9 3 10,1,30,,16302,5,0,9 3 10,1,70,,16286,5,0,9 3 10,1,30,,16285,5,0,9 3 10,1,70,,16297,5,0,9 3 10,1,30,,16284,5,0,9 3 10,1,70,,16308,5,0,9 3 10,1,30,,16294,5,0,9 3 10,1,70,,16296,5,0,9 3 10,1,30,,16305,5,0,9 3 10,1,70,,16292,5,0,9 3 10,1,30,,16291,5,0,9 3 10,1,70,,16289,5,0,9 3 10,1,30,,16309,5,0,9 3 10,1
21101,'10',1849,,16879,3,,,1,70,,16878,3,,,1,30,,14053,3,,,1,70,,16883,3,,,1,30,,16885,3,,,1,70,,16881,3,,,1,30,,16882,3,,,1,70,,16884,3,,,1,30,,16880,3,,,1
21101,'15',1849,,16887,3,,,1,70,,16888,3,,,1,30,,16886,3,,,1,70,,16892,3,,,1,30,,16894,3,,,1,70,,16890,3,,,1,30,,16891,3,,,1,70,,16893,3,,,1,30,,16889,3,,,1
21101,'7',719,,13807,3,,,1,30,,16900,3,,,1,70,,16899,3,,,1,30,,16911,3,,,1,70,,16912,3,,,1,30,,16917,3,,,1,70,,16902,3,,,1,30,,16901,3,,,1,70,,16913,3,,,1,30,,16907,3,,,1,70,,16908,3,,,1,30,,16916,3,,,1,70,,16903,3,,,1,30,,16919,3,,,1,70,,16905,3,,,1,30,,16897,3,,,1,70,,16915,3,,,1,30,,16910,3,,,1,70,,16906,3,,,1,30,,11928,3,,,1,70,,16904,3,,,1,30,,16909,3,,,1,70,,16895,3,,,1,30,,16914,3,,,1,70,,16898,3,,,1,30,,16896,3,,,1,70,,16918,3,,,1
