10900,'14',705,,4588,7,,,1,100,,4595,7,,,1,100,,4591,7,,,1,100,,4589,7,,,1,100,,4593,7,,,1,100,,4594,7,,,1,100,,4586,7,,,1,100,,4590,7,,,1,100,,4584,7,,,1,100,,4587,7,,,1,100,,4585,7,,,1,100,,4592,7,,,1
10900,'18',705,,4600,7,,,1,100,,4607,7,,,1,100,,4603,7,,,1,100,,4601,7,,,1,100,,4605,7,,,1,100,,4606,7,,,1,100,,4598,7,,,1,100,,4602,7,,,1,100,,4596,7,,,1,100,,4599,7,,,1,100,,4597,7,,,1,100,,4604,7,,,1
10900,'20',705,,4612,7,,,1,100,,4619,7,,,1,100,,4615,7,,,1,100,,4613,7,,,1,100,,4617,7,,,1,100,,4618,7,,,1,100,,4610,7,,,1,100,,4614,7,,,1,100,,4608,7,,,1,100,,4611,7,,,1,100,,4609,7,,,1,100,,4616,7,,,1
10900,'8',705,,4624,7,,,1,100,,4631,7,,,1,100,,4627,7,,,1,100,,4625,7,,,1,100,,4629,7,,,1,100,,4630,7,,,1,100,,4622,7,,,1,100,,4626,7,,,1,100,,4620,7,,,1,100,,4623,7,,,1,100,,4621,7,,,1,100,,4628,7,,,1
20900,'11',803,,7087,7,,,1,100,,7089,7,,,1,100,,7088,7,,,1,100,,7090,7,,,1,100,,7094,7,,,1,100,,7097,7,,,1,100,,2070,7,,,1,100,,7091,7,,,1,100,,7093,7,,,1,100,,7096,7,,,1,100,,7092,7,,,1,100,,7095,7,,,1,100,,7086,7,,,1
20900,'14',1903,,7098,7,,,1,100,,1361,7,,,1,100,,7100,7,,,1,100,,7099,7,,,1
20900,'18',1903,,7101,7,,,1,100,,7103,7,,,1,100,,7104,7,,,1,100,,7102,7,,,1
20900,'20',1903,,7105,7,,,1,100,,127,7,,,1,100,,7106,7,,,1,100,,7107,7,,,1
20900,'4',803,,7109,7,,,1,100,,7111,7,,,1,100,,7110,7,,,1,100,,7112,7,,,1,100,,7117,7,,,1,100,,7120,7,,,1,100,,7115,7,,,1,100,,7113,7,,,1,100,,7116,7,,,1,100,,7119,7,,,1,100,,7114,7,,,1,100,,7118,7,,,1,100,,7108,7,,,1
20900,'8',1903,,7121,7,,,1,100,,7124,7,,,1,100,,7122,7,,,1,100,,7123,7,,,1
