11600,'14',638,,5859,3,0,21 22,1,70,,5870,3,0,21 22,1,30,,5842,3,0,21 22,1,70,,5846,3,0,21 22,1,30,,5865,3,0,21 22,1,70,,5838,3,0,21 22,1,30,,402,3,0,21 22,1,70,,5862,3,0,21 22,1,30,,5866,3,0,21 22,1,70,,5874,3,0,21 22,1,30,,5849,3,0,21 22,1,70,,5878,3,0,21 22,1,30,,5850,3,0,21 22,1,70,,5871,3,0,21 22,1,30,,5847,3,0,21 22,1,70,,5844,3,0,21 22,1,30,,5869,3,0,21 22,1,70,,5863,3,0,21 22,1,30,,5854,3,0,21 22,1,70,,627,3,0,21 22,1,30,,5843,3,0,21 22,1,70,,5851,3,0,21 22,1,30,,5839,3,0,21 22,1
11600,'18',638,,5904,3,0,21 22,1,70,,5916,3,0,21 22,1,30,,5884,3,0,21 22,1,70,,5888,3,0,21 22,1,30,,5911,3,0,21 22,1,70,,5880,3,0,21 22,1,30,,5908,3,0,21 22,1,70,,5907,3,0,21 22,1,30,,5912,3,0,21 22,1,70,,5920,3,0,21 22,1,30,,5892,3,0,21 22,1,70,,5924,3,0,21 22,1,30,,5893,3,0,21 22,1,70,,5917,3,0,21 22,1,30,,5889,3,0,21 22,1,70,,5886,3,0,21 22,1,30,,5915,3,0,21 22,1,70,,5909,3,0,21 22,1,30,,5899,3,0,21 22,1,70,,5896,3,0,21 22,1,30,,5885,3,0,21 22,1,70,,5894,3,0,21 22,1,30,,5881,3,0,21 22,1
11600,'20',638,,5947,3,0,21 22,1,70,,5958,3,0,21 22,1,30,,5930,3,0,21 22,1,70,,5934,3,0,21 22,1,30,,5953,3,0,21 22,1,70,,5926,3,0,21 22,1,30,,352,3,0,21 22,1,70,,5950,3,0,21 22,1,30,,5954,3,0,21 22,1,70,,5962,3,0,21 22,1,30,,5937,3,0,21 22,1,70,,5966,3,0,21 22,1,30,,5938,3,0,21 22,1,70,,5959,3,0,21 22,1,30,,5935,3,0,21 22,1,70,,5932,3,0,21 22,1,30,,5957,3,0,21 22,1,70,,5951,3,0,21 22,1,30,,5942,3,0,21 22,1,70,,607,3,0,21 22,1,30,,5931,3,0,21 22,1,70,,5939,3,0,21 22,1,30,,5927,3,0,21 22,1
11600,'8',638,,5992,3,0,21 22,1,70,,6004,3,0,21 22,1,30,,5972,3,0,21 22,1,70,,5976,3,0,21 22,1,30,,5999,3,0,21 22,1,70,,5968,3,0,21 22,1,30,,5996,3,0,21 22,1,70,,5995,3,0,21 22,1,30,,6000,3,0,21 22,1,70,,6008,3,0,21 22,1,30,,5980,3,0,21 22,1,70,,6012,3,0,21 22,1,30,,5981,3,0,21 22,1,70,,6005,3,0,21 22,1,30,,5977,3,0,21 22,1,70,,5974,3,0,21 22,1,30,,6003,3,0,21 22,1,70,,5997,3,0,21 22,1,30,,5987,3,0,21 22,1,70,,5984,3,0,21 22,1,30,,5973,3,0,21 22,1,70,,5982,3,0,21 22,1,30,,5969,3,0,21 22,1
21600,'11',708,,7922,3,0,21 22,1,30,,7962,3,0,21 22,1,70,,7944,3,0,21 22,1,30,,7924,3,0,21 22,1,70,,7945,3,0,21 22,1,30,,7929,3,0,21 22,1,70,,7958,3,0,21 22,1,30,,7965,3,0,21 22,1,70,,7931,3,0,21 22,1,30,,7955,3,0,21 22,1,70,,7913,3,0,21 22,1,30,,1971,3,0,21 22,1,70,,7950,3,0,21 22,1,30,,7941,3,0,21 22,1,70,,7916,3,0,21 22,1,30,,7928,3,0,21 22,1,70,,7938,3,0,21 22,1,30,,7957,3,0,21 22,1,70,,7946,3,0,21 22,1,30,,7921,3,0,21 22,1,70,,7940,3,0,21 22,1,30,,7949,3,0,21 22,1,70,,7926,3,0,21 22,1,30,,7915,3,0,21 22,1,70,,7964,3,0,21 22,1,30,,7943,3,0,21 22,1,70,,7963,3,0,21 22,1,30,,7966,3,0,21 22,1,70,,7917,3,0,21 22,1
21600,'14',1808,,7992,3,0,21 22,1,30,,7976,3,0,21 22,1,70,,7977,3,0,21 22,1,30,,7985,3,0,21 22,1,70,,7984,3,0,21 22,1,30,,7981,3,0,21 22,1,70,,7974,3,0,21 22,1,30,,7988,3,0,21 22,1,70,,7982,3,0,21 22,1,30,,7986,3,0,21 22,1,70,,7975,3,0,21 22,1,30,,7979,3,0,21 22,1
21600,'18',1808,,8016,3,0,21 22,1,30,,7999,3,0,21 22,1,70,,8000,3,0,21 22,1,30,,8009,3,0,21 22,1,70,,8008,3,0,21 22,1,30,,8005,3,0,21 22,1,70,,7997,3,0,21 22,1,30,,8012,3,0,21 22,1,70,,8006,3,0,21 22,1,30,,8010,3,0,21 22,1,70,,7998,3,0,21 22,1,30,,8002,3,0,21 22,1
21600,'20',1808,,8040,3,0,21 22,1,30,,8023,3,0,21 22,1,70,,8024,3,0,21 22,1,30,,8033,3,0,21 22,1,70,,8032,3,0,21 22,1,30,,8029,3,0,21 22,1,70,,8021,3,0,21 22,1,30,,8036,3,0,21 22,1,70,,8030,3,0,21 22,1,30,,8034,3,0,21 22,1,70,,8022,3,0,21 22,1,30,,8026,3,0,21 22,1
21600,'4',708,,8050,3,0,21 22,1,30,,8091,3,0,21 22,1,70,,8072,3,0,21 22,1,30,,8052,3,0,21 22,1,70,,8073,3,0,21 22,1,30,,8057,3,0,21 22,1,70,,8087,3,0,21 22,1,30,,8094,3,0,21 22,1,70,,8059,3,0,21 22,1,30,,8084,3,0,21 22,1,70,,8041,3,0,21 22,1,30,,8074,3,0,21 22,1,70,,8079,3,0,21 22,1,30,,8069,3,0,21 22,1,70,,8044,3,0,21 22,1,30,,8056,3,0,21 22,1,70,,8066,3,0,21 22,1,30,,8086,3,0,21 22,1,70,,8075,3,0,21 22,1,30,,8049,3,0,21 22,1,70,,8068,3,0,21 22,1,30,,8078,3,0,21 22,1,70,,8054,3,0,21 22,1,30,,8043,3,0,21 22,1,70,,8093,3,0,21 22,1,30,,8071,3,0,21 22,1,70,,8092,3,0,21 22,1,30,,8095,3,0,21 22,1,70,,8045,3,0,21 22,1
21600,'8',1808,,8122,3,0,21 22,1,30,,8105,3,0,21 22,1,70,,8106,3,0,21 22,1,30,,8115,3,0,21 22,1,70,,8114,3,0,21 22,1,30,,8111,3,0,21 22,1,70,,8103,3,0,21 22,1,30,,8118,3,0,21 22,1,70,,8112,3,0,21 22,1,30,,8116,3,0,21 22,1,70,,8104,3,0,21 22,1,30,,8108,3,0,21 22,1
