11600,'14',643,,5859,11,,,1,70,,5870,11,,,1,30,,5842,11,,,1,70,,5846,11,,,1,30,,5865,11,,,1,70,,5838,11,,,1,30,,402,11,,,1,70,,5862,11,,,1,30,,5866,11,,,1,70,,5874,11,,,1,30,,5849,11,,,1,70,,5878,11,,,1,30,,5850,11,,,1,70,,5871,11,,,1,30,,5847,11,,,1,70,,5844,11,,,1,30,,5869,11,,,1,70,,5863,11,,,1,30,,5854,11,,,1,70,,627,11,,,1,30,,5843,11,,,1,70,,5851,11,,,1,30,,5839,11,,,1
11600,'18',643,,5904,11,,,1,70,,5916,11,,,1,30,,5884,11,,,1,70,,5888,11,,,1,30,,5911,11,,,1,70,,5880,11,,,1,30,,5908,11,,,1,70,,5907,11,,,1,30,,5912,11,,,1,70,,5920,11,,,1,30,,5892,11,,,1,70,,5924,11,,,1,30,,5893,11,,,1,70,,5917,11,,,1,30,,5889,11,,,1,70,,5886,11,,,1,30,,5915,11,,,1,70,,5909,11,,,1,30,,5899,11,,,1,70,,5896,11,,,1,30,,5885,11,,,1,70,,5894,11,,,1,30,,5881,11,,,1
11600,'20',643,,5947,11,,,1,70,,5958,11,,,1,30,,5930,11,,,1,70,,5934,11,,,1,30,,5953,11,,,1,70,,5926,11,,,1,30,,352,11,,,1,70,,5950,11,,,1,30,,5954,11,,,1,70,,5962,11,,,1,30,,5937,11,,,1,70,,5966,11,,,1,30,,5938,11,,,1,70,,5959,11,,,1,30,,5935,11,,,1,70,,5932,11,,,1,30,,5957,11,,,1,70,,5951,11,,,1,30,,5942,11,,,1,70,,607,11,,,1,30,,5931,11,,,1,70,,5939,11,,,1,30,,5927,11,,,1
11600,'8',643,,5992,11,,,1,70,,6004,11,,,1,30,,5972,11,,,1,70,,5976,11,,,1,30,,5999,11,,,1,70,,5968,11,,,1,30,,5996,11,,,1,70,,5995,11,,,1,30,,6000,11,,,1,70,,6008,11,,,1,30,,5980,11,,,1,70,,6012,11,,,1,30,,5981,11,,,1,70,,6005,11,,,1,30,,5977,11,,,1,70,,5974,11,,,1,30,,6003,11,,,1,70,,5997,11,,,1,30,,5987,11,,,1,70,,5984,11,,,1,30,,5973,11,,,1,70,,5982,11,,,1,30,,5969,11,,,1
21600,'11',713,,7922,11,,,1,30,,7962,11,,,1,70,,7944,11,,,1,30,,7924,11,,,1,70,,7945,11,,,1,30,,7929,11,,,1,70,,7958,11,,,1,30,,7965,11,,,1,70,,7931,11,,,1,30,,7955,11,,,1,70,,7913,11,,,1,30,,1971,11,,,1,70,,7950,11,,,1,30,,7941,11,,,1,70,,7916,11,,,1,30,,7928,11,,,1,70,,7938,11,,,1,30,,7957,11,,,1,70,,7946,11,,,1,30,,7921,11,,,1,70,,7940,11,,,1,30,,7949,11,,,1,70,,7926,11,,,1,30,,7915,11,,,1,70,,7964,11,,,1,30,,7943,11,,,1,70,,7963,11,,,1,30,,7966,11,,,1,70,,7917,11,,,1
21600,'14',1813,,7992,11,,,1,30,,7976,11,,,1,70,,7977,11,,,1,30,,7985,11,,,1,70,,7984,11,,,1,30,,7981,11,,,1,70,,7974,11,,,1,30,,7988,11,,,1,70,,7982,11,,,1,30,,7986,11,,,1,70,,7975,11,,,1,30,,7979,11,,,1
21600,'18',1813,,8016,11,,,1,30,,7999,11,,,1,70,,8000,11,,,1,30,,8009,11,,,1,70,,8008,11,,,1,30,,8005,11,,,1,70,,7997,11,,,1,30,,8012,11,,,1,70,,8006,11,,,1,30,,8010,11,,,1,70,,7998,11,,,1,30,,8002,11,,,1
21600,'20',1813,,8040,11,,,1,30,,8023,11,,,1,70,,8024,11,,,1,30,,8033,11,,,1,70,,8032,11,,,1,30,,8029,11,,,1,70,,8021,11,,,1,30,,8036,11,,,1,70,,8030,11,,,1,30,,8034,11,,,1,70,,8022,11,,,1,30,,8026,11,,,1
21600,'4',713,,8050,11,,,1,30,,8091,11,,,1,70,,8072,11,,,1,30,,8052,11,,,1,70,,8073,11,,,1,30,,8057,11,,,1,70,,8087,11,,,1,30,,8094,11,,,1,70,,8059,11,,,1,30,,8084,11,,,1,70,,8041,11,,,1,30,,8074,11,,,1,70,,8079,11,,,1,30,,8069,11,,,1,70,,8044,11,,,1,30,,8056,11,,,1,70,,8066,11,,,1,30,,8086,11,,,1,70,,8075,11,,,1,30,,8049,11,,,1,70,,8068,11,,,1,30,,8078,11,,,1,70,,8054,11,,,1,30,,8043,11,,,1,70,,8093,11,,,1,30,,8071,11,,,1,70,,8092,11,,,1,30,,8095,11,,,1,70,,8045,11,,,1
21600,'8',1813,,8122,11,,,1,30,,8105,11,,,1,70,,8106,11,,,1,30,,8115,11,,,1,70,,8114,11,,,1,30,,8111,11,,,1,70,,8103,11,,,1,30,,8118,11,,,1,70,,8112,11,,,1,30,,8116,11,,,1,70,,8104,11,,,1,30,,8108,11,,,1
