10701,'14',556,,4195,6,0,5 6,1,100,,4151,6,0,5 6,1,70,,4179,6,0,5 6,1,30,,4160,6,0,5 6,1,70,,4198,6,0,5 6,1,30,,4201,6,0,5 6,1,100,,4176,6,0,5 6,1,100,,4170,6,0,5 6,1,100,,4171,6,0,5 6,1,100,,4199,6,0,5 6,1,100,,4158,6,0,5 6,1,70,,4200,6,0,5 6,1,30,,4175,6,0,5 6,1,70,,1246,6,0,5 6,1,30,,4157,6,0,5 6,1,70,,4182,6,0,5 6,1,30,,4172,6,0,5 6,1,70,,4146,6,0,5 6,1,30,,4192,6,0,5 6,1,100,,4186,6,0,5 6,1
10701,'18',556,,4255,6,0,5 6,1,100,,4208,6,0,5 6,1,70,,4238,6,0,5 6,1,30,,4217,6,0,5 6,1,70,,4258,6,0,5 6,1,30,,4261,6,0,5 6,1,100,,4234,6,0,5 6,1,100,,4227,6,0,5 6,1,100,,4228,6,0,5 6,1,100,,4259,6,0,5 6,1,100,,4215,6,0,5 6,1,70,,4260,6,0,5 6,1,30,,4233,6,0,5 6,1,70,,4239,6,0,5 6,1,30,,4214,6,0,5 6,1,70,,4242,6,0,5 6,1,30,,4230,6,0,5 6,1,70,,4203,6,0,5 6,1,30,,4252,6,0,5 6,1,100,,4246,6,0,5 6,1
10701,'20',556,,4312,6,0,5 6,1,100,,4268,6,0,5 6,1,70,,4296,6,0,5 6,1,30,,4277,6,0,5 6,1,70,,4315,6,0,5 6,1,30,,4318,6,0,5 6,1,100,,4293,6,0,5 6,1,100,,4287,6,0,5 6,1,100,,4288,6,0,5 6,1,100,,4316,6,0,5 6,1,100,,4275,6,0,5 6,1,70,,4317,6,0,5 6,1,30,,4292,6,0,5 6,1,70,,1233,6,0,5 6,1,30,,4274,6,0,5 6,1,70,,4300,6,0,5 6,1,30,,4289,6,0,5 6,1,70,,4263,6,0,5 6,1,30,,4309,6,0,5 6,1,100,,4303,6,0,5 6,1
10701,'8',556,,4372,6,0,5 6,1,100,,4325,6,0,5 6,1,70,,4355,6,0,5 6,1,30,,4334,6,0,5 6,1,70,,4375,6,0,5 6,1,30,,4378,6,0,5 6,1,100,,4351,6,0,5 6,1,100,,4344,6,0,5 6,1,100,,4345,6,0,5 6,1,100,,4376,6,0,5 6,1,100,,4332,6,0,5 6,1,70,,4377,6,0,5 6,1,30,,4350,6,0,5 6,1,70,,4356,6,0,5 6,1,30,,4331,6,0,5 6,1,70,,4359,6,0,5 6,1,30,,4347,6,0,5 6,1,70,,4320,6,0,5 6,1,30,,4369,6,0,5 6,1,100,,4363,6,0,5 6,1
21401,'11',737,,7872,6,,,1,100,,7880,6,,,1,100,,7876,6,,,1,100,,7871,6,,,1,100,,7873,6,,,1,100,,7879,6,,,1,100,,7878,6,,,1,100,,7869,6,,,1,100,,7875,6,,,1,100,,7868,6,,,1,100,,7877,6,,,1,100,,7874,6,,,1,100,,7870,6,,,1
21401,'14',1837,,7885,6,,,1,100,,7883,6,,,1,100,,7881,6,,,1,100,,7884,6,,,1,100,,7882,6,,,1
21401,'18',1837,,7890,6,,,1,100,,7888,6,,,1,100,,7886,6,,,1,100,,7889,6,,,1,100,,7887,6,,,1
21401,'20',1837,,7893,6,,,1,100,,81,6,,,1,100,,7891,6,,,1,100,,7892,6,,,1,100,,7894,6,,,1
21401,'4',737,,7899,6,,,1,100,,7907,6,,,1,100,,7903,6,,,1,100,,7898,6,,,1,100,,7900,6,,,1,100,,7906,6,,,1,100,,7905,6,,,1,100,,7896,6,,,1,100,,7902,6,,,1,100,,7895,6,,,1,100,,7904,6,,,1,100,,7901,6,,,1,100,,7897,6,,,1
21401,'8',1837,,7911,6,,,1,100,,7909,6,,,1,100,,7908,6,,,1,100,,7910,6,,,1,100,,7912,6,,,1
