11300,'14',636,,5334,25,0,18 19 20,1,100,,5322,25,0,18 19 20,1,100,,5344,25,0,18 19 20,1,100,,5319,25,0,18 19 20,1,100,,5320,25,0,18 19 20,1,100,,5316,25,0,18 19 20,1,100,,5324,25,0,18 19 20,1,100,,5338,25,0,18 19 20,1,100,,390,25,0,18 19 20,1,100,,5343,25,0,18 19 20,1,100,,5317,25,0,18 19 20,1,100,,5331,25,0,18 19 20,1,100,,5347,25,0,18 19 20,1
11300,'18',636,,5372,25,0,18 19 20,1,100,,5357,25,0,18 19 20,1,100,,5383,25,0,18 19 20,1,100,,5354,25,0,18 19 20,1,100,,5355,25,0,18 19 20,1,100,,5350,25,0,18 19 20,1,100,,5359,25,0,18 19 20,1,100,,5377,25,0,18 19 20,1,100,,5367,25,0,18 19 20,1,100,,5382,25,0,18 19 20,1,100,,5351,25,0,18 19 20,1,100,,5368,25,0,18 19 20,1,100,,5386,25,0,18 19 20,1
11300,'20',636,,5401,25,0,18 19 20,1,100,,5394,25,0,18 19 20,1,100,,5415,25,0,18 19 20,1,100,,5391,25,0,18 19 20,1,100,,5392,25,0,18 19 20,1,100,,5389,25,0,18 19 20,1,100,,1908,25,0,18 19 20,1,100,,5409,25,0,18 19 20,1,100,,5407,25,0,18 19 20,1,100,,5400,25,0,18 19 20,1,100,,5405,25,0,18 19 20,1,100,,5404,25,0,18 19 20,1,100,,2442,25,0,18 19 20,1
11300,'8',636,,5436,25,0,18 19 20,1,100,,5425,25,0,18 19 20,1,100,,5454,25,0,18 19 20,1,100,,5422,25,0,18 19 20,1,100,,5423,25,0,18 19 20,1,100,,5420,25,0,18 19 20,1,100,,5431,25,0,18 19 20,1,100,,5447,25,0,18 19 20,1,100,,5444,25,0,18 19 20,1,100,,5434,25,0,18 19 20,1,100,,5442,25,0,18 19 20,1,100,,5440,25,0,18 19 20,1,100,,5429,25,0,18 19 20,1
21300,'11',735,,1839,25,,,1,100,,7664,25,,,1,100,,7674,25,,,1,100,,7672,25,,,1,100,,7668,25,,,1,100,,7666,25,,,1,100,,7667,25,,,1,100,,7669,25,,,1,100,,7663,25,,,1,100,,7673,25,,,1,100,,7671,25,,,1,100,,7665,25,,,1,100,,7670,25,,,1
21300,'14',1935,,7676,25,,,1,100,,7677,25,,,1,100,,7675,25,,,1,100,,2747,25,,,1
21300,'18',1935,,7680,25,,,1,100,,7681,25,,,1,100,,7679,25,,,1,100,,7678,25,,,1
21300,'20',1935,,7683,25,,,1,100,,7684,25,,,1,100,,7682,25,,,1,100,,2665,25,,,1
21300,'4',735,,7688,25,,,1,100,,7686,25,,,1,100,,7697,25,,,1,100,,7695,25,,,1,100,,7691,25,,,1,100,,7689,25,,,1,100,,7690,25,,,1,100,,7692,25,,,1,100,,7685,25,,,1,100,,7696,25,,,1,100,,7694,25,,,1,100,,7687,25,,,1,100,,7693,25,,,1
21300,'8',1935,,7700,25,,,1,100,,7701,25,,,1,100,,7699,25,,,1,100,,7698,25,,,1
