10201,'14',640,,3009,17,0,7 1 8,1,70,,3015,17,0,7 1 8,1,30,,1623,17,0,7 1 8,1,70,,3007,17,0,7 1 8,1,30,,3052,17,0,7 1 8,1,70,,3048,17,0,7 1 8,1,30,,3028,17,0,7 1 8,1,100,,3049,17,0,7 1 8,1,100,,3027,17,0,7 1 8,1,100,,3024,17,0,7 1 8,1,100,,3042,17,0,7 1 8,1,100,,1632,17,0,7 1 8,1,70,,3030,17,0,7 1 8,1,30,,3017,17,0,7 1 8,1,70,,3034,17,0,7 1 8,1,30,,3039,17,0,7 1 8,1,70,,3020,17,0,7 1 8,1,30,,3033,17,0,7 1 8,1
10201,'18',640,,3061,17,0,7 1 8,1,70,,3068,17,0,7 1 8,1,30,,3056,17,0,7 1 8,1,70,,3059,17,0,7 1 8,1,30,,3109,17,0,7 1 8,1,70,,3105,17,0,7 1 8,1,30,,3085,17,0,7 1 8,1,100,,3106,17,0,7 1 8,1,100,,3084,17,0,7 1 8,1,100,,3081,17,0,7 1 8,1,100,,3099,17,0,7 1 8,1,100,,3071,17,0,7 1 8,1,70,,3087,17,0,7 1 8,1,30,,3070,17,0,7 1 8,1,70,,3091,17,0,7 1 8,1,30,,3096,17,0,7 1 8,1,70,,3077,17,0,7 1 8,1,30,,3090,17,0,7 1 8,1
10201,'20',640,,3117,17,0,7 1 8,1,70,,3123,17,0,7 1 8,1,30,,1577,17,0,7 1 8,1,70,,3115,17,0,7 1 8,1,30,,3161,17,0,7 1 8,1,70,,3157,17,0,7 1 8,1,30,,3137,17,0,7 1 8,1,100,,3158,17,0,7 1 8,1,100,,3136,17,0,7 1 8,1,100,,3133,17,0,7 1 8,1,100,,3151,17,0,7 1 8,1,100,,1586,17,0,7 1 8,1,70,,3139,17,0,7 1 8,1,30,,3125,17,0,7 1 8,1,70,,3143,17,0,7 1 8,1,30,,3148,17,0,7 1 8,1,70,,3129,17,0,7 1 8,1,30,,3142,17,0,7 1 8,1
10201,'8',640,,3170,17,0,7 1 8,1,70,,3177,17,0,7 1 8,1,30,,3165,17,0,7 1 8,1,70,,3168,17,0,7 1 8,1,30,,3218,17,0,7 1 8,1,70,,3214,17,0,7 1 8,1,30,,3194,17,0,7 1 8,1,100,,3215,17,0,7 1 8,1,100,,3193,17,0,7 1 8,1,100,,3190,17,0,7 1 8,1,100,,3208,17,0,7 1 8,1,100,,3180,17,0,7 1 8,1,70,,3196,17,0,7 1 8,1,30,,3179,17,0,7 1 8,1,70,,3200,17,0,7 1 8,1,30,,3205,17,0,7 1 8,1,70,,3186,17,0,7 1 8,1,30,,3199,17,0,7 1 8,1
11000,'14',636,,4832,11,,,1,70,,4818,11,,,1,30,,4814,11,,,1,70,,4815,11,,,1,30,,4829,11,,,1,70,,4826,11,,,1,30,,4824,11,,,1,70,,4834,11,,,1,30,,4819,11,,,1,70,,4820,11,,,1,30,,779,11,,,1,70,,4831,11,,,1,30,,385,11,,,1,70,,4830,11,,,1,30,,4817,11,,,1,70,,4816,11,,,1,30,,4825,11,,,1,70,,4833,11,,,1,30,,4827,11,,,1,70,,4823,11,,,1,30,,4821,11,,,1,70,,4822,11,,,1,30,,161,11,,,1,70,,4828,11,,,1,30,,253,11,,,1
11000,'18',636,,4857,11,,,1,70,,4840,11,,,1,30,,4835,11,,,1,70,,4836,11,,,1,30,,4854,11,,,1,70,,4851,11,,,1,30,,4848,11,,,1,70,,4859,11,,,1,30,,4842,11,,,1,70,,4843,11,,,1,30,,4849,11,,,1,70,,4856,11,,,1,30,,4837,11,,,1,70,,4855,11,,,1,30,,4839,11,,,1,70,,4838,11,,,1,30,,4850,11,,,1,70,,4858,11,,,1,30,,4852,11,,,1,70,,4847,11,,,1,30,,4844,11,,,1,70,,4845,11,,,1,30,,4846,11,,,1,70,,4853,11,,,1,30,,4841,11,,,1
11000,'20',636,,4878,11,,,1,70,,4864,11,,,1,30,,4860,11,,,1,70,,4861,11,,,1,30,,4875,11,,,1,70,,4872,11,,,1,30,,4870,11,,,1,70,,4880,11,,,1,30,,4865,11,,,1,70,,4866,11,,,1,30,,719,11,,,1,70,,4877,11,,,1,30,,335,11,,,1,70,,4876,11,,,1,30,,4863,11,,,1,70,,4862,11,,,1,30,,4871,11,,,1,70,,4879,11,,,1,30,,4873,11,,,1,70,,4869,11,,,1,30,,4867,11,,,1,70,,4868,11,,,1,30,,104,11,,,1,70,,4874,11,,,1,30,,234,11,,,1
11000,'8',636,,4903,11,,,1,70,,4886,11,,,1,30,,4881,11,,,1,70,,4882,11,,,1,30,,4900,11,,,1,70,,4897,11,,,1,30,,4894,11,,,1,70,,4905,11,,,1,30,,4888,11,,,1,70,,4889,11,,,1,30,,4895,11,,,1,70,,4902,11,,,1,30,,4883,11,,,1,70,,4901,11,,,1,30,,4885,11,,,1,70,,4884,11,,,1,30,,4896,11,,,1,70,,4904,11,,,1,30,,4898,11,,,1,70,,4893,11,,,1,30,,4890,11,,,1,70,,4891,11,,,1,30,,4892,11,,,1,70,,4899,11,,,1,30,,4887,11,,,1
11501,'14',704,,153,9,0,7 1 8,1,30,,5717,9,0,7 1 8,1,70,,5726,9,0,7 1 8,1,30,,5712,9,0,7 1 8,1,70,,5713,9,0,7 1 8,1,30,,5715,9,0,7 1 8,1,70,,5731,9,0,7 1 8,1,100,,5725,9,0,7 1 8,1,100,,5724,9,0,7 1 8,1,100,,5719,9,0,7 1 8,1,100,,5710,9,0,7 1 8,1,100,,5708,9,0,7 1 8,1,30,,1624,9,0,7 1 8,1,70,,5711,9,0,7 1 8,1,30,,5733,9,0,7 1 8,1,70,,5721,9,0,7 1 8,1,30,,5718,9,0,7 1 8,1,70,,411,9,0,7 1 8,1
11501,'18',704,,5752,9,0,7 1 8,1,30,,5748,9,0,7 1 8,1,70,,5761,9,0,7 1 8,1,30,,5743,9,0,7 1 8,1,70,,5744,9,0,7 1 8,1,30,,5746,9,0,7 1 8,1,70,,5766,9,0,7 1 8,1,100,,5759,9,0,7 1 8,1,100,,5758,9,0,7 1 8,1,100,,5750,9,0,7 1 8,1,100,,5740,9,0,7 1 8,1,100,,5737,9,0,7 1 8,1,30,,5739,9,0,7 1 8,1,70,,5742,9,0,7 1 8,1,30,,5769,9,0,7 1 8,1,70,,5754,9,0,7 1 8,1,30,,5749,9,0,7 1 8,1,70,,5767,9,0,7 1 8,1
11501,'20',704,,96,9,0,7 1 8,1,30,,5782,9,0,7 1 8,1,70,,5791,9,0,7 1 8,1,30,,5777,9,0,7 1 8,1,70,,5778,9,0,7 1 8,1,30,,5780,9,0,7 1 8,1,70,,5796,9,0,7 1 8,1,100,,5790,9,0,7 1 8,1,100,,5789,9,0,7 1 8,1,100,,5784,9,0,7 1 8,1,100,,1294,9,0,7 1 8,1,100,,5773,9,0,7 1 8,1,30,,1578,9,0,7 1 8,1,70,,5776,9,0,7 1 8,1,30,,5798,9,0,7 1 8,1,70,,5786,9,0,7 1 8,1,30,,5783,9,0,7 1 8,1,70,,361,9,0,7 1 8,1
11501,'8',704,,5817,9,0,7 1 8,1,30,,5813,9,0,7 1 8,1,70,,5826,9,0,7 1 8,1,30,,5808,9,0,7 1 8,1,70,,5809,9,0,7 1 8,1,30,,5811,9,0,7 1 8,1,70,,5831,9,0,7 1 8,1,100,,5824,9,0,7 1 8,1,100,,5823,9,0,7 1 8,1,100,,5815,9,0,7 1 8,1,100,,5805,9,0,7 1 8,1,100,,5802,9,0,7 1 8,1,30,,5804,9,0,7 1 8,1,70,,5807,9,0,7 1 8,1,30,,5834,9,0,7 1 8,1,70,,5819,9,0,7 1 8,1,30,,5814,9,0,7 1 8,1,70,,5832,9,0,7 1 8,1
21000,'11',734,,7318,9,,,1,70,,7307,9,,,1,30,,7310,9,,,1,70,,7325,9,,,1,30,,7323,9,,,1,70,,7308,9,,,1,30,,7326,9,,,1,70,,7317,9,,,1,30,,7313,9,,,1,70,,7316,9,,,1,30,,7324,9,,,1,70,,7322,9,,,1,30,,7328,9,,,1,70,,7320,9,,,1,30,,7327,9,,,1,70,,7321,9,,,1,30,,7333,9,,,1,70,,7329,9,,,1,30,,7331,9,,,1,70,,7309,9,,,1,30,,7332,9,,,1,70,,7314,9,,,1,30,,7319,9,,,1,70,,7330,9,,,1,30,,7312,9,,,1,70,,7315,9,,,1,30,,7311,9,,,1
21000,'14',1904,,7336,9,,,1,30,,7338,9,,,1,70,,7341,9,,,1,30,,7334,9,,,1,70,,7339,9,,,1,30,,7335,9,,,1,70,,2757,9,,,1,30,,7340,9,,,1,70,,7337,9,,,1
21000,'18',1904,,7344,9,,,1,30,,7347,9,,,1,70,,7350,9,,,1,30,,7342,9,,,1,70,,7348,9,,,1,30,,7343,9,,,1,70,,7346,9,,,1,30,,7349,9,,,1,70,,7345,9,,,1
21000,'20',1904,,7353,9,,,1,30,,7355,9,,,1,70,,7358,9,,,1,30,,7351,9,,,1,70,,7356,9,,,1,30,,7352,9,,,1,70,,2675,9,,,1,30,,7357,9,,,1,70,,7354,9,,,1
21000,'4',734,,7370,9,,,1,70,,7359,9,,,1,30,,7362,9,,,1,70,,7377,9,,,1,30,,7375,9,,,1,70,,7360,9,,,1,30,,7378,9,,,1,70,,7369,9,,,1,30,,7365,9,,,1,70,,7368,9,,,1,30,,7376,9,,,1,70,,7374,9,,,1,30,,7380,9,,,1,70,,7372,9,,,1,30,,7379,9,,,1,70,,7373,9,,,1,30,,7385,9,,,1,70,,7381,9,,,1,30,,7383,9,,,1,70,,7361,9,,,1,30,,7384,9,,,1,70,,7366,9,,,1,30,,7371,9,,,1,70,,7382,9,,,1,30,,7364,9,,,1,70,,7367,9,,,1,30,,7363,9,,,1
21000,'8',1904,,7388,9,,,1,30,,7391,9,,,1,70,,7394,9,,,1,30,,7386,9,,,1,70,,7392,9,,,1,30,,7387,9,,,1,70,,7390,9,,,1,30,,7393,9,,,1,70,,7389,9,,,1
