11601,'14',613,,6042,11,0,9 3 10 16,1,30,,6019,11,0,9 3 10 16,1,70,,6021,11,0,9 3 10 16,1,30,,6051,11,0,9 3 10 16,1,70,,6043,11,0,9 3 10 16,1,30,,262,11,0,9 3 10 16,1,70,,6018,11,0,9 3 10 16,1,30,,6035,11,0,9 3 10 16,1,70,,6027,11,0,9 3 10 16,1,30,,6053,11,0,9 3 10 16,1,70,,6047,11,0,9 3 10 16,1,30,,6046,11,0,9 3 10 16,1,70,,6024,11,0,9 3 10 16,1,30,,6031,11,0,9 3 10 16,1,70,,6044,11,0,9 3 10 16,1,30,,1209,11,0,9 3 10 16,1,70,,6020,11,0,9 3 10 16,1,30,,6032,11,0,9 3 10 16,1,70,,6052,11,0,9 3 10 16,1,30,,6040,11,0,9 3 10 16,1,70,,6034,11,0,9 3 10 16,1,30,,6033,11,0,9 3 10 16,1,70,,6026,11,0,9 3 10 16,1,30,,6025,11,0,9 3 10 16,1
11601,'18',613,,6089,11,0,9 3 10 16,1,30,,6062,11,0,9 3 10 16,1,70,,6064,11,0,9 3 10 16,1,30,,6099,11,0,9 3 10 16,1,70,,6090,11,0,9 3 10 16,1,30,,6092,11,0,9 3 10 16,1,70,,6061,11,0,9 3 10 16,1,30,,6081,11,0,9 3 10 16,1,70,,6071,11,0,9 3 10 16,1,30,,6101,11,0,9 3 10 16,1,70,,6095,11,0,9 3 10 16,1,30,,6094,11,0,9 3 10 16,1,70,,6068,11,0,9 3 10 16,1,30,,6076,11,0,9 3 10 16,1,70,,6091,11,0,9 3 10 16,1,30,,6067,11,0,9 3 10 16,1,70,,6063,11,0,9 3 10 16,1,30,,6077,11,0,9 3 10 16,1,70,,6100,11,0,9 3 10 16,1,30,,6087,11,0,9 3 10 16,1,70,,6080,11,0,9 3 10 16,1,30,,6078,11,0,9 3 10 16,1,70,,6070,11,0,9 3 10 16,1,30,,6069,11,0,9 3 10 16,1
11601,'20',613,,6132,11,0,9 3 10 16,1,30,,6109,11,0,9 3 10 16,1,70,,6111,11,0,9 3 10 16,1,30,,6141,11,0,9 3 10 16,1,70,,6133,11,0,9 3 10 16,1,30,,242,11,0,9 3 10 16,1,70,,6108,11,0,9 3 10 16,1,30,,6124,11,0,9 3 10 16,1,70,,6118,11,0,9 3 10 16,1,30,,6143,11,0,9 3 10 16,1,70,,6137,11,0,9 3 10 16,1,30,,6136,11,0,9 3 10 16,1,70,,6115,11,0,9 3 10 16,1,30,,6121,11,0,9 3 10 16,1,70,,6134,11,0,9 3 10 16,1,30,,6114,11,0,9 3 10 16,1,70,,6110,11,0,9 3 10 16,1,30,,1189,11,0,9 3 10 16,1,70,,6142,11,0,9 3 10 16,1,30,,6130,11,0,9 3 10 16,1,70,,6123,11,0,9 3 10 16,1,30,,6122,11,0,9 3 10 16,1,70,,6117,11,0,9 3 10 16,1,30,,6116,11,0,9 3 10 16,1
11601,'8',613,,6179,11,0,9 3 10 16,1,30,,6152,11,0,9 3 10 16,1,70,,6154,11,0,9 3 10 16,1,30,,6189,11,0,9 3 10 16,1,70,,6180,11,0,9 3 10 16,1,30,,6182,11,0,9 3 10 16,1,70,,6151,11,0,9 3 10 16,1,30,,6171,11,0,9 3 10 16,1,70,,6161,11,0,9 3 10 16,1,30,,6191,11,0,9 3 10 16,1,70,,6185,11,0,9 3 10 16,1,30,,6184,11,0,9 3 10 16,1,70,,6158,11,0,9 3 10 16,1,30,,6166,11,0,9 3 10 16,1,70,,6181,11,0,9 3 10 16,1,30,,6157,11,0,9 3 10 16,1,70,,6153,11,0,9 3 10 16,1,30,,6167,11,0,9 3 10 16,1,70,,6190,11,0,9 3 10 16,1,30,,6177,11,0,9 3 10 16,1,70,,6170,11,0,9 3 10 16,1,30,,6168,11,0,9 3 10 16,1,70,,6160,11,0,9 3 10 16,1,30,,6159,11,0,9 3 10 16,1
21601,'11',643,,8171,11,0,9 3 10 16,1,70,,8153,11,0,9 3 10 16,1,30,,8160,11,0,9 3 10 16,1,70,,8148,11,0,9 3 10 16,1,30,,8155,11,0,9 3 10 16,1,70,,8173,11,0,9 3 10 16,1,30,,8147,11,0,9 3 10 16,1,70,,8150,11,0,9 3 10 16,1,30,,8125,11,0,9 3 10 16,1,70,,8169,11,0,9 3 10 16,1,30,,8143,11,0,9 3 10 16,1,70,,8158,11,0,9 3 10 16,1,30,,8165,11,0,9 3 10 16,1,70,,8178,11,0,9 3 10 16,1,30,,8170,11,0,9 3 10 16,1,70,,8167,11,0,9 3 10 16,1,30,,8137,11,0,9 3 10 16,1,70,,8152,11,0,9 3 10 16,1,30,,8133,11,0,9 3 10 16,1,70,,8142,11,0,9 3 10 16,1,30,,8151,11,0,9 3 10 16,1,70,,8132,11,0,9 3 10 16,1,30,,8177,11,0,9 3 10 16,1,70,,8145,11,0,9 3 10 16,1,30,,8179,11,0,9 3 10 16,1,70,,2575,11,0,9 3 10 16,1,30,,8130,11,0,9 3 10 16,1,70,,8140,11,0,9 3 10 16,1,30,,8164,11,0,9 3 10 16,1
21601,'14',1813,,8184,11,0,9 3 10 16,1,30,,8196,11,0,9 3 10 16,1,70,,8189,11,0,9 3 10 16,1,30,,8186,11,0,9 3 10 16,1,70,,1655,11,0,9 3 10 16,1,30,,8187,11,0,9 3 10 16,1,70,,8198,11,0,9 3 10 16,1,30,,8192,11,0,9 3 10 16,1,70,,8194,11,0,9 3 10 16,1,30,,8181,11,0,9 3 10 16,1,70,,8195,11,0,9 3 10 16,1
21601,'18',1813,,8205,11,0,9 3 10 16,1,30,,8218,11,0,9 3 10 16,1,70,,8210,11,0,9 3 10 16,1,30,,8207,11,0,9 3 10 16,1,70,,8215,11,0,9 3 10 16,1,30,,8208,11,0,9 3 10 16,1,70,,8220,11,0,9 3 10 16,1,30,,8213,11,0,9 3 10 16,1,70,,8216,11,0,9 3 10 16,1,30,,8202,11,0,9 3 10 16,1,70,,8217,11,0,9 3 10 16,1
21601,'20',1813,,8226,11,0,9 3 10 16,1,30,,8238,11,0,9 3 10 16,1,70,,8231,11,0,9 3 10 16,1,30,,8228,11,0,9 3 10 16,1,70,,1609,11,0,9 3 10 16,1,30,,8229,11,0,9 3 10 16,1,70,,8240,11,0,9 3 10 16,1,30,,8234,11,0,9 3 10 16,1,70,,8236,11,0,9 3 10 16,1,30,,8223,11,0,9 3 10 16,1,70,,8237,11,0,9 3 10 16,1
21601,'4',643,,8291,11,0,9 3 10 16,1,70,,8273,11,0,9 3 10 16,1,30,,8280,11,0,9 3 10 16,1,70,,8267,11,0,9 3 10 16,1,30,,8275,11,0,9 3 10 16,1,70,,8293,11,0,9 3 10 16,1,30,,8266,11,0,9 3 10 16,1,70,,8270,11,0,9 3 10 16,1,30,,8244,11,0,9 3 10 16,1,70,,8289,11,0,9 3 10 16,1,30,,8262,11,0,9 3 10 16,1,70,,8278,11,0,9 3 10 16,1,30,,8285,11,0,9 3 10 16,1,70,,8298,11,0,9 3 10 16,1,30,,8290,11,0,9 3 10 16,1,70,,8287,11,0,9 3 10 16,1,30,,8256,11,0,9 3 10 16,1,70,,8272,11,0,9 3 10 16,1,30,,8252,11,0,9 3 10 16,1,70,,8261,11,0,9 3 10 16,1,30,,8271,11,0,9 3 10 16,1,70,,8251,11,0,9 3 10 16,1,30,,8297,11,0,9 3 10 16,1,70,,8264,11,0,9 3 10 16,1,30,,8299,11,0,9 3 10 16,1,70,,8268,11,0,9 3 10 16,1,30,,8249,11,0,9 3 10 16,1,70,,8259,11,0,9 3 10 16,1,30,,8284,11,0,9 3 10 16,1
21601,'8',1813,,8305,11,0,9 3 10 16,1,30,,8318,11,0,9 3 10 16,1,70,,8310,11,0,9 3 10 16,1,30,,8307,11,0,9 3 10 16,1,70,,8315,11,0,9 3 10 16,1,30,,8308,11,0,9 3 10 16,1,70,,8320,11,0,9 3 10 16,1,30,,8313,11,0,9 3 10 16,1,70,,8316,11,0,9 3 10 16,1,30,,8302,11,0,9 3 10 16,1,70,,8317,11,0,9 3 10 16,1
