10500,'10',547,,9938,2,,,1,100,,12397,2,,,1,70,,12390,2,,,1,30,,12375,2,,,1,70,,12376,2,,,1,30,,12398,2,,,1,70,,12372,2,,,1,30,,12393,2,,,1,100,,12370,2,,,1,100,,12364,2,,,1,100,,12367,2,,,1,100,,12389,2,,,1,100,,8760,2,,,1,70,,12369,2,,,1,30,,12377,2,,,1,70,,12384,2,,,1,30,,12373,2,,,1,70,,12391,2,,,1,30,,12399,2,,,1
10500,'13',547,,12413,2,,,1,100,,12434,2,,,1,70,,12427,2,,,1,30,,12411,2,,,1,70,,12412,2,,,1,30,,12435,2,,,1,70,,12408,2,,,1,30,,12430,2,,,1,100,,12406,2,,,1,100,,12400,2,,,1,100,,12403,2,,,1,100,,12426,2,,,1,100,,8711,2,,,1,70,,12405,2,,,1,30,,12414,2,,,1,70,,12421,2,,,1,30,,12409,2,,,1,70,,12428,2,,,1,30,,12436,2,,,1
11301,'10',559,,13255,2,,,1,100,,10009,2,,,1,100,,13262,2,,,1,100,,7972,2,,,1,100,,13250,2,,,1,100,,13259,2,,,1,100,,13254,2,,,1,100,,13242,2,,,1,100,,13265,2,,,1,100,,13243,2,,,1,100,,13261,2,,,1,100,,13253,2,,,1,100,,13269,2,,,1,100,,13274,2,,,1
11301,'13',559,,13299,2,,,1,100,,13294,2,,,1,100,,13306,2,,,1,100,,13284,2,,,1,100,,13292,2,,,1,100,,13303,2,,,1,100,,13298,2,,,1,100,,13297,2,,,1,100,,13308,2,,,1,100,,13288,2,,,1,100,,13286,2,,,1,100,,13277,2,,,1,100,,13291,2,,,1,100,,13314,2,,,1
20500,'10',1847,,13819,2,,,1,100,,13817,2,,,1,100,,13820,2,,,1,100,,13823,2,,,1
20500,'13',1847,,13827,2,,,1,100,,13825,2,,,1,100,,13828,2,,,1,100,,13830,2,,,1
20500,'7',647,,13835,2,,,1,100,,13832,2,,,1,100,,13845,2,,,1,100,,13842,2,,,1,100,,13856,2,,,1,100,,13852,2,,,1,100,,13844,2,,,1,100,,13850,2,,,1,100,,13839,2,,,1,100,,13851,2,,,1,100,,13849,2,,,1,100,,13837,2,,,1,100,,11244,2,,,1,100,,13846,2,,,1
21301,'10',1959,,10605,2,,,1,100,,14342,2,,,1,100,,11978,2,,,1,100,,14339,2,,,1
21301,'13',1959,,10520,2,,,1,100,,14351,2,,,1,100,,11877,2,,,1,100,,14348,2,,,1
21301,'7',659,,14376,2,,,1,100,,14371,2,,,1,100,,14362,2,,,1,100,,14366,2,,,1,100,,10974,2,,,1,100,,14365,2,,,1,100,,14360,2,,,1,100,,14355,2,,,1,100,,14361,2,,,1,100,,14378,2,,,1,100,,14357,2,,,1,100,,14354,2,,,1,100,,14369,2,,,1,100,,14375,2,,,1
