11300,'14',623,,5334,7,0,18 19 20,1,100,,5322,7,0,18 19 20,1,100,,5344,7,0,18 19 20,1,100,,5319,7,0,18 19 20,1,100,,5320,7,0,18 19 20,1,100,,5316,7,0,18 19 20,1,100,,5324,7,0,18 19 20,1,100,,5338,7,0,18 19 20,1,100,,390,7,0,18 19 20,1,100,,5343,7,0,18 19 20,1,100,,5317,7,0,18 19 20,1,100,,5331,7,0,18 19 20,1,100,,5347,7,0,18 19 20,1
11300,'18',623,,5372,7,0,18 19 20,1,100,,5357,7,0,18 19 20,1,100,,5383,7,0,18 19 20,1,100,,5354,7,0,18 19 20,1,100,,5355,7,0,18 19 20,1,100,,5350,7,0,18 19 20,1,100,,5359,7,0,18 19 20,1,100,,5377,7,0,18 19 20,1,100,,5367,7,0,18 19 20,1,100,,5382,7,0,18 19 20,1,100,,5351,7,0,18 19 20,1,100,,5368,7,0,18 19 20,1,100,,5386,7,0,18 19 20,1
11300,'20',623,,5401,7,0,18 19 20,1,100,,5394,7,0,18 19 20,1,100,,5415,7,0,18 19 20,1,100,,5391,7,0,18 19 20,1,100,,5392,7,0,18 19 20,1,100,,5389,7,0,18 19 20,1,100,,1908,7,0,18 19 20,1,100,,5409,7,0,18 19 20,1,100,,5407,7,0,18 19 20,1,100,,5400,7,0,18 19 20,1,100,,5405,7,0,18 19 20,1,100,,5404,7,0,18 19 20,1,100,,2442,7,0,18 19 20,1
11300,'8',623,,5436,7,0,18 19 20,1,100,,5425,7,0,18 19 20,1,100,,5454,7,0,18 19 20,1,100,,5422,7,0,18 19 20,1,100,,5423,7,0,18 19 20,1,100,,5420,7,0,18 19 20,1,100,,5431,7,0,18 19 20,1,100,,5447,7,0,18 19 20,1,100,,5444,7,0,18 19 20,1,100,,5434,7,0,18 19 20,1,100,,5442,7,0,18 19 20,1,100,,5440,7,0,18 19 20,1,100,,5429,7,0,18 19 20,1
21300,'11',723,,1839,7,,,1,100,,7664,7,,,1,100,,7674,7,,,1,100,,7672,7,,,1,100,,7668,7,,,1,100,,7666,7,,,1,100,,7667,7,,,1,100,,7669,7,,,1,100,,7663,7,,,1,100,,7673,7,,,1,100,,7671,7,,,1,100,,7665,7,,,1,100,,7670,7,,,1
21300,'14',1923,,7676,7,,,1,100,,7677,7,,,1,100,,7675,7,,,1,100,,2747,7,,,1
21300,'18',1923,,7680,7,,,1,100,,7681,7,,,1,100,,7679,7,,,1,100,,7678,7,,,1
21300,'20',1923,,7683,7,,,1,100,,7684,7,,,1,100,,7682,7,,,1,100,,2665,7,,,1
21300,'4',723,,7688,7,,,1,100,,7686,7,,,1,100,,7697,7,,,1,100,,7695,7,,,1,100,,7691,7,,,1,100,,7689,7,,,1,100,,7690,7,,,1,100,,7692,7,,,1,100,,7685,7,,,1,100,,7696,7,,,1,100,,7694,7,,,1,100,,7687,7,,,1,100,,7693,7,,,1
21300,'8',1923,,7700,7,,,1,100,,7701,7,,,1,100,,7699,7,,,1,100,,7698,7,,,1
