10800,'12',703,,9468,6,,,1,30,,9461,6,,,1,70,,1519,6,,,1,30,,9459,6,,,1,70,,9454,6,,,1,30,,9445,6,,,1,100,,9467,6,,,1,100,,9450,6,,,1,100,,9457,6,,,1,100,,9465,6,,,1,100,,9463,6,,,1,70,,9452,6,,,1,30,,9446,6,,,1,70,,9443,6,,,1,30,,9447,6,,,1,70,,9451,6,,,1,30,,9453,6,,,1
10800,'5',703,,9491,6,,,1,30,,9497,6,,,1,70,,9479,6,,,1,30,,9495,6,,,1,70,,9470,6,,,1,30,,9477,6,,,1,100,,9502,6,,,1,100,,9484,6,,,1,100,,9492,6,,,1,100,,9501,6,,,1,100,,9499,6,,,1,70,,9486,6,,,1,30,,9478,6,,,1,70,,9475,6,,,1,30,,9480,6,,,1,70,,9485,6,,,1,30,,9487,6,,,1
10800,'9',703,,9524,6,,,1,30,,9528,6,,,1,70,,390,6,,,1,30,,9527,6,,,1,70,,9504,6,,,1,30,,9511,6,,,1,100,,9533,6,,,1,100,,9517,6,,,1,100,,9525,6,,,1,100,,9532,6,,,1,100,,9530,6,,,1,70,,9519,6,,,1,30,,9512,6,,,1,70,,9509,6,,,1,30,,9513,6,,,1,70,,9518,6,,,1,30,,9520,6,,,1
11400,'12',632,,10334,6,,,1,100,,10340,6,,,1,100,,10339,6,,,1,100,,10333,6,,,1,100,,10336,6,,,1,100,,10337,6,,,1,100,,10341,6,,,1,100,,10342,6,,,1,100,,10335,6,,,1,100,,10338,6,,,1,100,,2398,6,,,1,100,,4454,6,,,1
11400,'5',632,,10344,6,,,1,100,,10352,6,,,1,100,,10351,6,,,1,100,,10343,6,,,1,100,,10347,6,,,1,100,,10348,6,,,1,100,,10353,6,,,1,100,,10354,6,,,1,100,,10346,6,,,1,100,,10350,6,,,1,100,,10349,6,,,1,100,,10345,6,,,1
11400,'9',632,,10356,6,,,1,100,,10362,6,,,1,100,,10361,6,,,1,100,,10355,6,,,1,100,,10358,6,,,1,100,,10359,6,,,1,100,,10363,6,,,1,100,,10364,6,,,1,100,,10357,6,,,1,100,,10360,6,,,1,100,,2436,6,,,1,100,,4386,6,,,1
21400,'12',1832,,11705,6,,,1,100,,11704,6,,,1,100,,11703,6,,,1,100,,11701,6,,,1,100,,11702,6,,,1
21400,'5',1832,,11709,6,,,1,100,,11708,6,,,1,100,,11706,6,,,1,100,,11710,6,,,1,100,,11707,6,,,1
21400,'7',732,,11714,6,,,1,100,,11717,6,,,1,100,,11715,6,,,1,100,,11722,6,,,1,100,,11721,6,,,1,100,,11713,6,,,1,100,,11719,6,,,1,100,,11711,6,,,1,100,,11720,6,,,1,100,,11716,6,,,1,100,,11712,6,,,1,100,,6829,6,,,1,100,,11718,6,,,1
21400,'9',1832,,11726,6,,,1,100,,11724,6,,,1,100,,11725,6,,,1,100,,11723,6,,,1,100,,7972,6,,,1
