11100,'14',605,,5007,9,,,1,30,,5010,9,,,1,70,,5017,9,,,1,30,,5016,9,,,1,70,,765,9,,,1,30,,5018,9,,,1,70,,5024,9,,,1,30,,1287,9,,,1,70,,5020,9,,,1,30,,5014,9,,,1,70,,5019,9,,,1,30,,5005,9,,,1,70,,5004,9,,,1,30,,5003,9,,,1,70,,5013,9,,,1,30,,5023,9,,,1,70,,5021,9,,,1,30,,5008,9,,,1,70,,5009,9,,,1,30,,5015,9,,,1,70,,5006,9,,,1,30,,5002,9,,,1,70,,5022,9,,,1,30,,5012,9,,,1,70,,5011,9,,,1,30,,1286,9,,,1
11100,'18',605,,5030,9,,,1,30,,5033,9,,,1,70,,5041,9,,,1,30,,5040,9,,,1,70,,5039,9,,,1,30,,5044,9,,,1,70,,5050,9,,,1,30,,5043,9,,,1,70,,5046,9,,,1,30,,5037,9,,,1,70,,5045,9,,,1,30,,5028,9,,,1,70,,5027,9,,,1,30,,5026,9,,,1,70,,5036,9,,,1,30,,5049,9,,,1,70,,5047,9,,,1,30,,5031,9,,,1,70,,5032,9,,,1,30,,5038,9,,,1,70,,5029,9,,,1,30,,5025,9,,,1,70,,5048,9,,,1,30,,5035,9,,,1,70,,5034,9,,,1,30,,5042,9,,,1
11100,'20',605,,5059,9,,,1,30,,5062,9,,,1,70,,5067,9,,,1,30,,5065,9,,,1,70,,705,9,,,1,30,,5068,9,,,1,70,,5074,9,,,1,30,,1269,9,,,1,70,,5070,9,,,1,30,,5063,9,,,1,70,,5069,9,,,1,30,,5054,9,,,1,70,,5056,9,,,1,30,,5051,9,,,1,70,,5064,9,,,1,30,,5073,9,,,1,70,,5058,9,,,1,30,,5060,9,,,1,70,,5066,9,,,1,30,,5052,9,,,1,70,,5057,9,,,1,30,,5055,9,,,1,70,,5061,9,,,1,30,,5072,9,,,1,70,,5053,9,,,1,30,,5071,9,,,1
11100,'8',605,,5083,9,,,1,30,,5086,9,,,1,70,,5092,9,,,1,30,,5090,9,,,1,70,,5089,9,,,1,30,,5094,9,,,1,70,,5100,9,,,1,30,,5093,9,,,1,70,,5096,9,,,1,30,,5087,9,,,1,70,,5095,9,,,1,30,,5078,9,,,1,70,,5080,9,,,1,30,,5075,9,,,1,70,,5088,9,,,1,30,,5099,9,,,1,70,,5082,9,,,1,30,,5084,9,,,1,70,,5091,9,,,1,30,,5076,9,,,1,70,,5081,9,,,1,30,,5079,9,,,1,70,,5085,9,,,1,30,,5098,9,,,1,70,,5077,9,,,1,30,,5097,9,,,1
21100,'11',735,,7493,9,,,1,70,,7506,9,,,1,30,,7489,9,,,1,70,,7508,9,,,1,30,,7492,9,,,1,70,,7491,9,,,1,30,,7501,9,,,1,70,,7496,9,,,1,30,,7512,9,,,1,70,,2503,9,,,1,30,,7490,9,,,1,70,,7504,9,,,1,30,,7495,9,,,1,70,,7503,9,,,1,30,,7499,9,,,1,70,,7505,9,,,1,30,,7502,9,,,1,70,,7497,9,,,1,30,,7507,9,,,1,70,,7509,9,,,1,30,,7511,9,,,1,70,,2362,9,,,1,30,,7500,9,,,1,70,,7494,9,,,1,30,,7510,9,,,1,70,,7498,9,,,1,30,,7488,9,,,1
21100,'14',1905,,7515,9,,,1,30,,7521,9,,,1,70,,7514,9,,,1,30,,7513,9,,,1,70,,7517,9,,,1,30,,7520,9,,,1,70,,7518,9,,,1,30,,7516,9,,,1,70,,7519,9,,,1
21100,'18',1905,,7524,9,,,1,30,,7530,9,,,1,70,,7523,9,,,1,30,,7522,9,,,1,70,,7526,9,,,1,30,,7529,9,,,1,70,,7527,9,,,1,30,,7525,9,,,1,70,,7528,9,,,1
21100,'20',1905,,7538,9,,,1,30,,7539,9,,,1,70,,7532,9,,,1,30,,7531,9,,,1,70,,7534,9,,,1,30,,7537,9,,,1,70,,7535,9,,,1,30,,7533,9,,,1,70,,7536,9,,,1
21100,'4',735,,7546,9,,,1,70,,7560,9,,,1,30,,7541,9,,,1,70,,7562,9,,,1,30,,7545,9,,,1,70,,7544,9,,,1,30,,7555,9,,,1,70,,7549,9,,,1,30,,7566,9,,,1,70,,7553,9,,,1,30,,7542,9,,,1,70,,7558,9,,,1,30,,7548,9,,,1,70,,7557,9,,,1,30,,7552,9,,,1,70,,7559,9,,,1,30,,7556,9,,,1,70,,7550,9,,,1,30,,7561,9,,,1,70,,7563,9,,,1,30,,7565,9,,,1,70,,7543,9,,,1,30,,7554,9,,,1,70,,7547,9,,,1,30,,7564,9,,,1,70,,7551,9,,,1,30,,7540,9,,,1
21100,'8',1905,,7574,9,,,1,30,,7575,9,,,1,70,,7568,9,,,1,30,,7567,9,,,1,70,,7570,9,,,1,30,,7573,9,,,1,70,,7571,9,,,1,30,,7569,9,,,1,70,,7572,9,,,1
