10501,'10',636,,12464,17,,,1,100,,12450,17,,,1,70,,12459,17,,,1,30,,12466,17,,,1,70,,12465,17,,,1,30,,12445,17,,,1,70,,12469,17,,,1,30,,12437,17,,,1,100,,12439,17,,,1,100,,12443,17,,,1,100,,12460,17,,,1,100,,8866,17,,,1,100,,12468,17,,,1,70,,12457,17,,,1,30,,12447,17,,,1,70,,8563,17,,,1,30,,12456,17,,,1,70,,12441,17,,,1,30,,12452,17,,,1
10501,'13',636,,12499,17,,,1,100,,12485,17,,,1,70,,12494,17,,,1,30,,12501,17,,,1,70,,12500,17,,,1,30,,12480,17,,,1,70,,12504,17,,,1,30,,12472,17,,,1,100,,12474,17,,,1,100,,12478,17,,,1,100,,12495,17,,,1,100,,8773,17,,,1,100,,12503,17,,,1,70,,12492,17,,,1,30,,12482,17,,,1,70,,8451,17,,,1,30,,12491,17,,,1,70,,12476,17,,,1,30,,12487,17,,,1
11300,'10',625,,13184,10,,,1,100,,13167,10,,,1,100,,13169,10,,,1,100,,13172,10,,,1,100,,13195,10,,,1,100,,13191,10,,,1,100,,13190,10,,,1,100,,13196,10,,,1,100,,9005,10,,,1,100,,13186,10,,,1,100,,13171,10,,,1,100,,13188,10,,,1,100,,13192,10,,,1
11300,'13',625,,13220,10,,,1,100,,13200,10,,,1,100,,13201,10,,,1,100,,13202,10,,,1,100,,13231,10,,,1,100,,13229,10,,,1,100,,13208,10,,,1,100,,13232,10,,,1,100,,13221,10,,,1,100,,13236,10,,,1,100,,13225,10,,,1,100,,13211,10,,,1,100,,13235,10,,,1
20501,'10',1935,,13861,17,,,1,100,,9573,17,,,1,100,,8422,17,,,1,100,,13863,17,,,1
20501,'13',1935,,13867,17,,,1,100,,9538,17,,,1,100,,8387,17,,,1,100,,13869,17,,,1
20501,'7',735,,13896,17,,,1,100,,13879,17,,,1,100,,13886,17,,,1,100,,13878,17,,,1,100,,13884,17,,,1,100,,13893,17,,,1,100,,13872,17,,,1,100,,13877,17,,,1,100,,13897,17,,,1,100,,13891,17,,,1,100,,13875,17,,,1,100,,13888,17,,,1,100,,13871,17,,,1,100,,13892,17,,,1
21300,'10',1925,,14315,10,,,1,100,,14318,10,,,1,100,,14316,10,,,1,100,,14317,10,,,1
21300,'13',1925,,14319,10,,,1,100,,14322,10,,,1,100,,14320,10,,,1,100,,14321,10,,,1
21300,'7',725,,14326,10,,,1,100,,14328,10,,,1,100,,14332,10,,,1,100,,14334,10,,,1,100,,14323,10,,,1,100,,11681,10,,,1,100,,14327,10,,,1,100,,14330,10,,,1,100,,14325,10,,,1,100,,14329,10,,,1,100,,14331,10,,,1,100,,14333,10,,,1,100,,14324,10,,,1
