10801,'12',649,,9542,32,,,1,70,,9541,32,,,1,30,,9551,32,,,1,70,,9538,32,,,1,30,,9543,32,,,1,70,,9539,32,,,1,100,,9536,32,,,1,100,,9550,32,,,1,100,,9547,32,,,1,100,,9549,32,,,1,100,,9544,32,,,1,30,,9546,32,,,1,70,,9548,32,,,1,30,,6419,32,,,1,70,,2911,32,,,1,30,,9535,32,,,1,70,,9540,32,,,1
10801,'5',649,,9561,32,,,1,70,,9557,32,,,1,30,,9569,32,,,1,70,,9554,32,,,1,30,,9570,32,,,1,70,,9555,32,,,1,100,,9553,32,,,1,100,,9568,32,,,1,100,,9565,32,,,1,100,,9567,32,,,1,100,,9560,32,,,1,30,,9563,32,,,1,70,,9566,32,,,1,30,,9558,32,,,1,70,,9559,32,,,1,30,,9552,32,,,1,70,,9556,32,,,1
10801,'9',649,,3662,32,,,1,70,,9576,32,,,1,30,,9585,32,,,1,70,,9573,32,,,1,30,,9586,32,,,1,70,,9574,32,,,1,100,,9572,32,,,1,100,,9584,32,,,1,100,,9581,32,,,1,100,,9583,32,,,1,100,,9577,32,,,1,30,,9579,32,,,1,70,,9582,32,,,1,30,,6402,32,,,1,70,,2877,32,,,1,30,,9571,32,,,1,70,,9575,32,,,1
10901,'12',619,,3144,7,,,1,100,,9641,7,,,1,100,,9635,7,,,1,100,,9632,7,,,1,100,,9651,7,,,1,100,,9642,7,,,1,100,,9633,7,,,1,100,,9645,7,,,1,100,,9658,7,,,1,100,,9617,7,,,1,100,,3414,7,,,1,100,,9655,7,,,1
10901,'5',619,,9703,7,,,1,100,,9685,7,,,1,100,,9679,7,,,1,100,,9676,7,,,1,100,,9695,7,,,1,100,,9686,7,,,1,100,,9677,7,,,1,100,,9689,7,,,1,100,,9706,7,,,1,100,,9660,7,,,1,100,,9659,7,,,1,100,,9700,7,,,1
10901,'9',619,,3035,7,,,1,100,,9732,7,,,1,100,,9726,7,,,1,100,,9723,7,,,1,100,,9742,7,,,1,100,,9733,7,,,1,100,,9724,7,,,1,100,,9736,7,,,1,100,,9749,7,,,1,100,,9707,7,,,1,100,,3365,7,,,1,100,,9746,7,,,1
11401,'12',653,,10375,31,,,1,100,,10374,31,,,1,100,,10369,31,,,1,100,,10370,31,,,1,100,,10373,31,,,1,100,,10365,31,,,1,100,,10367,31,,,1,100,,10372,31,,,1,100,,10366,31,,,1,100,,10368,31,,,1,100,,10371,31,,,1,100,,6417,31,,,1
11401,'5',653,,10387,31,,,1,100,,10386,31,,,1,100,,10381,31,,,1,100,,10382,31,,,1,100,,10385,31,,,1,100,,10377,31,,,1,100,,10379,31,,,1,100,,10384,31,,,1,100,,10378,31,,,1,100,,10380,31,,,1,100,,10383,31,,,1,100,,10376,31,,,1
11401,'9',653,,10398,31,,,1,100,,10397,31,,,1,100,,10392,31,,,1,100,,10393,31,,,1,100,,10396,31,,,1,100,,10388,31,,,1,100,,10390,31,,,1,100,,10395,31,,,1,100,,10389,31,,,1,100,,10391,31,,,1,100,,10394,31,,,1,100,,6400,31,,,1
20901,'12',1820,,11308,7,,,1,100,,11309,7,,,1,100,,11295,7,,,1,100,,11302,7,,,1,100,,11294,7,,,1
20901,'5',1820,,11328,7,,,1,100,,11329,7,,,1,100,,11326,7,,,1,100,,11315,7,,,1,100,,11312,7,,,1
20901,'7',720,,11354,7,,,1,100,,11361,7,,,1,100,,11352,7,,,1,100,,11344,7,,,1,100,,11375,7,,,1,100,,11349,7,,,1,100,,11358,7,,,1,100,,11373,7,,,1,100,,11384,7,,,1,100,,11335,7,,,1,100,,11342,7,,,1,100,,11350,7,,,1,100,,11385,7,,,1,100,,11365,7,,,1
20901,'9',1820,,11398,7,,,1,100,,11399,7,,,1,100,,11390,7,,,1,100,,11400,7,,,1,100,,11397,7,,,1
21401,'12',1852,,11727,37,,,1,100,,11730,37,,,1,100,,11728,37,,,1,100,,11731,37,,,1,100,,11729,37,,,1
21401,'5',1852,,11736,37,,,1,100,,11734,37,,,1,100,,11733,37,,,1,100,,11732,37,,,1,100,,11735,37,,,1
21401,'7',752,,11739,37,,,1,100,,11741,37,,,1,100,,11744,37,,,1,100,,11742,37,,,1,100,,11749,37,,,1,100,,11746,37,,,1,100,,11748,37,,,1,100,,11738,37,,,1,100,,11740,37,,,1,100,,11743,37,,,1,100,,11745,37,,,1,100,,11747,37,,,1,100,,11737,37,,,1
21401,'9',1852,,11751,37,,,1,100,,5663,37,,,1,100,,11752,37,,,1,100,,11753,37,,,1,100,,11750,37,,,1
