10300,'14',632,,3233,4,,,1,100,,3230,4,,,1,70,,3227,4,,,1,30,,3235,4,,,1,70,,3229,4,,,1,30,,3232,4,,,1,70,,3222,4,,,1,30,,772,4,,,1,100,,1550,4,,,1,100,,3220,4,,,1,100,,3221,4,,,1,100,,3228,4,,,1,100,,3234,4,,,1,70,,3224,4,,,1,30,,3223,4,,,1,70,,3231,4,,,1,30,,3225,4,,,1,70,,3226,4,,,1,30,,1471,4,,,1
10300,'18',632,,3252,4,,,1,100,,3249,4,,,1,70,,3245,4,,,1,30,,3254,4,,,1,70,,3248,4,,,1,30,,3251,4,,,1,70,,3238,4,,,1,30,,3246,4,,,1,100,,3242,4,,,1,100,,3236,4,,,1,100,,3237,4,,,1,100,,3247,4,,,1,100,,3253,4,,,1,70,,3240,4,,,1,30,,3239,4,,,1,70,,3250,4,,,1,30,,3241,4,,,1,70,,3243,4,,,1,30,,3244,4,,,1
10300,'20',632,,3268,4,,,1,100,,3265,4,,,1,70,,3258,4,,,1,30,,3270,4,,,1,70,,3262,4,,,1,30,,3267,4,,,1,70,,3263,4,,,1,30,,712,4,,,1,100,,1514,4,,,1,100,,3255,4,,,1,100,,3256,4,,,1,100,,3264,4,,,1,100,,3269,4,,,1,70,,3259,4,,,1,30,,3257,4,,,1,70,,3266,4,,,1,30,,3260,4,,,1,70,,3261,4,,,1,30,,1459,4,,,1
10300,'8',632,,3287,4,,,1,100,,3284,4,,,1,70,,3274,4,,,1,30,,3289,4,,,1,70,,3280,4,,,1,30,,3286,4,,,1,70,,3282,4,,,1,30,,3281,4,,,1,100,,3277,4,,,1,100,,3271,4,,,1,100,,3272,4,,,1,100,,3283,4,,,1,100,,3288,4,,,1,70,,3275,4,,,1,30,,3273,4,,,1,70,,3285,4,,,1,30,,3276,4,,,1,70,,3278,4,,,1,30,,3279,4,,,1
20300,'11',732,,6213,3,,,1,70,,6203,3,,,1,30,,2599,3,,,1,70,,6204,3,,,1,30,,6214,3,,,1,70,,6208,3,,,1,30,,6218,3,,,1,70,,1827,3,,,1,30,,6216,3,,,1,70,,6211,3,,,1,30,,6205,3,,,1,70,,6200,3,,,1,30,,6209,3,,,1,70,,6199,3,,,1,30,,6215,3,,,1,70,,6212,3,,,1,30,,6198,3,,,1,70,,6197,3,,,1,30,,6195,3,,,1,70,,6210,3,,,1,30,,6202,3,,,1,70,,6201,3,,,1,30,,6206,3,,,1,70,,6207,3,,,1,30,,6217,3,,,1,70,,6196,3,,,1,30,,6194,3,,,1
20300,'14',1902,,6223,3,,,1,30,,6225,3,,,1,70,,6219,3,,,1,30,,6220,3,,,1,70,,2607,3,,,1,30,,6226,3,,,1,70,,6222,3,,,1,30,,6224,3,,,1,70,,6221,3,,,1
20300,'18',1902,,6231,3,,,1,30,,6234,3,,,1,70,,6227,3,,,1,30,,6228,3,,,1,70,,6232,3,,,1,30,,6235,3,,,1,70,,6230,3,,,1,30,,6233,3,,,1,70,,6229,3,,,1
20300,'20',1902,,6240,3,,,1,30,,6242,3,,,1,70,,6236,3,,,1,30,,6237,3,,,1,70,,2556,3,,,1,30,,6243,3,,,1,70,,6239,3,,,1,30,,6241,3,,,1,70,,6238,3,,,1
20300,'4',732,,6264,3,,,1,70,,6254,3,,,1,30,,6267,3,,,1,70,,6255,3,,,1,30,,6265,3,,,1,70,,6259,3,,,1,30,,6270,3,,,1,70,,6249,3,,,1,30,,6268,3,,,1,70,,6262,3,,,1,30,,6256,3,,,1,70,,6251,3,,,1,30,,6260,3,,,1,70,,6250,3,,,1,30,,6266,3,,,1,70,,6263,3,,,1,30,,6248,3,,,1,70,,6247,3,,,1,30,,6245,3,,,1,70,,6261,3,,,1,30,,6253,3,,,1,70,,6252,3,,,1,30,,6257,3,,,1,70,,6258,3,,,1,30,,6269,3,,,1,70,,6246,3,,,1,30,,6244,3,,,1
20300,'8',1902,,6275,3,,,1,30,,6278,3,,,1,70,,6271,3,,,1,30,,6272,3,,,1,70,,6276,3,,,1,30,,6279,3,,,1,70,,6274,3,,,1,30,,6277,3,,,1,70,,6273,3,,,1
