11601,'14',612,,6042,9,0,9 3 10 16,1,30,,6019,9,0,9 3 10 16,1,70,,6021,9,0,9 3 10 16,1,30,,6051,9,0,9 3 10 16,1,70,,6043,9,0,9 3 10 16,1,30,,262,9,0,9 3 10 16,1,70,,6018,9,0,9 3 10 16,1,30,,6035,9,0,9 3 10 16,1,70,,6027,9,0,9 3 10 16,1,30,,6053,9,0,9 3 10 16,1,70,,6047,9,0,9 3 10 16,1,30,,6046,9,0,9 3 10 16,1,70,,6024,9,0,9 3 10 16,1,30,,6031,9,0,9 3 10 16,1,70,,6044,9,0,9 3 10 16,1,30,,1209,9,0,9 3 10 16,1,70,,6020,9,0,9 3 10 16,1,30,,6032,9,0,9 3 10 16,1,70,,6052,9,0,9 3 10 16,1,30,,6040,9,0,9 3 10 16,1,70,,6034,9,0,9 3 10 16,1,30,,6033,9,0,9 3 10 16,1,70,,6026,9,0,9 3 10 16,1,30,,6025,9,0,9 3 10 16,1
11601,'18',612,,6089,9,0,9 3 10 16,1,30,,6062,9,0,9 3 10 16,1,70,,6064,9,0,9 3 10 16,1,30,,6099,9,0,9 3 10 16,1,70,,6090,9,0,9 3 10 16,1,30,,6092,9,0,9 3 10 16,1,70,,6061,9,0,9 3 10 16,1,30,,6081,9,0,9 3 10 16,1,70,,6071,9,0,9 3 10 16,1,30,,6101,9,0,9 3 10 16,1,70,,6095,9,0,9 3 10 16,1,30,,6094,9,0,9 3 10 16,1,70,,6068,9,0,9 3 10 16,1,30,,6076,9,0,9 3 10 16,1,70,,6091,9,0,9 3 10 16,1,30,,6067,9,0,9 3 10 16,1,70,,6063,9,0,9 3 10 16,1,30,,6077,9,0,9 3 10 16,1,70,,6100,9,0,9 3 10 16,1,30,,6087,9,0,9 3 10 16,1,70,,6080,9,0,9 3 10 16,1,30,,6078,9,0,9 3 10 16,1,70,,6070,9,0,9 3 10 16,1,30,,6069,9,0,9 3 10 16,1
11601,'20',612,,6132,9,0,9 3 10 16,1,30,,6109,9,0,9 3 10 16,1,70,,6111,9,0,9 3 10 16,1,30,,6141,9,0,9 3 10 16,1,70,,6133,9,0,9 3 10 16,1,30,,242,9,0,9 3 10 16,1,70,,6108,9,0,9 3 10 16,1,30,,6124,9,0,9 3 10 16,1,70,,6118,9,0,9 3 10 16,1,30,,6143,9,0,9 3 10 16,1,70,,6137,9,0,9 3 10 16,1,30,,6136,9,0,9 3 10 16,1,70,,6115,9,0,9 3 10 16,1,30,,6121,9,0,9 3 10 16,1,70,,6134,9,0,9 3 10 16,1,30,,6114,9,0,9 3 10 16,1,70,,6110,9,0,9 3 10 16,1,30,,1189,9,0,9 3 10 16,1,70,,6142,9,0,9 3 10 16,1,30,,6130,9,0,9 3 10 16,1,70,,6123,9,0,9 3 10 16,1,30,,6122,9,0,9 3 10 16,1,70,,6117,9,0,9 3 10 16,1,30,,6116,9,0,9 3 10 16,1
11601,'8',612,,6179,9,0,9 3 10 16,1,30,,6152,9,0,9 3 10 16,1,70,,6154,9,0,9 3 10 16,1,30,,6189,9,0,9 3 10 16,1,70,,6180,9,0,9 3 10 16,1,30,,6182,9,0,9 3 10 16,1,70,,6151,9,0,9 3 10 16,1,30,,6171,9,0,9 3 10 16,1,70,,6161,9,0,9 3 10 16,1,30,,6191,9,0,9 3 10 16,1,70,,6185,9,0,9 3 10 16,1,30,,6184,9,0,9 3 10 16,1,70,,6158,9,0,9 3 10 16,1,30,,6166,9,0,9 3 10 16,1,70,,6181,9,0,9 3 10 16,1,30,,6157,9,0,9 3 10 16,1,70,,6153,9,0,9 3 10 16,1,30,,6167,9,0,9 3 10 16,1,70,,6190,9,0,9 3 10 16,1,30,,6177,9,0,9 3 10 16,1,70,,6170,9,0,9 3 10 16,1,30,,6168,9,0,9 3 10 16,1,70,,6160,9,0,9 3 10 16,1,30,,6159,9,0,9 3 10 16,1
21601,'11',642,,8171,9,0,9 3 10 16,1,70,,8153,9,0,9 3 10 16,1,30,,8160,9,0,9 3 10 16,1,70,,8148,9,0,9 3 10 16,1,30,,8155,9,0,9 3 10 16,1,70,,8173,9,0,9 3 10 16,1,30,,8147,9,0,9 3 10 16,1,70,,8150,9,0,9 3 10 16,1,30,,8125,9,0,9 3 10 16,1,70,,8169,9,0,9 3 10 16,1,30,,8143,9,0,9 3 10 16,1,70,,8158,9,0,9 3 10 16,1,30,,8165,9,0,9 3 10 16,1,70,,8178,9,0,9 3 10 16,1,30,,8170,9,0,9 3 10 16,1,70,,8167,9,0,9 3 10 16,1,30,,8137,9,0,9 3 10 16,1,70,,8152,9,0,9 3 10 16,1,30,,8133,9,0,9 3 10 16,1,70,,8142,9,0,9 3 10 16,1,30,,8151,9,0,9 3 10 16,1,70,,8132,9,0,9 3 10 16,1,30,,8177,9,0,9 3 10 16,1,70,,8145,9,0,9 3 10 16,1,30,,8179,9,0,9 3 10 16,1,70,,2575,9,0,9 3 10 16,1,30,,8130,9,0,9 3 10 16,1,70,,8140,9,0,9 3 10 16,1,30,,8164,9,0,9 3 10 16,1
21601,'14',1812,,8184,9,0,9 3 10 16,1,30,,8196,9,0,9 3 10 16,1,70,,8189,9,0,9 3 10 16,1,30,,8186,9,0,9 3 10 16,1,70,,1655,9,0,9 3 10 16,1,30,,8187,9,0,9 3 10 16,1,70,,8198,9,0,9 3 10 16,1,30,,8192,9,0,9 3 10 16,1,70,,8194,9,0,9 3 10 16,1,30,,8181,9,0,9 3 10 16,1,70,,8195,9,0,9 3 10 16,1
21601,'18',1812,,8205,9,0,9 3 10 16,1,30,,8218,9,0,9 3 10 16,1,70,,8210,9,0,9 3 10 16,1,30,,8207,9,0,9 3 10 16,1,70,,8215,9,0,9 3 10 16,1,30,,8208,9,0,9 3 10 16,1,70,,8220,9,0,9 3 10 16,1,30,,8213,9,0,9 3 10 16,1,70,,8216,9,0,9 3 10 16,1,30,,8202,9,0,9 3 10 16,1,70,,8217,9,0,9 3 10 16,1
21601,'20',1812,,8226,9,0,9 3 10 16,1,30,,8238,9,0,9 3 10 16,1,70,,8231,9,0,9 3 10 16,1,30,,8228,9,0,9 3 10 16,1,70,,1609,9,0,9 3 10 16,1,30,,8229,9,0,9 3 10 16,1,70,,8240,9,0,9 3 10 16,1,30,,8234,9,0,9 3 10 16,1,70,,8236,9,0,9 3 10 16,1,30,,8223,9,0,9 3 10 16,1,70,,8237,9,0,9 3 10 16,1
21601,'4',642,,8291,9,0,9 3 10 16,1,70,,8273,9,0,9 3 10 16,1,30,,8280,9,0,9 3 10 16,1,70,,8267,9,0,9 3 10 16,1,30,,8275,9,0,9 3 10 16,1,70,,8293,9,0,9 3 10 16,1,30,,8266,9,0,9 3 10 16,1,70,,8270,9,0,9 3 10 16,1,30,,8244,9,0,9 3 10 16,1,70,,8289,9,0,9 3 10 16,1,30,,8262,9,0,9 3 10 16,1,70,,8278,9,0,9 3 10 16,1,30,,8285,9,0,9 3 10 16,1,70,,8298,9,0,9 3 10 16,1,30,,8290,9,0,9 3 10 16,1,70,,8287,9,0,9 3 10 16,1,30,,8256,9,0,9 3 10 16,1,70,,8272,9,0,9 3 10 16,1,30,,8252,9,0,9 3 10 16,1,70,,8261,9,0,9 3 10 16,1,30,,8271,9,0,9 3 10 16,1,70,,8251,9,0,9 3 10 16,1,30,,8297,9,0,9 3 10 16,1,70,,8264,9,0,9 3 10 16,1,30,,8299,9,0,9 3 10 16,1,70,,8268,9,0,9 3 10 16,1,30,,8249,9,0,9 3 10 16,1,70,,8259,9,0,9 3 10 16,1,30,,8284,9,0,9 3 10 16,1
21601,'8',1812,,8305,9,0,9 3 10 16,1,30,,8318,9,0,9 3 10 16,1,70,,8310,9,0,9 3 10 16,1,30,,8307,9,0,9 3 10 16,1,70,,8315,9,0,9 3 10 16,1,30,,8308,9,0,9 3 10 16,1,70,,8320,9,0,9 3 10 16,1,30,,8313,9,0,9 3 10 16,1,70,,8316,9,0,9 3 10 16,1,30,,8302,9,0,9 3 10 16,1,70,,8317,9,0,9 3 10 16,1
