10601,'12',602,,9166,14,,,1,100,,9177,14,,,1,30,,9172,14,,,1,70,,9178,14,,,1,30,,9175,14,,,1,70,,9162,14,,,1,100,,4862,14,,,1,100,,9164,14,,,1,100,,9163,14,,,1,100,,9173,14,,,1,100,,9179,14,,,1,30,,9180,14,,,1,70,,9170,14,,,1,30,,9174,14,,,1,70,,9167,14,,,1,30,,9169,14,,,1,70,,9168,14,,,1,30,,9165,14,,,1,70,,9176,14,,,1
10601,'5',602,,9185,14,,,1,100,,9197,14,,,1,30,,9192,14,,,1,70,,9198,14,,,1,30,,9195,14,,,1,70,,9181,14,,,1,100,,9186,14,,,1,100,,9183,14,,,1,100,,9182,14,,,1,100,,9193,14,,,1,100,,9199,14,,,1,30,,9200,14,,,1,70,,9190,14,,,1,30,,9194,14,,,1,70,,9187,14,,,1,30,,9189,14,,,1,70,,9188,14,,,1,30,,9184,14,,,1,70,,9196,14,,,1
10601,'9',602,,9205,14,,,1,100,,9216,14,,,1,30,,9211,14,,,1,70,,9217,14,,,1,30,,9214,14,,,1,70,,9201,14,,,1,100,,4816,14,,,1,100,,9203,14,,,1,100,,9202,14,,,1,100,,9212,14,,,1,100,,9218,14,,,1,30,,9219,14,,,1,70,,9209,14,,,1,30,,9213,14,,,1,70,,9206,14,,,1,30,,9208,14,,,1,70,,9207,14,,,1,30,,9204,14,,,1,70,,9215,14,,,1
11201,'12',716,,10065,4,,,1,100,,10054,4,,,1,100,,10047,4,,,1,100,,10052,4,,,1,100,,10049,4,,,1,100,,10053,4,,,1,100,,10063,4,,,1,100,,10050,4,,,1,100,,10062,4,,,1,100,,10058,4,,,1,100,,10059,4,,,1
11201,'5',716,,10087,4,,,1,100,,10075,4,,,1,100,,10074,4,,,1,100,,10084,4,,,1,100,,10068,4,,,1,100,,10073,4,,,1,100,,10086,4,,,1,100,,10071,4,,,1,100,,10085,4,,,1,100,,10081,4,,,1,100,,10082,4,,,1
11201,'9',716,,10100,4,,,1,100,,10090,4,,,1,100,,10105,4,,,1,100,,10095,4,,,1,100,,10091,4,,,1,100,,10096,4,,,1,100,,10107,4,,,1,100,,10092,4,,,1,100,,10106,4,,,1,100,,10102,4,,,1,100,,10103,4,,,1
20601,'12',1832,,11178,4,,,1,70,,11175,4,,,1,30,,11181,4,,,1,70,,11183,4,,,1,30,,11179,4,,,1,70,,11172,4,,,1,30,,11182,4,,,1,70,,11177,4,,,1,30,,5642,4,,,1,70,,11170,4,,,1
20601,'5',1832,,11195,4,,,1,70,,11192,4,,,1,30,,11188,4,,,1,70,,11203,4,,,1,30,,11197,4,,,1,70,,11186,4,,,1,30,,11202,4,,,1,70,,11194,4,,,1,30,,11200,4,,,1,70,,11184,4,,,1
20601,'7',702,,11205,4,,,1,30,,11220,4,,,1,70,,11236,4,,,1,30,,11246,4,,,1,70,,11208,4,,,1,30,,11238,4,,,1,70,,11207,4,,,1,30,,11210,4,,,1,70,,11219,4,,,1,30,,11227,4,,,1,70,,11242,4,,,1,30,,11214,4,,,1,70,,11232,4,,,1,30,,11245,4,,,1,70,,11252,4,,,1,30,,11228,4,,,1,70,,2642,4,,,1,30,,11215,4,,,1,70,,11244,4,,,1,30,,7830,4,,,1,70,,11247,4,,,1,30,,11216,4,,,1,70,,11230,4,,,1,30,,11209,4,,,1,70,,11250,4,,,1,30,,11231,4,,,1,70,,11204,4,,,1,30,,11243,4,,,1
20601,'9',1832,,11263,4,,,1,70,,11260,4,,,1,30,,11257,4,,,1,70,,11268,4,,,1,30,,11265,4,,,1,70,,11256,4,,,1,30,,11267,4,,,1,70,,11262,4,,,1,30,,5619,4,,,1,70,,11254,4,,,1
