10100,'10',709,,14638,18,,,1,30,,14639,18,,,1,70,,14636,18,,,1,30,,14640,18,,,1,70,,14634,18,,,1,30,,14643,18,,,1,70,,14633,18,,,1,100,,14632,18,,,1,100,,14635,18,,,1,100,,14644,18,,,1,100,,14628,18,,,1,100,,14631,18,,,1,30,,12078,18,,,1,70,,14629,18,,,1,30,,14641,18,,,1,70,,14637,18,,,1,30,,14630,18,,,1,70,,14642,18,,,1
10100,'15',709,,14655,18,,,1,30,,14656,18,,,1,70,,14653,18,,,1,30,,14657,18,,,1,70,,14651,18,,,1,30,,14660,18,,,1,70,,14650,18,,,1,100,,14649,18,,,1,100,,14652,18,,,1,100,,14661,18,,,1,100,,14645,18,,,1,100,,14648,18,,,1,30,,12131,18,,,1,70,,14646,18,,,1,30,,14658,18,,,1,70,,14654,18,,,1,30,,14647,18,,,1,70,,14659,18,,,1
10300,'10',644,,14796,25,,,1,100,,14803,25,,,1,70,,14794,25,,,1,30,,14793,25,,,1,70,,14807,25,,,1,30,,14805,25,,,1,70,,14802,25,,,1,30,,14797,25,,,1,100,,14800,25,,,1,100,,14799,25,,,1,100,,14791,25,,,1,100,,14792,25,,,1,100,,14806,25,,,1,70,,14795,25,,,1,30,,14804,25,,,1,70,,13026,25,,,1,30,,9159,25,,,1,70,,14798,25,,,1,30,,14801,25,,,1
10300,'15',644,,14812,25,,,1,100,,14817,25,,,1,70,,13865,25,,,1,30,,14810,25,,,1,70,,12890,25,,,1,30,,14821,25,,,1,70,,14820,25,,,1,30,,14813,25,,,1,100,,13045,25,,,1,100,,14815,25,,,1,100,,14808,25,,,1,100,,14809,25,,,1,100,,14823,25,,,1,70,,14811,25,,,1,30,,14818,25,,,1,70,,14819,25,,,1,30,,14822,25,,,1,70,,14814,25,,,1,30,,14816,25,,,1
11100,'10',608,,13531,13,,,1,30,,15654,13,,,1,70,,15666,13,,,1,30,,15665,13,,,1,70,,15667,13,,,1,30,,15660,13,,,1,70,,15656,13,,,1,30,,15647,13,,,1,70,,15651,13,,,1,30,,15663,13,,,1,70,,15658,13,,,1,30,,15652,13,,,1,70,,15657,13,,,1,30,,15650,13,,,1,70,,15664,13,,,1,30,,15662,13,,,1,70,,15659,13,,,1,30,,14537,13,,,1,70,,13744,13,,,1,30,,15655,13,,,1,70,,15661,13,,,1,30,,15646,13,,,1,70,,15648,13,,,1,30,,13077,13,,,1,70,,15649,13,,,1,30,,15653,13,,,1
11100,'15',608,,13577,13,,,1,30,,15675,13,,,1,70,,15687,13,,,1,30,,15686,13,,,1,70,,15689,13,,,1,30,,15679,13,,,1,70,,15676,13,,,1,30,,15668,13,,,1,70,,15672,13,,,1,30,,15685,13,,,1,70,,15678,13,,,1,30,,15682,13,,,1,70,,15688,13,,,1,30,,15671,13,,,1,70,,15683,13,,,1,30,,15669,13,,,1,70,,12262,13,,,1,30,,14559,13,,,1,70,,15684,13,,,1,30,,15681,13,,,1,70,,12221,13,,,1,30,,15674,13,,,1,70,,15670,13,,,1,30,,15673,13,,,1,70,,15680,13,,,1,30,,15677,13,,,1
11201,'10',729,,15771,29,,,1,100,,15772,29,,,1,100,,15763,29,,,1,100,,15774,29,,,1,100,,15765,29,,,1,100,,15775,29,,,1,100,,15766,29,,,1,100,,15758,29,,,1,100,,15759,29,,,1,100,,15757,29,,,1,100,,15768,29,,,1
11201,'15',729,,13484,29,,,1,100,,15781,29,,,1,100,,15788,29,,,1,100,,15790,29,,,1,100,,15782,29,,,1,100,,15793,29,,,1,100,,15783,29,,,1,100,,15777,29,,,1,100,,15778,29,,,1,100,,15776,29,,,1,100,,15785,29,,,1
20300,'10',1913,,16219,26,,,1,30,,16225,26,,,1,70,,16221,26,,,1,30,,16220,26,,,1,70,,16218,26,,,1,30,,16222,26,,,1,70,,16226,26,,,1,30,,16224,26,,,1,70,,16223,26,,,1
20300,'15',1913,,16229,26,,,1,30,,16234,26,,,1,70,,16227,26,,,1,30,,16230,26,,,1,70,,16228,26,,,1,30,,16231,26,,,1,70,,16235,26,,,1,30,,16233,26,,,1,70,,16232,26,,,1
20300,'7',743,,16236,26,,,1,70,,16262,26,,,1,30,,16260,26,,,1,70,,16257,26,,,1,30,,16240,26,,,1,70,,16254,26,,,1,30,,16256,26,,,1,70,,16242,26,,,1,30,,16245,26,,,1,70,,16247,26,,,1,30,,16249,26,,,1,70,,16238,26,,,1,30,,16243,26,,,1,70,,16258,26,,,1,30,,16250,26,,,1,70,,16239,26,,,1,30,,16241,26,,,1,70,,16246,26,,,1,30,,16252,26,,,1,70,,16244,26,,,1,30,,16261,26,,,1,70,,16251,26,,,1,30,,16255,26,,,1,70,,16253,26,,,1,30,,16248,26,,,1,70,,16237,26,,,1,30,,16259,26,,,1
21100,'10',1908,,16842,13,,,1,30,,16837,13,,,1,70,,16843,13,,,1,30,,16844,13,,,1,70,,12938,13,,,1,30,,16841,13,,,1,70,,16838,13,,,1,30,,16839,13,,,1,70,,16840,13,,,1
21100,'15',1908,,13405,13,,,1,30,,16845,13,,,1,70,,16850,13,,,1,30,,16851,13,,,1,70,,12958,13,,,1,30,,16849,13,,,1,70,,16846,13,,,1,30,,16847,13,,,1,70,,16848,13,,,1
21100,'7',738,,16852,13,,,1,70,,16855,13,,,1,30,,16862,13,,,1,70,,16867,13,,,1,30,,16858,13,,,1,70,,16875,13,,,1,30,,14104,13,,,1,70,,16876,13,,,1,30,,16872,13,,,1,70,,16870,13,,,1,30,,16854,13,,,1,70,,16866,13,,,1,30,,16871,13,,,1,70,,16868,13,,,1,30,,16869,13,,,1,70,,16856,13,,,1,30,,16861,13,,,1,70,,16865,13,,,1,30,,16873,13,,,1,70,,16853,13,,,1,30,,16874,13,,,1,70,,16857,13,,,1,30,,16859,13,,,1,70,,16864,13,,,1,30,,16877,13,,,1,70,,16863,13,,,1,30,,16860,13,,,1
