10400,'14',634,,3370,7,0,11 12,1,70,,3372,7,0,11 12,1,30,,3371,7,0,11 12,1,70,,3375,7,0,11 12,1,30,,3373,7,0,11 12,1,70,,3365,7,0,11 12,1,30,,3366,7,0,11 12,1,70,,3384,7,0,11 12,1,30,,3383,7,0,11 12,1,70,,3385,7,0,11 12,1,30,,3368,7,0,11 12,1,70,,3378,7,0,11 12,1,30,,3380,7,0,11 12,1,70,,3382,7,0,11 12,1,30,,3381,7,0,11 12,1,70,,3386,7,0,11 12,1,30,,3376,7,0,11 12,1,70,,3374,7,0,11 12,1,30,,3377,7,0,11 12,1,70,,1660,7,0,11 12,1,30,,3369,7,0,11 12,1,70,,3367,7,0,11 12,1,30,,3379,7,0,11 12,1,70,,3388,7,0,11 12,1,30,,3387,7,0,11 12,1
10400,'18',634,,3394,7,0,11 12,1,70,,3396,7,0,11 12,1,30,,3395,7,0,11 12,1,70,,3399,7,0,11 12,1,30,,3397,7,0,11 12,1,70,,3389,7,0,11 12,1,30,,3390,7,0,11 12,1,70,,3409,7,0,11 12,1,30,,3408,7,0,11 12,1,70,,3410,7,0,11 12,1,30,,3392,7,0,11 12,1,70,,3402,7,0,11 12,1,30,,3404,7,0,11 12,1,70,,3407,7,0,11 12,1,30,,3405,7,0,11 12,1,70,,3411,7,0,11 12,1,30,,3400,7,0,11 12,1,70,,3398,7,0,11 12,1,30,,3401,7,0,11 12,1,70,,3406,7,0,11 12,1,30,,3393,7,0,11 12,1,70,,3391,7,0,11 12,1,30,,3403,7,0,11 12,1,70,,3413,7,0,11 12,1,30,,3412,7,0,11 12,1
10400,'20',634,,3419,7,0,11 12,1,70,,3421,7,0,11 12,1,30,,3420,7,0,11 12,1,70,,3424,7,0,11 12,1,30,,3422,7,0,11 12,1,70,,3414,7,0,11 12,1,30,,3415,7,0,11 12,1,70,,3432,7,0,11 12,1,30,,3431,7,0,11 12,1,70,,3433,7,0,11 12,1,30,,3417,7,0,11 12,1,70,,3426,7,0,11 12,1,30,,3428,7,0,11 12,1,70,,3430,7,0,11 12,1,30,,3429,7,0,11 12,1,70,,3434,7,0,11 12,1,30,,3425,7,0,11 12,1,70,,3423,7,0,11 12,1,30,,1230,7,0,11 12,1,70,,1614,7,0,11 12,1,30,,3418,7,0,11 12,1,70,,3416,7,0,11 12,1,30,,3427,7,0,11 12,1,70,,3436,7,0,11 12,1,30,,3435,7,0,11 12,1
10400,'8',634,,3442,7,0,11 12,1,70,,3444,7,0,11 12,1,30,,3443,7,0,11 12,1,70,,3447,7,0,11 12,1,30,,3445,7,0,11 12,1,70,,3437,7,0,11 12,1,30,,3438,7,0,11 12,1,70,,3457,7,0,11 12,1,30,,3456,7,0,11 12,1,70,,3458,7,0,11 12,1,30,,3440,7,0,11 12,1,70,,3450,7,0,11 12,1,30,,3452,7,0,11 12,1,70,,3455,7,0,11 12,1,30,,3453,7,0,11 12,1,70,,3459,7,0,11 12,1,30,,3448,7,0,11 12,1,70,,3446,7,0,11 12,1,30,,3449,7,0,11 12,1,70,,3454,7,0,11 12,1,30,,3441,7,0,11 12,1,70,,3439,7,0,11 12,1,30,,3451,7,0,11 12,1,70,,3461,7,0,11 12,1,30,,3460,7,0,11 12,1
20301,'14',2403,,375,8,0,11 12,1
20301,'18',2403,,6314,8,0,11 12,1
20301,'20',2403,,325,8,0,11 12,1
20301,'8',2403,,6362,8,0,11 12,1
20400,'11',735,,6391,8,,,1,70,,6384,8,,,1,30,,6389,8,,,1,70,,6373,8,,,1,30,,6390,8,,,1,70,,6374,8,,,1,30,,6399,8,,,1,70,,6380,8,,,1,30,,6387,8,,,1,70,,6383,8,,,1,30,,6398,8,,,1,70,,6394,8,,,1,30,,2564,8,,,1,70,,6397,8,,,1,30,,6395,8,,,1,70,,6388,8,,,1,30,,6381,8,,,1,70,,6393,8,,,1,30,,6396,8,,,1,70,,6377,8,,,1,30,,6382,8,,,1,70,,6386,8,,,1,30,,6375,8,,,1,70,,6376,8,,,1,30,,6385,8,,,1,70,,6379,8,,,1,30,,6378,8,,,1,70,,6392,8,,,1
20400,'14',1905,,6403,8,,,1,30,,6405,8,,,1,70,,6402,8,,,1,30,,6404,8,,,1,70,,6406,8,,,1,30,,1277,8,,,1,70,,6401,8,,,1,30,,206,8,,,1,70,,301,8,,,1,30,,6400,8,,,1
20400,'18',1905,,6412,8,,,1,30,,6415,8,,,1,70,,6411,8,,,1,30,,6414,8,,,1,70,,6416,8,,,1,30,,6410,8,,,1,70,,6409,8,,,1,30,,6408,8,,,1,70,,6413,8,,,1,30,,6407,8,,,1
20400,'20',1905,,6420,8,,,1,30,,6422,8,,,1,70,,6419,8,,,1,30,,6421,8,,,1,70,,6423,8,,,1,30,,1255,8,,,1,70,,6418,8,,,1,30,,187,8,,,1,70,,276,8,,,1,30,,6417,8,,,1
20400,'4',735,,6443,8,,,1,70,,6436,8,,,1,30,,6441,8,,,1,70,,6424,8,,,1,30,,6442,8,,,1,70,,6425,8,,,1,30,,6451,8,,,1,70,,6432,8,,,1,30,,6439,8,,,1,70,,6435,8,,,1,30,,6450,8,,,1,70,,6446,8,,,1,30,,6426,8,,,1,70,,6449,8,,,1,30,,6447,8,,,1,70,,6440,8,,,1,30,,6433,8,,,1,70,,6445,8,,,1,30,,6448,8,,,1,70,,6429,8,,,1,30,,6434,8,,,1,70,,6438,8,,,1,30,,6427,8,,,1,70,,6428,8,,,1,30,,6437,8,,,1,70,,6431,8,,,1,30,,6430,8,,,1,70,,6444,8,,,1
20400,'8',1905,,6457,8,,,1,30,,6460,8,,,1,70,,6456,8,,,1,30,,6459,8,,,1,70,,6461,8,,,1,30,,6455,8,,,1,70,,6454,8,,,1,30,,6453,8,,,1,70,,6458,8,,,1,30,,6452,8,,,1
