10201,'12',645,,8466,2,,,1,70,,8443,2,,,1,30,,8452,2,,,1,70,,8473,2,,,1,30,,8444,2,,,1,70,,8469,2,,,1,30,,8426,2,,,1,100,,8441,2,,,1,100,,8434,2,,,1,100,,8423,2,,,1,100,,8474,2,,,1,100,,8431,2,,,1,70,,8471,2,,,1,30,,8461,2,,,1,70,,8458,2,,,1,30,,8472,2,,,1,70,,8465,2,,,1,30,,8457,2,,,1
10201,'5',645,,8523,2,,,1,70,,8499,2,,,1,30,,8508,2,,,1,70,,8530,2,,,1,30,,8500,2,,,1,70,,8526,2,,,1,30,,8482,2,,,1,100,,8497,2,,,1,100,,8490,2,,,1,100,,8478,2,,,1,100,,8531,2,,,1,100,,8487,2,,,1,70,,8528,2,,,1,30,,8518,2,,,1,70,,8515,2,,,1,30,,8529,2,,,1,70,,8522,2,,,1,30,,8514,2,,,1
10201,'9',645,,8578,2,,,1,70,,8555,2,,,1,30,,8564,2,,,1,70,,8585,2,,,1,30,,8556,2,,,1,70,,8581,2,,,1,30,,8538,2,,,1,100,,8553,2,,,1,100,,8546,2,,,1,100,,8535,2,,,1,100,,8586,2,,,1,100,,8543,2,,,1,70,,8583,2,,,1,30,,8573,2,,,1,70,,8570,2,,,1,30,,8584,2,,,1,70,,8577,2,,,1,30,,8569,2,,,1
11001,'12',615,,9838,2,,,1,30,,9833,2,,,1,70,,9830,2,,,1,30,,9832,2,,,1,70,,9837,2,,,1,30,,9825,2,,,1,70,,9831,2,,,1,30,,9819,2,,,1,70,,9821,2,,,1,30,,9834,2,,,1,70,,9818,2,,,1,30,,9836,2,,,1,70,,9828,2,,,1,30,,6241,2,,,1,70,,9827,2,,,1,30,,1230,2,,,1,70,,9824,2,,,1,30,,9823,2,,,1,70,,9822,2,,,1,30,,3890,2,,,1,70,,9820,2,,,1,30,,9835,2,,,1,70,,9829,2,,,1,30,,3727,2,,,1,70,,9826,2,,,1
11001,'5',615,,9863,2,,,1,30,,9857,2,,,1,70,,9853,2,,,1,30,,9856,2,,,1,70,,9862,2,,,1,30,,9847,2,,,1,70,,9855,2,,,1,30,,9840,2,,,1,70,,9842,2,,,1,30,,9858,2,,,1,70,,9839,2,,,1,30,,9861,2,,,1,70,,9851,2,,,1,30,,9860,2,,,1,70,,9849,2,,,1,30,,9850,2,,,1,70,,9845,2,,,1,30,,9844,2,,,1,70,,9843,2,,,1,30,,9854,2,,,1,70,,9841,2,,,1,30,,9859,2,,,1,70,,9852,2,,,1,30,,9846,2,,,1,70,,9848,2,,,1
11001,'9',615,,9884,2,,,1,30,,9879,2,,,1,70,,9876,2,,,1,30,,9878,2,,,1,70,,9883,2,,,1,30,,9871,2,,,1,70,,9877,2,,,1,30,,9865,2,,,1,70,,9867,2,,,1,30,,9880,2,,,1,70,,9864,2,,,1,30,,9882,2,,,1,70,,9874,2,,,1,30,,6224,2,,,1,70,,9873,2,,,1,30,,3377,2,,,1,70,,9870,2,,,1,30,,9869,2,,,1,70,,9868,2,,,1,30,,3816,2,,,1,70,,9866,2,,,1,30,,9881,2,,,1,70,,9875,2,,,1,30,,3655,2,,,1,70,,9872,2,,,1
11501,'12',715,,10429,2,,,1,30,,10405,2,,,1,70,,10410,2,,,1,30,,10421,2,,,1,70,,10401,2,,,1,30,,10407,2,,,1,70,,2975,2,,,1,100,,10403,2,,,1,100,,10404,2,,,1,100,,10419,2,,,1,100,,10427,2,,,1,100,,10430,2,,,1,30,,10416,2,,,1,70,,10422,2,,,1,30,,10408,2,,,1,70,,10425,2,,,1,30,,10418,2,,,1,70,,10399,2,,,1
11501,'5',715,,10464,2,,,1,30,,10439,2,,,1,70,,10444,2,,,1,30,,10456,2,,,1,70,,10435,2,,,1,30,,10441,2,,,1,70,,10449,2,,,1,100,,10437,2,,,1,100,,10438,2,,,1,100,,10454,2,,,1,100,,10462,2,,,1,100,,10465,2,,,1,30,,10451,2,,,1,70,,10457,2,,,1,30,,10442,2,,,1,70,,10460,2,,,1,30,,10453,2,,,1,70,,10433,2,,,1
11501,'9',715,,10499,2,,,1,30,,10475,2,,,1,70,,10480,2,,,1,30,,10491,2,,,1,70,,10471,2,,,1,30,,10477,2,,,1,70,,2941,2,,,1,100,,10473,2,,,1,100,,10474,2,,,1,100,,10489,2,,,1,100,,10497,2,,,1,100,,179,2,,,1,30,,10486,2,,,1,70,,10492,2,,,1,30,,10478,2,,,1,70,,10495,2,,,1,30,,10488,2,,,1,70,,10469,2,,,1
21001,'12',1845,,11463,2,,,1,70,,11454,2,,,1,30,,11459,2,,,1,70,,11457,2,,,1,30,,11461,2,,,1,70,,11460,2,,,1,30,,11462,2,,,1,70,,11455,2,,,1,30,,11458,2,,,1,70,,11456,2,,,1
21001,'5',1845,,11473,2,,,1,70,,11464,2,,,1,30,,11469,2,,,1,70,,11467,2,,,1,30,,11471,2,,,1,70,,11470,2,,,1,30,,11472,2,,,1,70,,11465,2,,,1,30,,11468,2,,,1,70,,11466,2,,,1
21001,'7',715,,11477,2,,,1,30,,11499,2,,,1,70,,11495,2,,,1,30,,11497,2,,,1,70,,11489,2,,,1,30,,11487,2,,,1,70,,6733,2,,,1,30,,11484,2,,,1,70,,11480,2,,,1,30,,11494,2,,,1,70,,11486,2,,,1,30,,11482,2,,,1,70,,11474,2,,,1,30,,11479,2,,,1,70,,11496,2,,,1,30,,11483,2,,,1,70,,11498,2,,,1,30,,11492,2,,,1,70,,11490,2,,,1,30,,11485,2,,,1,70,,6487,2,,,1,30,,11491,2,,,1,70,,11488,2,,,1,30,,11481,2,,,1,70,,11476,2,,,1,30,,11493,2,,,1,70,,11478,2,,,1,30,,11475,2,,,1
21001,'9',1845,,11509,2,,,1,70,,11500,2,,,1,30,,11505,2,,,1,70,,11503,2,,,1,30,,11507,2,,,1,70,,11506,2,,,1,30,,11508,2,,,1,70,,11501,2,,,1,30,,11504,2,,,1,70,,11502,2,,,1
