10500,'13',549,,419,4,,,1,100,,448,4,,,1,70,,429,4,,,1,30,,440,4,,,1,70,,436,4,,,1,30,,420,4,,,1,70,,421,4,,,1,30,,434,4,,,1,100,,438,4,,,1,100,,451,4,,,1,100,,437,4,,,1,100,,422,4,,,1,100,,433,4,,,1,70,,446,4,,,1,30,,441,4,,,1,70,,426,4,,,1,30,,443,4,,,1,70,,449,4,,,1,30,,432,4,,,1
10500,'9',549,,457,4,,,1,100,,486,4,,,1,70,,467,4,,,1,30,,478,4,,,1,70,,474,4,,,1,30,,458,4,,,1,70,,459,4,,,1,30,,472,4,,,1,100,,476,4,,,1,100,,489,4,,,1,100,,475,4,,,1,100,,460,4,,,1,100,,471,4,,,1,70,,484,4,,,1,30,,479,4,,,1,70,,464,4,,,1,30,,481,4,,,1,70,,487,4,,,1,30,,470,4,,,1
10501,'13',634,,521,15,0,14 15 16,1,100,,500,15,0,14 15 16,1,70,,504,15,0,14 15 16,1,30,,495,15,0,14 15 16,1,70,,505,15,0,14 15 16,1,30,,511,15,0,14 15 16,1,70,,514,15,0,14 15 16,1,30,,498,15,0,14 15 16,1,100,,501,15,0,14 15 16,1,100,,507,15,0,14 15 16,1,100,,515,15,0,14 15 16,1,100,,518,15,0,14 15 16,1,100,,506,15,0,14 15 16,1,70,,525,15,0,14 15 16,1,30,,527,15,0,14 15 16,1,70,,510,15,0,14 15 16,1,30,,526,15,0,14 15 16,1,70,,519,15,0,14 15 16,1,30,,502,15,0,14 15 16,1
10501,'9',634,,559,15,0,14 15 16,1,100,,538,15,0,14 15 16,1,70,,542,15,0,14 15 16,1,30,,533,15,0,14 15 16,1,70,,543,15,0,14 15 16,1,30,,549,15,0,14 15 16,1,70,,552,15,0,14 15 16,1,30,,536,15,0,14 15 16,1,100,,539,15,0,14 15 16,1,100,,545,15,0,14 15 16,1,100,,553,15,0,14 15 16,1,100,,556,15,0,14 15 16,1,100,,544,15,0,14 15 16,1,70,,563,15,0,14 15 16,1,30,,565,15,0,14 15 16,1,70,,548,15,0,14 15 16,1,30,,564,15,0,14 15 16,1,70,,557,15,0,14 15 16,1,30,,540,15,0,14 15 16,1
20500,'13',1849,,2000,4,,,1,100,,2003,4,,,1,100,,2001,4,,,1,100,,2007,4,,,1
20500,'6',649,,2009,4,,,1,100,,2012,4,,,1,100,,2026,4,,,1,100,,2028,4,,,1,100,,2021,4,,,1,100,,2011,4,,,1,100,,2016,4,,,1,100,,2033,4,,,1,100,,2013,4,,,1,100,,2015,4,,,1,100,,2014,4,,,1,100,,2018,4,,,1,100,,2008,4,,,1,100,,2034,4,,,1
20500,'9',1849,,2036,4,,,1,100,,2039,4,,,1,100,,2037,4,,,1,100,,2043,4,,,1
20501,'13',1933,,2044,15,,,1,100,,2050,15,,,1,100,,2049,15,,,1,100,,2045,15,,,1
20501,'6',733,,2077,15,,,1,100,,2069,15,,,1,100,,2075,15,,,1,100,,2058,15,,,1,100,,2060,15,,,1,100,,2057,15,,,1,100,,2066,15,,,1,100,,2064,15,,,1,100,,2061,15,,,1,100,,2052,15,,,1,100,,2068,15,,,1,100,,2062,15,,,1,100,,2054,15,,,1,100,,2063,15,,,1
20501,'9',1933,,2080,15,,,1,100,,2086,15,,,1,100,,2085,15,,,1,100,,2081,15,,,1
