11300,'14',630,,5334,15,,,1,100,,5322,15,,,1,100,,5344,15,,,1,100,,5319,15,,,1,100,,5320,15,,,1,100,,5316,15,,,1,100,,5324,15,,,1,100,,5338,15,,,1,100,,390,15,,,1,100,,5343,15,,,1,100,,5317,15,,,1,100,,5331,15,,,1,100,,5347,15,,,1
11300,'18',630,,5372,15,,,1,100,,5357,15,,,1,100,,5383,15,,,1,100,,5354,15,,,1,100,,5355,15,,,1,100,,5350,15,,,1,100,,5359,15,,,1,100,,5377,15,,,1,100,,5367,15,,,1,100,,5382,15,,,1,100,,5351,15,,,1,100,,5368,15,,,1,100,,5386,15,,,1
11300,'20',630,,5401,15,,,1,100,,5394,15,,,1,100,,5415,15,,,1,100,,5391,15,,,1,100,,5392,15,,,1,100,,5389,15,,,1,100,,1908,15,,,1,100,,5409,15,,,1,100,,5407,15,,,1,100,,5400,15,,,1,100,,5405,15,,,1,100,,5404,15,,,1,100,,2442,15,,,1
11300,'8',630,,5436,15,,,1,100,,5425,15,,,1,100,,5454,15,,,1,100,,5422,15,,,1,100,,5423,15,,,1,100,,5420,15,,,1,100,,5431,15,,,1,100,,5447,15,,,1,100,,5444,15,,,1,100,,5434,15,,,1,100,,5442,15,,,1,100,,5440,15,,,1,100,,5429,15,,,1
21300,'11',729,,1839,15,,,1,100,,7664,15,,,1,100,,7674,15,,,1,100,,7672,15,,,1,100,,7668,15,,,1,100,,7666,15,,,1,100,,7667,15,,,1,100,,7669,15,,,1,100,,7663,15,,,1,100,,7673,15,,,1,100,,7671,15,,,1,100,,7665,15,,,1,100,,7670,15,,,1
21300,'14',1929,,7676,15,,,1,100,,7677,15,,,1,100,,7675,15,,,1,100,,2747,15,,,1
21300,'18',1929,,7680,15,,,1,100,,7681,15,,,1,100,,7679,15,,,1,100,,7678,15,,,1
21300,'20',1929,,7683,15,,,1,100,,7684,15,,,1,100,,7682,15,,,1,100,,2665,15,,,1
21300,'4',729,,7688,15,,,1,100,,7686,15,,,1,100,,7697,15,,,1,100,,7695,15,,,1,100,,7691,15,,,1,100,,7689,15,,,1,100,,7690,15,,,1,100,,7692,15,,,1,100,,7685,15,,,1,100,,7696,15,,,1,100,,7694,15,,,1,100,,7687,15,,,1,100,,7693,15,,,1
21300,'8',1929,,7700,15,,,1,100,,7701,15,,,1,100,,7699,15,,,1,100,,7698,15,,,1
