10501,'14',619,,3799,8,,,1,100,,3797,8,,,1,30,,3801,8,,,1,70,,3827,8,,,1,30,,1733,8,,,1,70,,1161,8,,,1,30,,3803,8,,,1,70,,3800,8,,,1,100,,3817,8,,,1,100,,3815,8,,,1,100,,3810,8,,,1,100,,3805,8,,,1,100,,3807,8,,,1,30,,3809,8,,,1,70,,3808,8,,,1,30,,3804,8,,,1,70,,3802,8,,,1,30,,3824,8,,,1,70,,3795,8,,,1
10501,'18',619,,3835,8,,,1,100,,3833,8,,,1,30,,3837,8,,,1,70,,3865,8,,,1,30,,3851,8,,,1,70,,3838,8,,,1,30,,3840,8,,,1,70,,3836,8,,,1,100,,3855,8,,,1,100,,3853,8,,,1,100,,3847,8,,,1,100,,3842,8,,,1,100,,3844,8,,,1,30,,3846,8,,,1,70,,3845,8,,,1,30,,3841,8,,,1,70,,3839,8,,,1,30,,3862,8,,,1,70,,3831,8,,,1
10501,'20',619,,3873,8,,,1,100,,3871,8,,,1,30,,3875,8,,,1,70,,3901,8,,,1,30,,1685,8,,,1,70,,1133,8,,,1,30,,3877,8,,,1,70,,3874,8,,,1,100,,3891,8,,,1,100,,3889,8,,,1,100,,3884,8,,,1,100,,3879,8,,,1,100,,3881,8,,,1,30,,3883,8,,,1,70,,3882,8,,,1,30,,3878,8,,,1,70,,3876,8,,,1,30,,3898,8,,,1,70,,3869,8,,,1
10501,'8',619,,3909,8,,,1,100,,3907,8,,,1,30,,3911,8,,,1,70,,3939,8,,,1,30,,3925,8,,,1,70,,3912,8,,,1,30,,3914,8,,,1,70,,3910,8,,,1,100,,3929,8,,,1,100,,3927,8,,,1,100,,3921,8,,,1,100,,3916,8,,,1,100,,3918,8,,,1,30,,3920,8,,,1,70,,3919,8,,,1,30,,3915,8,,,1,70,,3913,8,,,1,30,,3936,8,,,1,70,,3905,8,,,1
20501,'11',720,,6737,8,,,1,100,,6733,8,,,1,100,,6731,8,,,1,100,,6729,8,,,1,100,,6754,8,,,1,100,,6739,8,,,1,100,,6744,8,,,1,100,,6746,8,,,1,100,,6736,8,,,1,100,,2688,8,,,1,100,,6745,8,,,1,100,,6749,8,,,1,100,,6743,8,,,1,100,,6741,8,,,1
20501,'14',1920,,6761,8,,,1,100,,6757,8,,,1,100,,6758,8,,,1,100,,6759,8,,,1
20501,'18',1920,,6769,8,,,1,100,,6765,8,,,1,100,,6766,8,,,1,100,,6767,8,,,1
20501,'20',1920,,6777,8,,,1,100,,6773,8,,,1,100,,6774,8,,,1,100,,6775,8,,,1
20501,'4',720,,6788,8,,,1,100,,6784,8,,,1,100,,6782,8,,,1,100,,6779,8,,,1,100,,6806,8,,,1,100,,6790,8,,,1,100,,6795,8,,,1,100,,6798,8,,,1,100,,6787,8,,,1,100,,6781,8,,,1,100,,6797,8,,,1,100,,6801,8,,,1,100,,6794,8,,,1,100,,6792,8,,,1
20501,'8',1920,,6813,8,,,1,100,,6809,8,,,1,100,,6810,8,,,1,100,,6811,8,,,1
