10501,'14',630,,3819,12,0,14 15 16,1,100,,3820,12,0,14 15 16,1,70,,3828,12,0,14 15 16,1,30,,3816,12,0,14 15 16,1,70,,3798,12,0,14 15 16,1,30,,3806,12,0,14 15 16,1,70,,3826,12,0,14 15 16,1,30,,3812,12,0,14 15 16,1,100,,3796,12,0,14 15 16,1,100,,3811,12,0,14 15 16,1,100,,3814,12,0,14 15 16,1,100,,3794,12,0,14 15 16,1,100,,3813,12,0,14 15 16,1,70,,3823,12,0,14 15 16,1,30,,3822,12,0,14 15 16,1,70,,3821,12,0,14 15 16,1,30,,3818,12,0,14 15 16,1,70,,3829,12,0,14 15 16,1,30,,3825,12,0,14 15 16,1
10501,'18',630,,3857,12,0,14 15 16,1,100,,3858,12,0,14 15 16,1,70,,3866,12,0,14 15 16,1,30,,3854,12,0,14 15 16,1,70,,3834,12,0,14 15 16,1,30,,3843,12,0,14 15 16,1,70,,3864,12,0,14 15 16,1,30,,3849,12,0,14 15 16,1,100,,3832,12,0,14 15 16,1,100,,3848,12,0,14 15 16,1,100,,3852,12,0,14 15 16,1,100,,3830,12,0,14 15 16,1,100,,3850,12,0,14 15 16,1,70,,3861,12,0,14 15 16,1,30,,3860,12,0,14 15 16,1,70,,3859,12,0,14 15 16,1,30,,3856,12,0,14 15 16,1,70,,3867,12,0,14 15 16,1,30,,3863,12,0,14 15 16,1
10501,'20',630,,3893,12,0,14 15 16,1,100,,3894,12,0,14 15 16,1,70,,3902,12,0,14 15 16,1,30,,3890,12,0,14 15 16,1,70,,3872,12,0,14 15 16,1,30,,3880,12,0,14 15 16,1,70,,3900,12,0,14 15 16,1,30,,3886,12,0,14 15 16,1,100,,3870,12,0,14 15 16,1,100,,3885,12,0,14 15 16,1,100,,3888,12,0,14 15 16,1,100,,3868,12,0,14 15 16,1,100,,3887,12,0,14 15 16,1,70,,3897,12,0,14 15 16,1,30,,3896,12,0,14 15 16,1,70,,3895,12,0,14 15 16,1,30,,3892,12,0,14 15 16,1,70,,3903,12,0,14 15 16,1,30,,3899,12,0,14 15 16,1
10501,'8',630,,3931,12,0,14 15 16,1,100,,3932,12,0,14 15 16,1,70,,3940,12,0,14 15 16,1,30,,3928,12,0,14 15 16,1,70,,3908,12,0,14 15 16,1,30,,3917,12,0,14 15 16,1,70,,3938,12,0,14 15 16,1,30,,3923,12,0,14 15 16,1,100,,3906,12,0,14 15 16,1,100,,3922,12,0,14 15 16,1,100,,3926,12,0,14 15 16,1,100,,3904,12,0,14 15 16,1,100,,3924,12,0,14 15 16,1,70,,3935,12,0,14 15 16,1,30,,3934,12,0,14 15 16,1,70,,3933,12,0,14 15 16,1,30,,3930,12,0,14 15 16,1,70,,3941,12,0,14 15 16,1,30,,3937,12,0,14 15 16,1
20501,'11',729,,6751,12,,,1,100,,6752,12,,,1,100,,6738,12,,,1,100,,2515,12,,,1,100,,6753,12,,,1,100,,6750,12,,,1,100,,6740,12,,,1,100,,6748,12,,,1,100,,6730,12,,,1,100,,6735,12,,,1,100,,6734,12,,,1,100,,6732,12,,,1,100,,6742,12,,,1,100,,6747,12,,,1
20501,'14',1929,,6756,12,,,1,100,,6762,12,,,1,100,,6755,12,,,1,100,,6760,12,,,1
20501,'18',1929,,6764,12,,,1,100,,6770,12,,,1,100,,6763,12,,,1,100,,6768,12,,,1
20501,'20',1929,,6772,12,,,1,100,,6778,12,,,1,100,,6771,12,,,1,100,,6776,12,,,1
20501,'4',729,,6803,12,,,1,100,,6804,12,,,1,100,,6789,12,,,1,100,,6796,12,,,1,100,,6805,12,,,1,100,,6802,12,,,1,100,,6791,12,,,1,100,,6800,12,,,1,100,,6780,12,,,1,100,,6786,12,,,1,100,,6785,12,,,1,100,,6783,12,,,1,100,,6793,12,,,1,100,,6799,12,,,1
20501,'8',1929,,6808,12,,,1,100,,6814,12,,,1,100,,6807,12,,,1,100,,6812,12,,,1
