10601,'14',557,,4011,5,0,9 3 10,1,100,,4014,5,0,9 3 10,1,70,,4018,5,0,9 3 10,1,30,,4007,5,0,9 3 10,1,70,,4016,5,0,9 3 10,1,30,,4022,5,0,9 3 10,1,70,,4013,5,0,17,1,30,,4019,5,0,9 3 10,1,100,,1560,5,0,9 3 10,1,100,,4008,5,0,9 3 10,1,100,,4020,5,0,9 3 10,1,100,,2330,5,0,9 3 10,1,70,,4010,5,0,9 3 10,1,30,,4021,5,0,9 3 10,1,70,,4009,5,0,9 3 10,1,30,,4017,5,0,9 3 10,1,70,,4006,5,0,9 3 10,1,30,,773,5,0,9 3 10,1,70,,4015,5,0,9 3 10,1,30,,4012,5,0,9 3 10,1
10601,'18',557,,4029,5,0,9 3 10,1,100,,4033,5,0,9 3 10,1,70,,4038,5,0,9 3 10,1,30,,4024,5,0,9 3 10,1,70,,4036,5,0,9 3 10,1,30,,4042,5,0,9 3 10,1,70,,4032,5,0,17,1,30,,4039,5,0,9 3 10,1,100,,4031,5,0,9 3 10,1,100,,4026,5,0,9 3 10,1,100,,4040,5,0,9 3 10,1,100,,4025,5,0,9 3 10,1,70,,4028,5,0,9 3 10,1,30,,4041,5,0,9 3 10,1,70,,4027,5,0,9 3 10,1,30,,4037,5,0,9 3 10,1,70,,4023,5,0,9 3 10,1,30,,4034,5,0,9 3 10,1,70,,4035,5,0,9 3 10,1,30,,4030,5,0,9 3 10,1
10601,'20',557,,4049,5,0,9 3 10,1,100,,4052,5,0,9 3 10,1,70,,4055,5,0,9 3 10,1,30,,4044,5,0,9 3 10,1,70,,4053,5,0,9 3 10,1,30,,4058,5,0,9 3 10,1,70,,4051,5,0,17,1,30,,4056,5,0,9 3 10,1,100,,1524,5,0,9 3 10,1,100,,4046,5,0,9 3 10,1,100,,1237,5,0,9 3 10,1,100,,4045,5,0,9 3 10,1,70,,4048,5,0,9 3 10,1,30,,4057,5,0,9 3 10,1,70,,4047,5,0,9 3 10,1,30,,4054,5,0,9 3 10,1,70,,4043,5,0,9 3 10,1,30,,713,5,0,9 3 10,1,70,,2265,5,0,9 3 10,1,30,,4050,5,0,9 3 10,1
10601,'8',557,,4065,5,0,9 3 10,1,100,,4069,5,0,9 3 10,1,70,,4074,5,0,9 3 10,1,30,,4060,5,0,9 3 10,1,70,,4072,5,0,9 3 10,1,30,,4078,5,0,9 3 10,1,70,,4068,5,0,17,1,30,,4075,5,0,9 3 10,1,100,,4067,5,0,9 3 10,1,100,,4062,5,0,9 3 10,1,100,,4076,5,0,9 3 10,1,100,,4061,5,0,9 3 10,1,70,,4064,5,0,9 3 10,1,30,,4077,5,0,9 3 10,1,70,,4063,5,0,9 3 10,1,30,,4073,5,0,9 3 10,1,70,,4059,5,0,9 3 10,1,30,,4070,5,0,9 3 10,1,70,,4071,5,0,9 3 10,1,30,,4066,5,0,9 3 10,1
20601,'11',655,,6914,5,,,1,70,,6908,5,,,1,30,,6934,5,,,1,70,,2574,5,,,1,30,,6938,5,,,1,70,,6926,5,,,1,30,,6915,5,,,1,70,,6911,5,,,1,30,,6907,5,,,1,70,,6939,5,,,1,30,,6906,5,,,1,70,,6952,5,,,1,30,,6949,5,,,1,70,,6935,5,,,1,30,,6909,5,,,1,70,,6943,5,,,1,30,,6929,5,,,1,70,,6954,5,,,1,30,,6947,5,,,1,70,,2825,5,,,1,30,,6932,5,,,1,70,,6937,5,,,1,30,,6941,5,,,1,70,,6940,5,,,1,30,,6922,5,,,1,70,,6910,5,,,1,30,,2586,5,,,1,70,,6913,5,,,1
20601,'14',1825,,6972,5,,,1,30,,544,5,,,1,70,,6962,5,,,1,30,,6971,5,,,1,70,,6968,5,,,1,30,,6967,5,,,1,70,,6965,5,,,1,30,,367,5,,,1,70,,6966,5,,,1,30,,6959,5,,,1
20601,'18',1825,,6992,5,,,1,30,,6984,5,,,1,70,,6980,5,,,1,30,,6991,5,,,1,70,,6988,5,,,1,30,,6987,5,,,1,70,,6985,5,,,1,30,,6975,5,,,1,70,,6986,5,,,1,30,,6977,5,,,1
20601,'20',1825,,7009,5,,,1,30,,506,5,,,1,70,,6999,5,,,1,30,,7008,5,,,1,70,,7005,5,,,1,30,,7004,5,,,1,70,,7002,5,,,1,30,,317,5,,,1,70,,7003,5,,,1,30,,6996,5,,,1
20601,'4',655,,7019,5,,,1,70,,7013,5,,,1,30,,7041,5,,,1,70,,7034,5,,,1,30,,7046,5,,,1,70,,7032,5,,,1,30,,7020,5,,,1,70,,7016,5,,,1,30,,7012,5,,,1,70,,7047,5,,,1,30,,7011,5,,,1,70,,7062,5,,,1,30,,7059,5,,,1,70,,7043,5,,,1,30,,7014,5,,,1,70,,7053,5,,,1,30,,7036,5,,,1,70,,7064,5,,,1,30,,7057,5,,,1,70,,7050,5,,,1,30,,7039,5,,,1,70,,7045,5,,,1,30,,7051,5,,,1,70,,7049,5,,,1,30,,7027,5,,,1,70,,7015,5,,,1,30,,7048,5,,,1,70,,7018,5,,,1
20601,'8',1825,,7085,5,,,1,30,,7077,5,,,1,70,,7073,5,,,1,30,,7084,5,,,1,70,,7081,5,,,1,30,,7080,5,,,1,70,,7078,5,,,1,30,,7068,5,,,1,70,,7079,5,,,1,30,,7070,5,,,1
