11601,'14',611,,6042,8,0,9 3 10 16,1,30,,6019,8,0,9 3 10 16,1,70,,6021,8,0,9 3 10 16,1,30,,6051,8,0,9 3 10 16,1,70,,6043,8,0,9 3 10 16,1,30,,262,8,0,9 3 10 16,1,70,,6018,8,0,9 3 10 16,1,30,,6035,8,0,9 3 10 16,1,70,,6027,8,0,9 3 10 16,1,30,,6053,8,0,9 3 10 16,1,70,,6047,8,0,9 3 10 16,1,30,,6046,8,0,9 3 10 16,1,70,,6024,8,0,9 3 10 16,1,30,,6031,8,0,9 3 10 16,1,70,,6044,8,0,9 3 10 16,1,30,,1209,8,0,9 3 10 16,1,70,,6020,8,0,9 3 10 16,1,30,,6032,8,0,9 3 10 16,1,70,,6052,8,0,9 3 10 16,1,30,,6040,8,0,9 3 10 16,1,70,,6034,8,0,9 3 10 16,1,30,,6033,8,0,9 3 10 16,1,70,,6026,8,0,9 3 10 16,1,30,,6025,8,0,9 3 10 16,1
11601,'18',611,,6089,8,0,9 3 10 16,1,30,,6062,8,0,9 3 10 16,1,70,,6064,8,0,9 3 10 16,1,30,,6099,8,0,9 3 10 16,1,70,,6090,8,0,9 3 10 16,1,30,,6092,8,0,9 3 10 16,1,70,,6061,8,0,9 3 10 16,1,30,,6081,8,0,9 3 10 16,1,70,,6071,8,0,9 3 10 16,1,30,,6101,8,0,9 3 10 16,1,70,,6095,8,0,9 3 10 16,1,30,,6094,8,0,9 3 10 16,1,70,,6068,8,0,9 3 10 16,1,30,,6076,8,0,9 3 10 16,1,70,,6091,8,0,9 3 10 16,1,30,,6067,8,0,9 3 10 16,1,70,,6063,8,0,9 3 10 16,1,30,,6077,8,0,9 3 10 16,1,70,,6100,8,0,9 3 10 16,1,30,,6087,8,0,9 3 10 16,1,70,,6080,8,0,9 3 10 16,1,30,,6078,8,0,9 3 10 16,1,70,,6070,8,0,9 3 10 16,1,30,,6069,8,0,9 3 10 16,1
11601,'20',611,,6132,8,0,9 3 10 16,1,30,,6109,8,0,9 3 10 16,1,70,,6111,8,0,9 3 10 16,1,30,,6141,8,0,9 3 10 16,1,70,,6133,8,0,9 3 10 16,1,30,,242,8,0,9 3 10 16,1,70,,6108,8,0,9 3 10 16,1,30,,6124,8,0,9 3 10 16,1,70,,6118,8,0,9 3 10 16,1,30,,6143,8,0,9 3 10 16,1,70,,6137,8,0,9 3 10 16,1,30,,6136,8,0,9 3 10 16,1,70,,6115,8,0,9 3 10 16,1,30,,6121,8,0,9 3 10 16,1,70,,6134,8,0,9 3 10 16,1,30,,6114,8,0,9 3 10 16,1,70,,6110,8,0,9 3 10 16,1,30,,1189,8,0,9 3 10 16,1,70,,6142,8,0,9 3 10 16,1,30,,6130,8,0,9 3 10 16,1,70,,6123,8,0,9 3 10 16,1,30,,6122,8,0,9 3 10 16,1,70,,6117,8,0,9 3 10 16,1,30,,6116,8,0,9 3 10 16,1
11601,'8',611,,6179,8,0,9 3 10 16,1,30,,6152,8,0,9 3 10 16,1,70,,6154,8,0,9 3 10 16,1,30,,6189,8,0,9 3 10 16,1,70,,6180,8,0,9 3 10 16,1,30,,6182,8,0,9 3 10 16,1,70,,6151,8,0,9 3 10 16,1,30,,6171,8,0,9 3 10 16,1,70,,6161,8,0,9 3 10 16,1,30,,6191,8,0,9 3 10 16,1,70,,6185,8,0,9 3 10 16,1,30,,6184,8,0,9 3 10 16,1,70,,6158,8,0,9 3 10 16,1,30,,6166,8,0,9 3 10 16,1,70,,6181,8,0,9 3 10 16,1,30,,6157,8,0,9 3 10 16,1,70,,6153,8,0,9 3 10 16,1,30,,6167,8,0,9 3 10 16,1,70,,6190,8,0,9 3 10 16,1,30,,6177,8,0,9 3 10 16,1,70,,6170,8,0,9 3 10 16,1,30,,6168,8,0,9 3 10 16,1,70,,6160,8,0,9 3 10 16,1,30,,6159,8,0,9 3 10 16,1
21601,'11',641,,8171,8,0,9 3 10 16,1,70,,8153,8,0,9 3 10 16,1,30,,8160,8,0,9 3 10 16,1,70,,8148,8,0,9 3 10 16,1,30,,8155,8,0,9 3 10 16,1,70,,8173,8,0,9 3 10 16,1,30,,8147,8,0,9 3 10 16,1,70,,8150,8,0,9 3 10 16,1,30,,8125,8,0,9 3 10 16,1,70,,8169,8,0,9 3 10 16,1,30,,8143,8,0,9 3 10 16,1,70,,8158,8,0,9 3 10 16,1,30,,8165,8,0,9 3 10 16,1,70,,8178,8,0,9 3 10 16,1,30,,8170,8,0,9 3 10 16,1,70,,8167,8,0,9 3 10 16,1,30,,8137,8,0,9 3 10 16,1,70,,8152,8,0,9 3 10 16,1,30,,8133,8,0,9 3 10 16,1,70,,8142,8,0,9 3 10 16,1,30,,8151,8,0,9 3 10 16,1,70,,8132,8,0,9 3 10 16,1,30,,8177,8,0,9 3 10 16,1,70,,8145,8,0,9 3 10 16,1,30,,8179,8,0,9 3 10 16,1,70,,2575,8,0,9 3 10 16,1,30,,8130,8,0,9 3 10 16,1,70,,8140,8,0,9 3 10 16,1,30,,8164,8,0,9 3 10 16,1
21601,'14',1811,,8184,8,0,9 3 10 16,1,30,,8196,8,0,9 3 10 16,1,70,,8189,8,0,9 3 10 16,1,30,,8186,8,0,9 3 10 16,1,70,,1655,8,0,9 3 10 16,1,30,,8187,8,0,9 3 10 16,1,70,,8198,8,0,9 3 10 16,1,30,,8192,8,0,9 3 10 16,1,70,,8194,8,0,9 3 10 16,1,30,,8181,8,0,9 3 10 16,1,70,,8195,8,0,9 3 10 16,1
21601,'18',1811,,8205,8,0,9 3 10 16,1,30,,8218,8,0,9 3 10 16,1,70,,8210,8,0,9 3 10 16,1,30,,8207,8,0,9 3 10 16,1,70,,8215,8,0,9 3 10 16,1,30,,8208,8,0,9 3 10 16,1,70,,8220,8,0,9 3 10 16,1,30,,8213,8,0,9 3 10 16,1,70,,8216,8,0,9 3 10 16,1,30,,8202,8,0,9 3 10 16,1,70,,8217,8,0,9 3 10 16,1
21601,'20',1811,,8226,8,0,9 3 10 16,1,30,,8238,8,0,9 3 10 16,1,70,,8231,8,0,9 3 10 16,1,30,,8228,8,0,9 3 10 16,1,70,,1609,8,0,9 3 10 16,1,30,,8229,8,0,9 3 10 16,1,70,,8240,8,0,9 3 10 16,1,30,,8234,8,0,9 3 10 16,1,70,,8236,8,0,9 3 10 16,1,30,,8223,8,0,9 3 10 16,1,70,,8237,8,0,9 3 10 16,1
21601,'4',641,,8291,8,0,9 3 10 16,1,70,,8273,8,0,9 3 10 16,1,30,,8280,8,0,9 3 10 16,1,70,,8267,8,0,9 3 10 16,1,30,,8275,8,0,9 3 10 16,1,70,,8293,8,0,9 3 10 16,1,30,,8266,8,0,9 3 10 16,1,70,,8270,8,0,9 3 10 16,1,30,,8244,8,0,9 3 10 16,1,70,,8289,8,0,9 3 10 16,1,30,,8262,8,0,9 3 10 16,1,70,,8278,8,0,9 3 10 16,1,30,,8285,8,0,9 3 10 16,1,70,,8298,8,0,9 3 10 16,1,30,,8290,8,0,9 3 10 16,1,70,,8287,8,0,9 3 10 16,1,30,,8256,8,0,9 3 10 16,1,70,,8272,8,0,9 3 10 16,1,30,,8252,8,0,9 3 10 16,1,70,,8261,8,0,9 3 10 16,1,30,,8271,8,0,9 3 10 16,1,70,,8251,8,0,9 3 10 16,1,30,,8297,8,0,9 3 10 16,1,70,,8264,8,0,9 3 10 16,1,30,,8299,8,0,9 3 10 16,1,70,,8268,8,0,9 3 10 16,1,30,,8249,8,0,9 3 10 16,1,70,,8259,8,0,9 3 10 16,1,30,,8284,8,0,9 3 10 16,1
21601,'8',1811,,8305,8,0,9 3 10 16,1,30,,8318,8,0,9 3 10 16,1,70,,8310,8,0,9 3 10 16,1,30,,8307,8,0,9 3 10 16,1,70,,8315,8,0,9 3 10 16,1,30,,8308,8,0,9 3 10 16,1,70,,8320,8,0,9 3 10 16,1,30,,8313,8,0,9 3 10 16,1,70,,8316,8,0,9 3 10 16,1,30,,8302,8,0,9 3 10 16,1,70,,8317,8,0,9 3 10 16,1
