'11',11301,60100,4,'',0,10000,4,'',0,10000,,'',0,10000,,'',0,10000,,'',0,10000,4,'',0,10000,4,'',0,10000,,'',0,10000,4,'',0,10000,,'',0,10000,,'',0,10000,,'',0,10000,4,'',0,10000,4,'',0
'12',11301,60100,,'',0,10000,4,'',0,10000,4,'',0,10000,,'',0,10000,,'',0,10000,,'',0,10000,4,'',0,10000,4,'',0,10000,4,'',0,10000,,'',0,10000,,'',0,10000,,'',0,10000,4,'',0,10000,4,'',0
'2',11301,60100,,'',0,10000,,'',0,10000,,'',0,10000,4,'',0,10000,,'',0,10000,,'',0,10000,,'',0,10000,4,'',0,10000,4,'',0,10000,,'',0,10000,,'',0,10000,4,'',0,10000,4,'',0,10000,4,'',0
'9',11301,60100,,'',0,10000,4,'',0,10000,,'',0,10000,,'',0,10000,4,'',0,10000,4,'',0,10000,,'',0,10000,4,'',0,10000,4,'',0,10000,,'',0,10000,,'',0,10000,4,'',0,10000,4,'',0,10000,,'',0
'11',21301,200000,4,'',0,100,,'',0,9900,4,'',0,100,,'',0,9900,4,'',0,100,,'',0,9900,4,'',0
'12',21301,200000,4,'',0,100,,'',0,9900,4,'',0,100,,'',0,9900,4,'',0,100,,'',0,9900,4,'',0
'2',21301,200000,4,'',0,100,,'',0,9900,4,'',0,100,,'',0,9900,4,'',0,100,,'',0,9900,4,'',0
'5',21301,70000,4,'',0,100,,'',0,9900,4,'',0,100,,'',0,9900,4,'',0,100,,'',0,9900,4,'',0,100,,'',0,9900,4,'',0,100,,'',0,9900,4,'',0,100,,'',0,9900,4,'',0,100,,'',0,9900,4,'',0,100,,'',0,9900,4,'',0,100,,'',0,9900,4,'',0,100,,'',0,9900,4,'',0,100,,'',0,9900,4,'',0,100,,'',0,9900,4,'',0,100,,'',0,9900,4,'',0
'7',21301,70000,4,'',0,100,,'',0,9900,4,'',0,100,,'',0,9900,4,'',0,100,,'',0,9900,4,'',0,100,,'',0,9900,4,'',0,100,,'',0,9900,4,'',0,100,,'',0,9900,4,'',0,100,,'',0,9900,4,'',0,100,,'',0,9900,4,'',0,100,,'',0,9900,4,'',0,100,,'',0,9900,4,'',0,100,,'',0,9900,4,'',0,100,,'',0,9900,4,'',0,100,,'',0,9900,4,'',0
'9',21301,200000,4,'',0,100,,'',0,9900,4,'',0,100,,'',0,9900,4,'',0,100,,'',0,9900,4,'',0
