10601,'14',604,,4011,16,0,9 3 10,1,100,,4014,16,0,9 3 10,1,30,,4018,16,0,9 3 10,1,70,,4007,16,0,9 3 10,1,30,,4016,16,0,9 3 10,1,70,,4022,16,0,9 3 10,1,100,,4019,16,0,9 3 10,1,100,,1560,16,0,9 3 10,1,100,,4008,16,0,9 3 10,1,100,,4020,16,0,9 3 10,1,100,,2330,16,0,9 3 10,1,30,,4010,16,0,9 3 10,1,70,,4021,16,0,9 3 10,1,30,,4009,16,0,9 3 10,1,70,,4017,16,0,9 3 10,1,30,,4006,16,0,9 3 10,1,70,,773,16,0,9 3 10,1,30,,4015,16,0,9 3 10,1,70,,4012,16,0,9 3 10,1
10601,'18',604,,4029,16,0,9 3 10,1,100,,4033,16,0,9 3 10,1,30,,4038,16,0,9 3 10,1,70,,4024,16,0,9 3 10,1,30,,4036,16,0,9 3 10,1,70,,4042,16,0,9 3 10,1,100,,4039,16,0,9 3 10,1,100,,4031,16,0,9 3 10,1,100,,4026,16,0,9 3 10,1,100,,4040,16,0,9 3 10,1,100,,4025,16,0,9 3 10,1,30,,4028,16,0,9 3 10,1,70,,4041,16,0,9 3 10,1,30,,4027,16,0,9 3 10,1,70,,4037,16,0,9 3 10,1,30,,4023,16,0,9 3 10,1,70,,4034,16,0,9 3 10,1,30,,4035,16,0,9 3 10,1,70,,4030,16,0,9 3 10,1
10601,'20',604,,4049,16,0,9 3 10,1,100,,4052,16,0,9 3 10,1,30,,4055,16,0,9 3 10,1,70,,4044,16,0,9 3 10,1,30,,4053,16,0,9 3 10,1,70,,4058,16,0,9 3 10,1,100,,4056,16,0,9 3 10,1,100,,1524,16,0,9 3 10,1,100,,4046,16,0,9 3 10,1,100,,1237,16,0,9 3 10,1,100,,4045,16,0,9 3 10,1,30,,4048,16,0,9 3 10,1,70,,4057,16,0,9 3 10,1,30,,4047,16,0,9 3 10,1,70,,4054,16,0,9 3 10,1,30,,4043,16,0,9 3 10,1,70,,713,16,0,9 3 10,1,30,,2265,16,0,9 3 10,1,70,,4050,16,0,9 3 10,1
10601,'8',604,,4065,16,0,9 3 10,1,100,,4069,16,0,9 3 10,1,30,,4074,16,0,9 3 10,1,70,,4060,16,0,9 3 10,1,30,,4072,16,0,9 3 10,1,70,,4078,16,0,9 3 10,1,100,,4075,16,0,9 3 10,1,100,,4067,16,0,9 3 10,1,100,,4062,16,0,9 3 10,1,100,,4076,16,0,9 3 10,1,100,,4061,16,0,9 3 10,1,30,,4064,16,0,9 3 10,1,70,,4077,16,0,9 3 10,1,30,,4063,16,0,9 3 10,1,70,,4073,16,0,9 3 10,1,30,,4059,16,0,9 3 10,1,70,,4070,16,0,9 3 10,1,30,,4071,16,0,9 3 10,1,70,,4066,16,0,9 3 10,1
11201,'14',719,,5238,6,0,14 15 16,1,100,,5237,6,0,14 15 16,1,100,,5242,6,0,14 15 16,1,100,,5233,6,0,14 15 16,1,100,,2656,6,0,14 15 16,1,100,,5243,6,0,14 15 16,1,100,,5234,6,0,14 15 16,1,100,,5235,6,0,14 15 16,1,100,,5248,6,0,14 15 16,1,100,,5239,6,0,14 15 16,1,100,,5244,6,0,14 15 16,1
11201,'18',719,,5259,6,0,14 15 16,1,100,,5258,6,0,14 15 16,1,100,,5263,6,0,14 15 16,1,100,,5251,6,0,14 15 16,1,100,,5252,6,0,14 15 16,1,100,,5264,6,0,14 15 16,1,100,,5253,6,0,14 15 16,1,100,,5254,6,0,14 15 16,1,100,,5270,6,0,14 15 16,1,100,,5260,6,0,14 15 16,1,100,,5265,6,0,14 15 16,1
11201,'20',719,,5290,6,0,14 15 16,1,100,,5274,6,0,14 15 16,1,100,,5292,6,0,14 15 16,1,100,,5273,6,0,14 15 16,1,100,,5275,6,0,14 15 16,1,100,,5283,6,0,14 15 16,1,100,,5276,6,0,14 15 16,1,100,,5277,6,0,14 15 16,1,100,,5287,6,0,14 15 16,1,100,,5279,6,0,14 15 16,1,100,,5284,6,0,14 15 16,1
11201,'8',719,,5312,6,0,14 15 16,1,100,,5294,6,0,14 15 16,1,100,,5314,6,0,14 15 16,1,100,,5293,6,0,14 15 16,1,100,,5295,6,0,14 15 16,1,100,,5304,6,0,14 15 16,1,100,,5296,6,0,14 15 16,1,100,,5297,6,0,14 15 16,1,100,,5309,6,0,14 15 16,1,100,,5300,6,0,14 15 16,1,100,,5305,6,0,14 15 16,1
20601,'11',704,,6942,6,,,1,30,,6950,6,,,1,70,,6946,6,,,1,30,,6920,6,,,1,70,,6928,6,,,1,30,,6925,6,,,1,70,,6945,6,,,1,30,,6921,6,,,1,70,,6919,6,,,1,30,,6944,6,,,1,70,,6953,6,,,1,30,,6905,6,,,1,70,,6951,6,,,1,30,,6936,6,,,1,70,,6923,6,,,1,30,,2818,6,,,1,70,,6931,6,,,1,30,,6948,6,,,1,70,,6917,6,,,1,30,,6916,6,,,1,70,,2502,6,,,1,30,,6924,6,,,1,70,,6930,6,,,1,30,,6955,6,,,1,70,,6912,6,,,1,30,,6918,6,,,1,70,,6933,6,,,1,30,,6927,6,,,1
20601,'14',1834,,6960,6,,,1,70,,6970,6,,,1,30,,6961,6,,,1,70,,1553,6,,,1,30,,6964,6,,,1,70,,6957,6,,,1,30,,6969,6,,,1,70,,6963,6,,,1,30,,6958,6,,,1,70,,6956,6,,,1
20601,'18',1834,,6978,6,,,1,70,,6990,6,,,1,30,,6979,6,,,1,70,,6983,6,,,1,30,,6982,6,,,1,70,,6974,6,,,1,30,,6989,6,,,1,70,,6981,6,,,1,30,,6976,6,,,1,70,,6973,6,,,1
20601,'20',1834,,6997,6,,,1,70,,7007,6,,,1,30,,6998,6,,,1,70,,1517,6,,,1,30,,7001,6,,,1,70,,6994,6,,,1,30,,7006,6,,,1,70,,7000,6,,,1,30,,6995,6,,,1,70,,6993,6,,,1
20601,'4',704,,7052,6,,,1,30,,7060,6,,,1,70,,7056,6,,,1,30,,7025,6,,,1,70,,7035,6,,,1,30,,7031,6,,,1,70,,7055,6,,,1,30,,7026,6,,,1,70,,7024,6,,,1,30,,7054,6,,,1,70,,7063,6,,,1,30,,7010,6,,,1,70,,7061,6,,,1,30,,7044,6,,,1,70,,7029,6,,,1,30,,7042,6,,,1,70,,7038,6,,,1,30,,7058,6,,,1,70,,7022,6,,,1,30,,7021,6,,,1,70,,7028,6,,,1,30,,7030,6,,,1,70,,7037,6,,,1,30,,7065,6,,,1,70,,7017,6,,,1,30,,7023,6,,,1,70,,7040,6,,,1,30,,7033,6,,,1
20601,'8',1834,,7071,6,,,1,70,,7083,6,,,1,30,,7072,6,,,1,70,,7076,6,,,1,30,,7075,6,,,1,70,,7067,6,,,1,30,,7082,6,,,1,70,,7074,6,,,1,30,,7069,6,,,1,70,,7066,6,,,1
