10901,'12',612,,9653,2,,,1,100,,9644,2,,,1,100,,9652,2,,,1,100,,9634,2,,,1,100,,9621,2,,,1,100,,9649,2,,,1,100,,6130,2,,,1,100,,9623,2,,,1,100,,9631,2,,,1,100,,9648,2,,,1,100,,9625,2,,,1,100,,9626,2,,,1
10901,'5',612,,9698,2,,,1,100,,9688,2,,,1,100,,9697,2,,,1,100,,9678,2,,,1,100,,9665,2,,,1,100,,9693,2,,,1,100,,9696,2,,,1,100,,9667,2,,,1,100,,9675,2,,,1,100,,9692,2,,,1,100,,9669,2,,,1,100,,9670,2,,,1
10901,'9',612,,9744,2,,,1,100,,9735,2,,,1,100,,9743,2,,,1,100,,9725,2,,,1,100,,9712,2,,,1,100,,9740,2,,,1,100,,6040,2,,,1,100,,9714,2,,,1,100,,9722,2,,,1,100,,9739,2,,,1,100,,9716,2,,,1,100,,9717,2,,,1
11300,'12',642,,10121,2,0,14 15 16,1,100,,10137,2,0,14 15 16,1,100,,10126,2,0,14 15 16,1,100,,10118,2,0,14 15 16,1,100,,10130,2,0,14 15 16,1,100,,10141,2,0,14 15 16,1,100,,10143,2,0,14 15 16,1,100,,10127,2,0,14 15 16,1,100,,10122,2,0,14 15 16,1,100,,10116,2,0,14 15 16,1,100,,10133,2,0,14 15 16,1,100,,10136,2,0,14 15 16,1,100,,10125,2,0,14 15 16,1
11300,'5',642,,10164,2,0,14 15 16,1,100,,10177,2,0,14 15 16,1,100,,10167,2,0,14 15 16,1,100,,10158,2,0,14 15 16,1,100,,10170,2,0,14 15 16,1,100,,10180,2,0,14 15 16,1,100,,10150,2,0,14 15 16,1,100,,10168,2,0,14 15 16,1,100,,10173,2,0,14 15 16,1,100,,10161,2,0,14 15 16,1,100,,10160,2,0,14 15 16,1,100,,10153,2,0,14 15 16,1,100,,10179,2,0,14 15 16,1
11300,'9',642,,10196,2,0,14 15 16,1,100,,10209,2,0,14 15 16,1,100,,10201,2,0,14 15 16,1,100,,10191,2,0,14 15 16,1,100,,10204,2,0,14 15 16,1,100,,10212,2,0,14 15 16,1,100,,10199,2,0,14 15 16,1,100,,10202,2,0,14 15 16,1,100,,10216,2,0,14 15 16,1,100,,10192,2,0,14 15 16,1,100,,10195,2,0,14 15 16,1,100,,10188,2,0,14 15 16,1,100,,10208,2,0,14 15 16,1
20901,'12',1812,,5156,2,,,1,100,,11305,2,,,1,100,,11307,2,,,1,100,,11297,2,,,1,100,,11303,2,,,1
20901,'5',1812,,11318,2,,,1,100,,11322,2,,,1,100,,11325,2,,,1,100,,11327,2,,,1,100,,11324,2,,,1
20901,'7',712,,11336,2,,,1,100,,11355,2,,,1,100,,11371,2,,,1,100,,11382,2,,,1,100,,11339,2,,,1,100,,11348,2,,,1,100,,11353,2,,,1,100,,11383,2,,,1,100,,11334,2,,,1,100,,11368,2,,,1,100,,11370,2,,,1,100,,6202,2,,,1,100,,11380,2,,,1,100,,11351,2,,,1
20901,'9',1812,,11393,2,,,1,100,,11396,2,,,1,100,,11387,2,,,1,100,,4914,2,,,1,100,,7746,2,,,1
