10501,'14',629,,3819,9,,,1,100,,3820,9,,,1,30,,3828,9,,,1,70,,3816,9,,,1,30,,3798,9,,,1,70,,3806,9,,,1,30,,3826,9,,,1,70,,3812,9,,,1,100,,3796,9,,,1,100,,3811,9,,,1,100,,3814,9,,,1,100,,3794,9,,,1,100,,3813,9,,,1,30,,3823,9,,,1,70,,3822,9,,,1,30,,3821,9,,,1,70,,3818,9,,,1,30,,3829,9,,,1,70,,3825,9,,,1
10501,'18',629,,3857,9,,,1,100,,3858,9,,,1,30,,3866,9,,,1,70,,3854,9,,,1,30,,3834,9,,,1,70,,3843,9,,,1,30,,3864,9,,,1,70,,3849,9,,,1,100,,3832,9,,,1,100,,3848,9,,,1,100,,3852,9,,,1,100,,3830,9,,,1,100,,3850,9,,,1,30,,3861,9,,,1,70,,3860,9,,,1,30,,3859,9,,,1,70,,3856,9,,,1,30,,3867,9,,,1,70,,3863,9,,,1
10501,'20',629,,3893,9,,,1,100,,3894,9,,,1,30,,3902,9,,,1,70,,3890,9,,,1,30,,3872,9,,,1,70,,3880,9,,,1,30,,3900,9,,,1,70,,3886,9,,,1,100,,3870,9,,,1,100,,3885,9,,,1,100,,3888,9,,,1,100,,3868,9,,,1,100,,3887,9,,,1,30,,3897,9,,,1,70,,3896,9,,,1,30,,3895,9,,,1,70,,3892,9,,,1,30,,3903,9,,,1,70,,3899,9,,,1
10501,'8',629,,3931,9,,,1,100,,3932,9,,,1,30,,3940,9,,,1,70,,3928,9,,,1,30,,3908,9,,,1,70,,3917,9,,,1,30,,3938,9,,,1,70,,3923,9,,,1,100,,3906,9,,,1,100,,3922,9,,,1,100,,3926,9,,,1,100,,3904,9,,,1,100,,3924,9,,,1,30,,3935,9,,,1,70,,3934,9,,,1,30,,3933,9,,,1,70,,3930,9,,,1,30,,3941,9,,,1,70,,3937,9,,,1
20501,'11',728,,6751,9,,,1,100,,6752,9,,,1,100,,6738,9,,,1,100,,2515,9,,,1,100,,6753,9,,,1,100,,6750,9,,,1,100,,6740,9,,,1,100,,6748,9,,,1,100,,6730,9,,,1,100,,6735,9,,,1,100,,6734,9,,,1,100,,6732,9,,,1,100,,6742,9,,,1,100,,6747,9,,,1
20501,'14',1928,,6756,9,,,1,100,,6762,9,,,1,100,,6755,9,,,1,100,,6760,9,,,1
20501,'18',1928,,6764,9,,,1,100,,6770,9,,,1,100,,6763,9,,,1,100,,6768,9,,,1
20501,'20',1928,,6772,9,,,1,100,,6778,9,,,1,100,,6771,9,,,1,100,,6776,9,,,1
20501,'4',728,,6803,9,,,1,100,,6804,9,,,1,100,,6789,9,,,1,100,,6796,9,,,1,100,,6805,9,,,1,100,,6802,9,,,1,100,,6791,9,,,1,100,,6800,9,,,1,100,,6780,9,,,1,100,,6786,9,,,1,100,,6785,9,,,1,100,,6783,9,,,1,100,,6793,9,,,1,100,,6799,9,,,1
20501,'8',1928,,6808,9,,,1,100,,6814,9,,,1,100,,6807,9,,,1,100,,6812,9,,,1
