11600,'14',644,,5859,13,0,21 22,1,70,,5870,13,0,21 22,1,30,,5842,13,0,21 22,1,70,,5846,13,0,21 22,1,30,,5865,13,0,21 22,1,70,,5838,13,0,21 22,1,30,,402,13,0,21 22,1,70,,5862,13,0,21 22,1,30,,5866,13,0,21 22,1,70,,5874,13,0,21 22,1,30,,5849,13,0,21 22,1,70,,5878,13,0,21 22,1,30,,5850,13,0,21 22,1,70,,5871,13,0,21 22,1,30,,5847,13,0,21 22,1,70,,5844,13,0,21 22,1,30,,5869,13,0,21 22,1,70,,5863,13,0,21 22,1,30,,5854,13,0,21 22,1,70,,627,13,0,21 22,1,30,,5843,13,0,21 22,1,70,,5851,13,0,21 22,1,30,,5839,13,0,21 22,1
11600,'18',644,,5904,13,0,21 22,1,70,,5916,13,0,21 22,1,30,,5884,13,0,21 22,1,70,,5888,13,0,21 22,1,30,,5911,13,0,21 22,1,70,,5880,13,0,21 22,1,30,,5908,13,0,21 22,1,70,,5907,13,0,21 22,1,30,,5912,13,0,21 22,1,70,,5920,13,0,21 22,1,30,,5892,13,0,21 22,1,70,,5924,13,0,21 22,1,30,,5893,13,0,21 22,1,70,,5917,13,0,21 22,1,30,,5889,13,0,21 22,1,70,,5886,13,0,21 22,1,30,,5915,13,0,21 22,1,70,,5909,13,0,21 22,1,30,,5899,13,0,21 22,1,70,,5896,13,0,21 22,1,30,,5885,13,0,21 22,1,70,,5894,13,0,21 22,1,30,,5881,13,0,21 22,1
11600,'20',644,,5947,13,0,21 22,1,70,,5958,13,0,21 22,1,30,,5930,13,0,21 22,1,70,,5934,13,0,21 22,1,30,,5953,13,0,21 22,1,70,,5926,13,0,21 22,1,30,,352,13,0,21 22,1,70,,5950,13,0,21 22,1,30,,5954,13,0,21 22,1,70,,5962,13,0,21 22,1,30,,5937,13,0,21 22,1,70,,5966,13,0,21 22,1,30,,5938,13,0,21 22,1,70,,5959,13,0,21 22,1,30,,5935,13,0,21 22,1,70,,5932,13,0,21 22,1,30,,5957,13,0,21 22,1,70,,5951,13,0,21 22,1,30,,5942,13,0,21 22,1,70,,607,13,0,21 22,1,30,,5931,13,0,21 22,1,70,,5939,13,0,21 22,1,30,,5927,13,0,21 22,1
11600,'8',644,,5992,13,0,21 22,1,70,,6004,13,0,21 22,1,30,,5972,13,0,21 22,1,70,,5976,13,0,21 22,1,30,,5999,13,0,21 22,1,70,,5968,13,0,21 22,1,30,,5996,13,0,21 22,1,70,,5995,13,0,21 22,1,30,,6000,13,0,21 22,1,70,,6008,13,0,21 22,1,30,,5980,13,0,21 22,1,70,,6012,13,0,21 22,1,30,,5981,13,0,21 22,1,70,,6005,13,0,21 22,1,30,,5977,13,0,21 22,1,70,,5974,13,0,21 22,1,30,,6003,13,0,21 22,1,70,,5997,13,0,21 22,1,30,,5987,13,0,21 22,1,70,,5984,13,0,21 22,1,30,,5973,13,0,21 22,1,70,,5982,13,0,21 22,1,30,,5969,13,0,21 22,1
21600,'11',714,,7922,13,0,21 22,1,30,,7962,13,0,21 22,1,70,,7944,13,0,21 22,1,30,,7924,13,0,21 22,1,70,,7945,13,0,21 22,1,30,,7929,13,0,21 22,1,70,,7958,13,0,21 22,1,30,,7965,13,0,21 22,1,70,,7931,13,0,21 22,1,30,,7955,13,0,21 22,1,70,,7913,13,0,21 22,1,30,,1971,13,0,21 22,1,70,,7950,13,0,21 22,1,30,,7941,13,0,21 22,1,70,,7916,13,0,21 22,1,30,,7928,13,0,21 22,1,70,,7938,13,0,21 22,1,30,,7957,13,0,21 22,1,70,,7946,13,0,21 22,1,30,,7921,13,0,21 22,1,70,,7940,13,0,21 22,1,30,,7949,13,0,21 22,1,70,,7926,13,0,21 22,1,30,,7915,13,0,21 22,1,70,,7964,13,0,21 22,1,30,,7943,13,0,21 22,1,70,,7963,13,0,21 22,1,30,,7966,13,0,21 22,1,70,,7917,13,0,21 22,1
21600,'14',1814,,7992,13,0,21 22,1,30,,7976,13,0,21 22,1,70,,7977,13,0,21 22,1,30,,7985,13,0,21 22,1,70,,7984,13,0,21 22,1,30,,7981,13,0,21 22,1,70,,7974,13,0,21 22,1,30,,7988,13,0,21 22,1,70,,7982,13,0,21 22,1,30,,7986,13,0,21 22,1,70,,7975,13,0,21 22,1,30,,7979,13,0,21 22,1
21600,'18',1814,,8016,13,0,21 22,1,30,,7999,13,0,21 22,1,70,,8000,13,0,21 22,1,30,,8009,13,0,21 22,1,70,,8008,13,0,21 22,1,30,,8005,13,0,21 22,1,70,,7997,13,0,21 22,1,30,,8012,13,0,21 22,1,70,,8006,13,0,21 22,1,30,,8010,13,0,21 22,1,70,,7998,13,0,21 22,1,30,,8002,13,0,21 22,1
21600,'20',1814,,8040,13,0,21 22,1,30,,8023,13,0,21 22,1,70,,8024,13,0,21 22,1,30,,8033,13,0,21 22,1,70,,8032,13,0,21 22,1,30,,8029,13,0,21 22,1,70,,8021,13,0,21 22,1,30,,8036,13,0,21 22,1,70,,8030,13,0,21 22,1,30,,8034,13,0,21 22,1,70,,8022,13,0,21 22,1,30,,8026,13,0,21 22,1
21600,'4',714,,8050,13,0,21 22,1,30,,8091,13,0,21 22,1,70,,8072,13,0,21 22,1,30,,8052,13,0,21 22,1,70,,8073,13,0,21 22,1,30,,8057,13,0,21 22,1,70,,8087,13,0,21 22,1,30,,8094,13,0,21 22,1,70,,8059,13,0,21 22,1,30,,8084,13,0,21 22,1,70,,8041,13,0,21 22,1,30,,8074,13,0,21 22,1,70,,8079,13,0,21 22,1,30,,8069,13,0,21 22,1,70,,8044,13,0,21 22,1,30,,8056,13,0,21 22,1,70,,8066,13,0,21 22,1,30,,8086,13,0,21 22,1,70,,8075,13,0,21 22,1,30,,8049,13,0,21 22,1,70,,8068,13,0,21 22,1,30,,8078,13,0,21 22,1,70,,8054,13,0,21 22,1,30,,8043,13,0,21 22,1,70,,8093,13,0,21 22,1,30,,8071,13,0,21 22,1,70,,8092,13,0,21 22,1,30,,8095,13,0,21 22,1,70,,8045,13,0,21 22,1
21600,'8',1814,,8122,13,0,21 22,1,30,,8105,13,0,21 22,1,70,,8106,13,0,21 22,1,30,,8115,13,0,21 22,1,70,,8114,13,0,21 22,1,30,,8111,13,0,21 22,1,70,,8103,13,0,21 22,1,30,,8118,13,0,21 22,1,70,,8112,13,0,21 22,1,30,,8116,13,0,21 22,1,70,,8104,13,0,21 22,1,30,,8108,13,0,21 22,1
