10401,'14',625,,3472,14,,,1,30,,886,14,,,1,70,,3499,14,,,1,30,,1115,14,,,1,70,,3466,14,,,1,30,,3490,14,,,1,70,,3484,14,,,1,30,,3485,14,,,1,70,,481,14,,,1,30,,3473,14,,,1,70,,3477,14,,,1,30,,1282,14,,,1,70,,3486,14,,,1,30,,3464,14,,,1,70,,3479,14,,,1,30,,3483,14,,,1,70,,3492,14,,,1,30,,3497,14,,,1,70,,3478,14,,,1,30,,3489,14,,,1,70,,3471,14,,,1,30,,3491,14,,,1,70,,3496,14,,,1,30,,3462,14,,,1,70,,3469,14,,,1
10401,'18',625,,3518,14,,,1,30,,3509,14,,,1,70,,3549,14,,,1,30,,3538,14,,,1,70,,3510,14,,,1,30,,3540,14,,,1,70,,3532,14,,,1,30,,3533,14,,,1,70,,3535,14,,,1,30,,3519,14,,,1,70,,3523,14,,,1,30,,3528,14,,,1,70,,3534,14,,,1,30,,3507,14,,,1,70,,3525,14,,,1,30,,3531,14,,,1,70,,3542,14,,,1,30,,3547,14,,,1,70,,3524,14,,,1,30,,3539,14,,,1,70,,3517,14,,,1,30,,3541,14,,,1,70,,3546,14,,,1,30,,3505,14,,,1,70,,3515,14,,,1
10401,'20',625,,3565,14,,,1,30,,867,14,,,1,70,,3592,14,,,1,30,,1090,14,,,1,70,,3559,14,,,1,30,,3583,14,,,1,70,,3577,14,,,1,30,,3578,14,,,1,70,,443,14,,,1,30,,3566,14,,,1,70,,3570,14,,,1,30,,1261,14,,,1,70,,3579,14,,,1,30,,3557,14,,,1,70,,3572,14,,,1,30,,3576,14,,,1,70,,3585,14,,,1,30,,3590,14,,,1,70,,3571,14,,,1,30,,3582,14,,,1,70,,3564,14,,,1,30,,3584,14,,,1,70,,3589,14,,,1,30,,3555,14,,,1,70,,3562,14,,,1
10401,'8',625,,3611,14,,,1,30,,3602,14,,,1,70,,3642,14,,,1,30,,3631,14,,,1,70,,3603,14,,,1,30,,3633,14,,,1,70,,3625,14,,,1,30,,3626,14,,,1,70,,3628,14,,,1,30,,3612,14,,,1,70,,3616,14,,,1,30,,3621,14,,,1,70,,3627,14,,,1,30,,3600,14,,,1,70,,3618,14,,,1,30,,3624,14,,,1,70,,3635,14,,,1,30,,3640,14,,,1,70,,3617,14,,,1,30,,3632,14,,,1,70,,3610,14,,,1,30,,3634,14,,,1,70,,3639,14,,,1,30,,3598,14,,,1,70,,3608,14,,,1
20401,'11',724,,6480,14,,,1,30,,6470,14,,,1,70,,6512,14,,,1,30,,6514,14,,,1,70,,6496,14,,,1,30,,6508,14,,,1,70,,6464,14,,,1,30,,6492,14,,,1,70,,6472,14,,,1,30,,6468,14,,,1,70,,6477,14,,,1,30,,6497,14,,,1,70,,6515,14,,,1,30,,6489,14,,,1,70,,6502,14,,,1,30,,6479,14,,,1,70,,6516,14,,,1,30,,6506,14,,,1,70,,6485,14,,,1,30,,6501,14,,,1,70,,6503,14,,,1,30,,6493,14,,,1,70,,6500,14,,,1,30,,6478,14,,,1,70,,6487,14,,,1,30,,6471,14,,,1,70,,6469,14,,,1,30,,6463,14,,,1
20401,'14',1854,,6523,14,,,1,70,,6526,14,,,1,30,,6531,14,,,1,70,,6518,14,,,1,30,,767,14,,,1,70,,6528,14,,,1,30,,455,14,,,1,70,,6520,14,,,1,30,,6522,14,,,1,70,,6530,14,,,1
20401,'18',1854,,6543,14,,,1,70,,6546,14,,,1,30,,6551,14,,,1,70,,6537,14,,,1,30,,6540,14,,,1,70,,6548,14,,,1,30,,6534,14,,,1,70,,6539,14,,,1,30,,6542,14,,,1,70,,6550,14,,,1
20401,'20',1854,,6559,14,,,1,70,,6562,14,,,1,30,,6567,14,,,1,70,,6555,14,,,1,30,,707,14,,,1,70,,6564,14,,,1,30,,417,14,,,1,70,,813,14,,,1,30,,6558,14,,,1,70,,6566,14,,,1
20401,'4',724,,6588,14,,,1,30,,6578,14,,,1,70,,6621,14,,,1,30,,6623,14,,,1,70,,6604,14,,,1,30,,6617,14,,,1,70,,6572,14,,,1,30,,6600,14,,,1,70,,6580,14,,,1,30,,6576,14,,,1,70,,6585,14,,,1,30,,6605,14,,,1,70,,6624,14,,,1,30,,6597,14,,,1,70,,6611,14,,,1,30,,6587,14,,,1,70,,6625,14,,,1,30,,6615,14,,,1,70,,6593,14,,,1,30,,6610,14,,,1,70,,6612,14,,,1,30,,6601,14,,,1,70,,6609,14,,,1,30,,6586,14,,,1,70,,6595,14,,,1,30,,6579,14,,,1,70,,6577,14,,,1,30,,6571,14,,,1
20401,'8',1854,,6635,14,,,1,70,,6638,14,,,1,30,,6643,14,,,1,70,,6629,14,,,1,30,,6632,14,,,1,70,,6640,14,,,1,30,,6626,14,,,1,70,,6631,14,,,1,30,,6634,14,,,1,70,,6642,14,,,1
