10501,'14',629,,3819,10,,,1,100,,3820,10,,,1,30,,3828,10,,,1,70,,3816,10,,,1,30,,3798,10,,,1,70,,3806,10,,,1,30,,3826,10,,,1,70,,3812,10,,,1,100,,3796,10,,,1,100,,3811,10,,,1,100,,3814,10,,,1,100,,3794,10,,,1,100,,3813,10,,,1,30,,3823,10,,,1,70,,3822,10,,,1,30,,3821,10,,,1,70,,3818,10,,,1,30,,3829,10,,,1,70,,3825,10,,,1
10501,'18',629,,3857,10,,,1,100,,3858,10,,,1,30,,3866,10,,,1,70,,3854,10,,,1,30,,3834,10,,,1,70,,3843,10,,,1,30,,3864,10,,,1,70,,3849,10,,,1,100,,3832,10,,,1,100,,3848,10,,,1,100,,3852,10,,,1,100,,3830,10,,,1,100,,3850,10,,,1,30,,3861,10,,,1,70,,3860,10,,,1,30,,3859,10,,,1,70,,3856,10,,,1,30,,3867,10,,,1,70,,3863,10,,,1
10501,'20',629,,3893,10,,,1,100,,3894,10,,,1,30,,3902,10,,,1,70,,3890,10,,,1,30,,3872,10,,,1,70,,3880,10,,,1,30,,3900,10,,,1,70,,3886,10,,,1,100,,3870,10,,,1,100,,3885,10,,,1,100,,3888,10,,,1,100,,3868,10,,,1,100,,3887,10,,,1,30,,3897,10,,,1,70,,3896,10,,,1,30,,3895,10,,,1,70,,3892,10,,,1,30,,3903,10,,,1,70,,3899,10,,,1
10501,'8',629,,3931,10,,,1,100,,3932,10,,,1,30,,3940,10,,,1,70,,3928,10,,,1,30,,3908,10,,,1,70,,3917,10,,,1,30,,3938,10,,,1,70,,3923,10,,,1,100,,3906,10,,,1,100,,3922,10,,,1,100,,3926,10,,,1,100,,3904,10,,,1,100,,3924,10,,,1,30,,3935,10,,,1,70,,3934,10,,,1,30,,3933,10,,,1,70,,3930,10,,,1,30,,3941,10,,,1,70,,3937,10,,,1
20501,'11',728,,6751,10,,,1,100,,6752,10,,,1,100,,6738,10,,,1,100,,2515,10,,,1,100,,6753,10,,,1,100,,6750,10,,,1,100,,6740,10,,,1,100,,6748,10,,,1,100,,6730,10,,,1,100,,6735,10,,,1,100,,6734,10,,,1,100,,6732,10,,,1,100,,6742,10,,,1,100,,6747,10,,,1
20501,'14',1928,,6756,10,,,1,100,,6762,10,,,1,100,,6755,10,,,1,100,,6760,10,,,1
20501,'18',1928,,6764,10,,,1,100,,6770,10,,,1,100,,6763,10,,,1,100,,6768,10,,,1
20501,'20',1928,,6772,10,,,1,100,,6778,10,,,1,100,,6771,10,,,1,100,,6776,10,,,1
20501,'4',728,,6803,10,,,1,100,,6804,10,,,1,100,,6789,10,,,1,100,,6796,10,,,1,100,,6805,10,,,1,100,,6802,10,,,1,100,,6791,10,,,1,100,,6800,10,,,1,100,,6780,10,,,1,100,,6786,10,,,1,100,,6785,10,,,1,100,,6783,10,,,1,100,,6793,10,,,1,100,,6799,10,,,1
20501,'8',1928,,6808,10,,,1,100,,6814,10,,,1,100,,6807,10,,,1,100,,6812,10,,,1
