11101,'14',622,,5112,8,,,1,30,,5103,8,,,1,70,,5114,8,,,1,30,,5119,8,,,1,70,,5107,8,,,1,30,,5102,8,,,1,70,,5110,8,,,1,30,,5118,8,,,1,70,,5120,8,,,1,30,,5108,8,,,1,70,,793,8,,,1,30,,5101,8,,,1,70,,5109,8,,,1,30,,5113,8,,,1,70,,5116,8,,,1,30,,5115,8,,,1,71,,5117,8,,,1,30,,5106,8,,,1,70,,5105,8,,,1,30,,5111,8,,,1,70,,5122,8,,,1,30,,453,8,,,1,70,,1216,8,,,1,30,,5121,8,,,1,70,,5104,8,,,1
11101,'18',622,,5136,8,,,1,30,,5126,8,,,1,70,,5138,8,,,1,30,,5144,8,,,1,70,,5130,8,,,1,30,,5124,8,,,1,70,,5133,8,,,1,30,,5143,8,,,1,70,,5145,8,,,1,30,,5131,8,,,1,70,,5140,8,,,1,30,,5123,8,,,1,70,,5132,8,,,1,30,,5137,8,,,1,70,,5141,8,,,1,30,,5139,8,,,1,71,,5142,8,,,1,30,,5129,8,,,1,70,,5128,8,,,1,30,,5135,8,,,1,70,,5147,8,,,1,30,,5125,8,,,1,70,,5134,8,,,1,30,,5146,8,,,1,70,,5127,8,,,1
11101,'20',622,,5158,8,,,1,30,,5149,8,,,1,70,,5160,8,,,1,30,,5167,8,,,1,70,,5150,8,,,1,30,,5148,8,,,1,70,,5155,8,,,1,30,,5165,8,,,1,70,,5168,8,,,1,30,,5157,8,,,1,70,,733,8,,,1,30,,5163,8,,,1,70,,5153,8,,,1,30,,5152,8,,,1,70,,5166,8,,,1,30,,510,8,,,1,71,,5164,8,,,1,30,,2557,8,,,1,70,,5161,8,,,1,30,,5151,8,,,1,70,,5154,8,,,1,30,,5156,8,,,1,70,,1864,8,,,1,30,,5162,8,,,1,70,,5159,8,,,1
11101,'8',622,,5181,8,,,1,30,,5170,8,,,1,70,,5184,8,,,1,30,,5192,8,,,1,70,,5171,8,,,1,30,,5169,8,,,1,70,,5176,8,,,1,30,,5190,8,,,1,70,,5193,8,,,1,30,,5179,8,,,1,70,,5188,8,,,1,30,,5187,8,,,1,70,,5174,8,,,1,30,,5173,8,,,1,70,,5191,8,,,1,30,,5178,8,,,1,71,,5189,8,,,1,30,,5183,8,,,1,70,,5185,8,,,1,30,,5172,8,,,1,70,,5175,8,,,1,30,,5177,8,,,1,70,,5180,8,,,1,30,,5186,8,,,1,70,,5182,8,,,1
21101,'11',722,,7590,8,,,1,30,,7598,8,,,1,70,,7592,8,,,1,30,,7591,8,,,1,70,,7577,8,,,1,30,,7597,8,,,1,70,,7594,8,,,1,30,,7600,8,,,1,70,,7578,8,,,1,30,,7589,8,,,1,70,,7595,8,,,1,30,,7581,8,,,1,70,,7593,8,,,1,30,,2377,8,,,1,70,,7596,8,,,1,30,,7601,8,,,1,70,,7576,8,,,1,30,,7582,8,,,1,70,,7588,8,,,1,30,,7586,8,,,1,70,,7587,8,,,1,30,,7583,8,,,1,70,,7579,8,,,1,30,,7580,8,,,1,70,,7599,8,,,1,30,,7584,8,,,1,70,,7585,8,,,1
21101,'14',1852,,7609,8,,,1,70,,7606,8,,,1,30,,7608,8,,,1,70,,596,8,,,1,30,,7603,8,,,1,70,,7604,8,,,1,30,,7602,8,,,1,70,,7605,8,,,1,30,,7607,8,,,1
21101,'18',1852,,7618,8,,,1,70,,7615,8,,,1,30,,7617,8,,,1,70,,7614,8,,,1,30,,7611,8,,,1,70,,7612,8,,,1,30,,7610,8,,,1,70,,7613,8,,,1,30,,7616,8,,,1
21101,'20',1852,,7623,8,,,1,70,,7624,8,,,1,30,,7626,8,,,1,70,,579,8,,,1,30,,7620,8,,,1,70,,7621,8,,,1,30,,7619,8,,,1,70,,7622,8,,,1,30,,7625,8,,,1
21101,'4',722,,7641,8,,,1,30,,7650,8,,,1,70,,7643,8,,,1,30,,7642,8,,,1,70,,7628,8,,,1,30,,7649,8,,,1,70,,7646,8,,,1,30,,7652,8,,,1,70,,7629,8,,,1,30,,7640,8,,,1,70,,7647,8,,,1,30,,7632,8,,,1,70,,7645,8,,,1,30,,7644,8,,,1,70,,7648,8,,,1,30,,7653,8,,,1,70,,7627,8,,,1,30,,7633,8,,,1,70,,7639,8,,,1,30,,7637,8,,,1,70,,7638,8,,,1,30,,7634,8,,,1,70,,7630,8,,,1,30,,7631,8,,,1,70,,7651,8,,,1,30,,7635,8,,,1,70,,7636,8,,,1
21101,'8',1852,,7659,8,,,1,70,,7660,8,,,1,30,,7662,8,,,1,70,,7658,8,,,1,30,,7655,8,,,1,70,,7656,8,,,1,30,,7654,8,,,1,70,,7657,8,,,1,30,,7661,8,,,1
