10500,'14',554,,3666,12,,,1,100,,3654,12,,,1,70,,3673,12,,,1,30,,3656,12,,,1,70,,3652,12,,,1,30,,3674,12,,,1,70,,3669,12,,,1,30,,3676,12,,,1,100,,3658,12,,,1,100,,67,12,,,1,100,,3655,12,,,1,100,,3681,12,,,1,100,,3670,12,,,1,70,,3663,12,,,1,30,,3677,12,,,1,70,,3672,12,,,1,30,,3675,12,,,1,70,,3659,12,,,1,30,,3651,12,,,1
10500,'18',554,,3702,12,,,1,100,,3689,12,,,1,70,,3711,12,,,1,30,,3691,12,,,1,70,,3687,12,,,1,30,,3712,12,,,1,70,,3706,12,,,1,30,,3714,12,,,1,100,,3693,12,,,1,100,,3701,12,,,1,100,,3690,12,,,1,100,,3719,12,,,1,100,,3708,12,,,1,70,,3698,12,,,1,30,,3715,12,,,1,70,,3710,12,,,1,30,,3713,12,,,1,70,,3694,12,,,1,30,,3686,12,,,1
10500,'20',554,,3738,12,,,1,100,,3726,12,,,1,70,,3746,12,,,1,30,,3728,12,,,1,70,,3725,12,,,1,30,,3747,12,,,1,70,,3741,12,,,1,30,,3749,12,,,1,100,,3730,12,,,1,100,,49,12,,,1,100,,3727,12,,,1,100,,3754,12,,,1,100,,3743,12,,,1,70,,3735,12,,,1,30,,3750,12,,,1,70,,3745,12,,,1,30,,3748,12,,,1,70,,3731,12,,,1,30,,3724,12,,,1
10500,'8',554,,3775,12,,,1,100,,3762,12,,,1,70,,3784,12,,,1,30,,3764,12,,,1,70,,3760,12,,,1,30,,3785,12,,,1,70,,3779,12,,,1,30,,3787,12,,,1,100,,3766,12,,,1,100,,3774,12,,,1,100,,3763,12,,,1,100,,3792,12,,,1,100,,3781,12,,,1,70,,3771,12,,,1,30,,3788,12,,,1,70,,3783,12,,,1,30,,3786,12,,,1,70,,3767,12,,,1,30,,3759,12,,,1
20500,'11',653,,6661,12,,,1,100,,6657,12,,,1,100,,6653,12,,,1,100,,6666,12,,,1,100,,6670,12,,,1,100,,2797,12,,,1,100,,6664,12,,,1,100,,6649,12,,,1,100,,6659,12,,,1,100,,6652,12,,,1,100,,6656,12,,,1,100,,6655,12,,,1,100,,6651,12,,,1,100,,6660,12,,,1
20500,'14',1853,,6675,12,,,1,100,,6674,12,,,1,100,,6676,12,,,1,100,,6673,12,,,1
20500,'18',1853,,6683,12,,,1,100,,6681,12,,,1,100,,6684,12,,,1,100,,6680,12,,,1
20500,'20',1853,,6690,12,,,1,100,,6689,12,,,1,100,,6691,12,,,1,100,,6688,12,,,1
20500,'4',653,,6710,12,,,1,100,,6706,12,,,1,100,,6702,12,,,1,100,,6716,12,,,1,100,,6720,12,,,1,100,,6697,12,,,1,100,,6714,12,,,1,100,,6698,12,,,1,100,,6708,12,,,1,100,,6701,12,,,1,100,,6705,12,,,1,100,,6704,12,,,1,100,,6700,12,,,1,100,,6709,12,,,1
20500,'8',1853,,6726,12,,,1,100,,6724,12,,,1,100,,6727,12,,,1,100,,6723,12,,,1
