10601,'14',614,,4011,23,,,1,100,,4014,23,,,1,30,,4018,23,,,1,70,,4007,23,,,1,30,,4016,23,,,1,70,,4022,23,,,1,100,,4019,23,,,1,100,,1560,23,,,1,100,,4008,23,,,1,100,,4020,23,,,1,100,,2330,23,,,1,30,,4010,23,,,1,70,,4021,23,,,1,30,,4009,23,,,1,70,,4017,23,,,1,30,,4006,23,,,1,70,,773,23,,,1,30,,4015,23,,,1,70,,4012,23,,,1
10601,'18',614,,4029,23,,,1,100,,4033,23,,,1,30,,4038,23,,,1,70,,4024,23,,,1,30,,4036,23,,,1,70,,4042,23,,,1,100,,4039,23,,,1,100,,4031,23,,,1,100,,4026,23,,,1,100,,4040,23,,,1,100,,4025,23,,,1,30,,4028,23,,,1,70,,4041,23,,,1,30,,4027,23,,,1,70,,4037,23,,,1,30,,4023,23,,,1,70,,4034,23,,,1,30,,4035,23,,,1,70,,4030,23,,,1
10601,'20',614,,4049,23,,,1,100,,4052,23,,,1,30,,4055,23,,,1,70,,4044,23,,,1,30,,4053,23,,,1,70,,4058,23,,,1,100,,4056,23,,,1,100,,1524,23,,,1,100,,4046,23,,,1,100,,1237,23,,,1,100,,4045,23,,,1,30,,4048,23,,,1,70,,4057,23,,,1,30,,4047,23,,,1,70,,4054,23,,,1,30,,4043,23,,,1,70,,713,23,,,1,30,,2265,23,,,1,70,,4050,23,,,1
10601,'8',614,,4065,23,,,1,100,,4069,23,,,1,30,,4074,23,,,1,70,,4060,23,,,1,30,,4072,23,,,1,70,,4078,23,,,1,100,,4075,23,,,1,100,,4067,23,,,1,100,,4062,23,,,1,100,,4076,23,,,1,100,,4061,23,,,1,30,,4064,23,,,1,70,,4077,23,,,1,30,,4063,23,,,1,70,,4073,23,,,1,30,,4059,23,,,1,70,,4070,23,,,1,30,,4071,23,,,1,70,,4066,23,,,1
11201,'14',721,,5238,9,,,1,100,,5237,9,,,1,100,,5242,9,,,1,100,,5233,9,,,1,100,,2656,9,,,1,100,,5243,9,,,1,100,,5234,9,,,1,100,,5235,9,,,1,100,,5248,9,,,1,100,,5239,9,,,1,100,,5244,9,,,1
11201,'18',721,,5259,9,,,1,100,,5258,9,,,1,100,,5263,9,,,1,100,,5251,9,,,1,100,,5252,9,,,1,100,,5264,9,,,1,100,,5253,9,,,1,100,,5254,9,,,1,100,,5270,9,,,1,100,,5260,9,,,1,100,,5265,9,,,1
11201,'20',721,,5290,9,,,1,100,,5274,9,,,1,100,,5292,9,,,1,100,,5273,9,,,1,100,,5275,9,,,1,100,,5283,9,,,1,100,,5276,9,,,1,100,,5277,9,,,1,100,,5287,9,,,1,100,,5279,9,,,1,100,,5284,9,,,1
11201,'8',721,,5312,9,,,1,100,,5294,9,,,1,100,,5314,9,,,1,100,,5293,9,,,1,100,,5295,9,,,1,100,,5304,9,,,1,100,,5296,9,,,1,100,,5297,9,,,1,100,,5309,9,,,1,100,,5300,9,,,1,100,,5305,9,,,1
20601,'11',713,,6942,13,,,1,30,,6950,13,,,1,70,,6946,13,,,1,30,,6920,13,,,1,70,,6928,13,,,1,30,,6925,13,,,1,70,,6945,13,,,1,30,,6921,13,,,1,70,,6919,13,,,1,30,,6944,13,,,1,70,,6953,13,,,1,30,,6905,13,,,1,70,,6951,13,,,1,30,,6936,13,,,1,70,,6923,13,,,1,30,,2818,13,,,1,70,,6931,13,,,1,30,,6948,13,,,1,70,,6917,13,,,1,30,,6916,13,,,1,70,,2502,13,,,1,30,,6924,13,,,1,70,,6930,13,,,1,30,,6955,13,,,1,70,,6912,13,,,1,30,,6918,13,,,1,70,,6933,13,,,1,30,,6927,13,,,1
20601,'14',1843,,6960,13,,,1,70,,6970,13,,,1,30,,6961,13,,,1,70,,1553,13,,,1,30,,6964,13,,,1,70,,6957,13,,,1,30,,6969,13,,,1,70,,6963,13,,,1,30,,6958,13,,,1,70,,6956,13,,,1
20601,'18',1843,,6978,13,,,1,70,,6990,13,,,1,30,,6979,13,,,1,70,,6983,13,,,1,30,,6982,13,,,1,70,,6974,13,,,1,30,,6989,13,,,1,70,,6981,13,,,1,30,,6976,13,,,1,70,,6973,13,,,1
20601,'20',1843,,6997,13,,,1,70,,7007,13,,,1,30,,6998,13,,,1,70,,1517,13,,,1,30,,7001,13,,,1,70,,6994,13,,,1,30,,7006,13,,,1,70,,7000,13,,,1,30,,6995,13,,,1,70,,6993,13,,,1
20601,'4',713,,7052,13,,,1,30,,7060,13,,,1,70,,7056,13,,,1,30,,7025,13,,,1,70,,7035,13,,,1,30,,7031,13,,,1,70,,7055,13,,,1,30,,7026,13,,,1,70,,7024,13,,,1,30,,7054,13,,,1,70,,7063,13,,,1,30,,7010,13,,,1,70,,7061,13,,,1,30,,7044,13,,,1,70,,7029,13,,,1,30,,7042,13,,,1,70,,7038,13,,,1,30,,7058,13,,,1,70,,7022,13,,,1,30,,7021,13,,,1,70,,7028,13,,,1,30,,7030,13,,,1,70,,7037,13,,,1,30,,7065,13,,,1,70,,7017,13,,,1,30,,7023,13,,,1,70,,7040,13,,,1,30,,7033,13,,,1
20601,'8',1843,,7071,13,,,1,70,,7083,13,,,1,30,,7072,13,,,1,70,,7076,13,,,1,30,,7075,13,,,1,70,,7067,13,,,1,30,,7082,13,,,1,70,,7074,13,,,1,30,,7069,13,,,1,70,,7066,13,,,1
