10601,'14',602,,4011,15,0,9 3 10,1,100,,4014,15,0,9 3 10,1,30,,4018,15,0,9 3 10,1,70,,4007,15,0,9 3 10,1,30,,4016,15,0,9 3 10,1,70,,4022,15,0,9 3 10,1,100,,4019,15,0,9 3 10,1,100,,1560,15,0,9 3 10,1,100,,4008,15,0,9 3 10,1,100,,4020,15,0,9 3 10,1,100,,2330,15,0,9 3 10,1,30,,4010,15,0,9 3 10,1,70,,4021,15,0,9 3 10,1,30,,4009,15,0,9 3 10,1,70,,4017,15,0,9 3 10,1,30,,4006,15,0,9 3 10,1,70,,773,15,0,9 3 10,1,30,,4015,15,0,9 3 10,1,70,,4012,15,0,9 3 10,1
10601,'18',602,,4029,15,0,9 3 10,1,100,,4033,15,0,9 3 10,1,30,,4038,15,0,9 3 10,1,70,,4024,15,0,9 3 10,1,30,,4036,15,0,9 3 10,1,70,,4042,15,0,9 3 10,1,100,,4039,15,0,9 3 10,1,100,,4031,15,0,9 3 10,1,100,,4026,15,0,9 3 10,1,100,,4040,15,0,9 3 10,1,100,,4025,15,0,9 3 10,1,30,,4028,15,0,9 3 10,1,70,,4041,15,0,9 3 10,1,30,,4027,15,0,9 3 10,1,70,,4037,15,0,9 3 10,1,30,,4023,15,0,9 3 10,1,70,,4034,15,0,9 3 10,1,30,,4035,15,0,9 3 10,1,70,,4030,15,0,9 3 10,1
10601,'20',602,,4049,15,0,9 3 10,1,100,,4052,15,0,9 3 10,1,30,,4055,15,0,9 3 10,1,70,,4044,15,0,9 3 10,1,30,,4053,15,0,9 3 10,1,70,,4058,15,0,9 3 10,1,100,,4056,15,0,9 3 10,1,100,,1524,15,0,9 3 10,1,100,,4046,15,0,9 3 10,1,100,,1237,15,0,9 3 10,1,100,,4045,15,0,9 3 10,1,30,,4048,15,0,9 3 10,1,70,,4057,15,0,9 3 10,1,30,,4047,15,0,9 3 10,1,70,,4054,15,0,9 3 10,1,30,,4043,15,0,9 3 10,1,70,,713,15,0,9 3 10,1,30,,2265,15,0,9 3 10,1,70,,4050,15,0,9 3 10,1
10601,'8',602,,4065,15,0,9 3 10,1,100,,4069,15,0,9 3 10,1,30,,4074,15,0,9 3 10,1,70,,4060,15,0,9 3 10,1,30,,4072,15,0,9 3 10,1,70,,4078,15,0,9 3 10,1,100,,4075,15,0,9 3 10,1,100,,4067,15,0,9 3 10,1,100,,4062,15,0,9 3 10,1,100,,4076,15,0,9 3 10,1,100,,4061,15,0,9 3 10,1,30,,4064,15,0,9 3 10,1,70,,4077,15,0,9 3 10,1,30,,4063,15,0,9 3 10,1,70,,4073,15,0,9 3 10,1,30,,4059,15,0,9 3 10,1,70,,4070,15,0,9 3 10,1,30,,4071,15,0,9 3 10,1,70,,4066,15,0,9 3 10,1
11201,'14',716,,5238,5,0,14 15 16,1,100,,5237,5,0,14 15 16,1,100,,5242,5,0,14 15 16,1,100,,5233,5,0,14 15 16,1,100,,2656,5,0,14 15 16,1,100,,5243,5,0,14 15 16,1,100,,5234,5,0,14 15 16,1,100,,5235,5,0,14 15 16,1,100,,5248,5,0,14 15 16,1,100,,5239,5,0,14 15 16,1,100,,5244,5,0,14 15 16,1
11201,'18',716,,5259,5,0,14 15 16,1,100,,5258,5,0,14 15 16,1,100,,5263,5,0,14 15 16,1,100,,5251,5,0,14 15 16,1,100,,5252,5,0,14 15 16,1,100,,5264,5,0,14 15 16,1,100,,5253,5,0,14 15 16,1,100,,5254,5,0,14 15 16,1,100,,5270,5,0,14 15 16,1,100,,5260,5,0,14 15 16,1,100,,5265,5,0,14 15 16,1
11201,'20',716,,5290,5,0,14 15 16,1,100,,5274,5,0,14 15 16,1,100,,5292,5,0,14 15 16,1,100,,5273,5,0,14 15 16,1,100,,5275,5,0,14 15 16,1,100,,5283,5,0,14 15 16,1,100,,5276,5,0,14 15 16,1,100,,5277,5,0,14 15 16,1,100,,5287,5,0,14 15 16,1,100,,5279,5,0,14 15 16,1,100,,5284,5,0,14 15 16,1
11201,'8',716,,5312,5,0,14 15 16,1,100,,5294,5,0,14 15 16,1,100,,5314,5,0,14 15 16,1,100,,5293,5,0,14 15 16,1,100,,5295,5,0,14 15 16,1,100,,5304,5,0,14 15 16,1,100,,5296,5,0,14 15 16,1,100,,5297,5,0,14 15 16,1,100,,5309,5,0,14 15 16,1,100,,5300,5,0,14 15 16,1,100,,5305,5,0,14 15 16,1
20601,'11',702,,6942,5,,,1,30,,6950,5,,,1,70,,6946,5,,,1,30,,6920,5,,,1,70,,6928,5,,,1,30,,6925,5,,,1,70,,6945,5,,,1,30,,6921,5,,,1,70,,6919,5,,,1,30,,6944,5,,,1,70,,6953,5,,,1,30,,6905,5,,,1,70,,6951,5,,,1,30,,6936,5,,,1,70,,6923,5,,,1,30,,2818,5,,,1,70,,6931,5,,,1,30,,6948,5,,,1,70,,6917,5,,,1,30,,6916,5,,,1,70,,2502,5,,,1,30,,6924,5,,,1,70,,6930,5,,,1,30,,6955,5,,,1,70,,6912,5,,,1,30,,6918,5,,,1,70,,6933,5,,,1,30,,6927,5,,,1
20601,'14',1832,,6960,5,,,1,70,,6970,5,,,1,30,,6961,5,,,1,70,,1553,5,,,1,30,,6964,5,,,1,70,,6957,5,,,1,30,,6969,5,,,1,70,,6963,5,,,1,30,,6958,5,,,1,70,,6956,5,,,1
20601,'18',1832,,6978,5,,,1,70,,6990,5,,,1,30,,6979,5,,,1,70,,6983,5,,,1,30,,6982,5,,,1,70,,6974,5,,,1,30,,6989,5,,,1,70,,6981,5,,,1,30,,6976,5,,,1,70,,6973,5,,,1
20601,'20',1832,,6997,5,,,1,70,,7007,5,,,1,30,,6998,5,,,1,70,,1517,5,,,1,30,,7001,5,,,1,70,,6994,5,,,1,30,,7006,5,,,1,70,,7000,5,,,1,30,,6995,5,,,1,70,,6993,5,,,1
20601,'4',702,,7052,5,,,1,30,,7060,5,,,1,70,,7056,5,,,1,30,,7025,5,,,1,70,,7035,5,,,1,30,,7031,5,,,1,70,,7055,5,,,1,30,,7026,5,,,1,70,,7024,5,,,1,30,,7054,5,,,1,70,,7063,5,,,1,30,,7010,5,,,1,70,,7061,5,,,1,30,,7044,5,,,1,70,,7029,5,,,1,30,,7042,5,,,1,70,,7038,5,,,1,30,,7058,5,,,1,70,,7022,5,,,1,30,,7021,5,,,1,70,,7028,5,,,1,30,,7030,5,,,1,70,,7037,5,,,1,30,,7065,5,,,1,70,,7017,5,,,1,30,,7023,5,,,1,70,,7040,5,,,1,30,,7033,5,,,1
20601,'8',1832,,7071,5,,,1,70,,7083,5,,,1,30,,7072,5,,,1,70,,7076,5,,,1,30,,7075,5,,,1,70,,7067,5,,,1,30,,7082,5,,,1,70,,7074,5,,,1,30,,7069,5,,,1,70,,7066,5,,,1
