11600,'14',640,,5859,6,0,21 22,1,70,,5870,6,0,21 22,1,30,,5842,6,0,21 22,1,70,,5846,6,0,21 22,1,30,,5865,6,0,21 22,1,70,,5838,6,0,21 22,1,30,,402,6,0,21 22,1,70,,5862,6,0,21 22,1,30,,5866,6,0,21 22,1,70,,5874,6,0,21 22,1,30,,5849,6,0,21 22,1,70,,5878,6,0,21 22,1,30,,5850,6,0,21 22,1,70,,5871,6,0,21 22,1,30,,5847,6,0,21 22,1,70,,5844,6,0,21 22,1,30,,5869,6,0,21 22,1,70,,5863,6,0,21 22,1,30,,5854,6,0,21 22,1,70,,627,6,0,21 22,1,30,,5843,6,0,21 22,1,70,,5851,6,0,21 22,1,30,,5839,6,0,21 22,1
11600,'18',640,,5904,6,0,21 22,1,70,,5916,6,0,21 22,1,30,,5884,6,0,21 22,1,70,,5888,6,0,21 22,1,30,,5911,6,0,21 22,1,70,,5880,6,0,21 22,1,30,,5908,6,0,21 22,1,70,,5907,6,0,21 22,1,30,,5912,6,0,21 22,1,70,,5920,6,0,21 22,1,30,,5892,6,0,21 22,1,70,,5924,6,0,21 22,1,30,,5893,6,0,21 22,1,70,,5917,6,0,21 22,1,30,,5889,6,0,21 22,1,70,,5886,6,0,21 22,1,30,,5915,6,0,21 22,1,70,,5909,6,0,21 22,1,30,,5899,6,0,21 22,1,70,,5896,6,0,21 22,1,30,,5885,6,0,21 22,1,70,,5894,6,0,21 22,1,30,,5881,6,0,21 22,1
11600,'20',640,,5947,6,0,21 22,1,70,,5958,6,0,21 22,1,30,,5930,6,0,21 22,1,70,,5934,6,0,21 22,1,30,,5953,6,0,21 22,1,70,,5926,6,0,21 22,1,30,,352,6,0,21 22,1,70,,5950,6,0,21 22,1,30,,5954,6,0,21 22,1,70,,5962,6,0,21 22,1,30,,5937,6,0,21 22,1,70,,5966,6,0,21 22,1,30,,5938,6,0,21 22,1,70,,5959,6,0,21 22,1,30,,5935,6,0,21 22,1,70,,5932,6,0,21 22,1,30,,5957,6,0,21 22,1,70,,5951,6,0,21 22,1,30,,5942,6,0,21 22,1,70,,607,6,0,21 22,1,30,,5931,6,0,21 22,1,70,,5939,6,0,21 22,1,30,,5927,6,0,21 22,1
11600,'8',640,,5992,6,0,21 22,1,70,,6004,6,0,21 22,1,30,,5972,6,0,21 22,1,70,,5976,6,0,21 22,1,30,,5999,6,0,21 22,1,70,,5968,6,0,21 22,1,30,,5996,6,0,21 22,1,70,,5995,6,0,21 22,1,30,,6000,6,0,21 22,1,70,,6008,6,0,21 22,1,30,,5980,6,0,21 22,1,70,,6012,6,0,21 22,1,30,,5981,6,0,21 22,1,70,,6005,6,0,21 22,1,30,,5977,6,0,21 22,1,70,,5974,6,0,21 22,1,30,,6003,6,0,21 22,1,70,,5997,6,0,21 22,1,30,,5987,6,0,21 22,1,70,,5984,6,0,21 22,1,30,,5973,6,0,21 22,1,70,,5982,6,0,21 22,1,30,,5969,6,0,21 22,1
21600,'11',710,,7922,6,0,21 22,1,30,,7962,6,0,21 22,1,70,,7944,6,0,21 22,1,30,,7924,6,0,21 22,1,70,,7945,6,0,21 22,1,30,,7929,6,0,21 22,1,70,,7958,6,0,21 22,1,30,,7965,6,0,21 22,1,70,,7931,6,0,21 22,1,30,,7955,6,0,21 22,1,70,,7913,6,0,21 22,1,30,,1971,6,0,21 22,1,70,,7950,6,0,21 22,1,30,,7941,6,0,21 22,1,70,,7916,6,0,21 22,1,30,,7928,6,0,21 22,1,70,,7938,6,0,21 22,1,30,,7957,6,0,21 22,1,70,,7946,6,0,21 22,1,30,,7921,6,0,21 22,1,70,,7940,6,0,21 22,1,30,,7949,6,0,21 22,1,70,,7926,6,0,21 22,1,30,,7915,6,0,21 22,1,70,,7964,6,0,21 22,1,30,,7943,6,0,21 22,1,70,,7963,6,0,21 22,1,30,,7966,6,0,21 22,1,70,,7917,6,0,21 22,1
21600,'14',1810,,7992,6,0,21 22,1,30,,7976,6,0,21 22,1,70,,7977,6,0,21 22,1,30,,7985,6,0,21 22,1,70,,7984,6,0,21 22,1,30,,7981,6,0,21 22,1,70,,7974,6,0,21 22,1,30,,7988,6,0,21 22,1,70,,7982,6,0,21 22,1,30,,7986,6,0,21 22,1,70,,7975,6,0,21 22,1,30,,7979,6,0,21 22,1
21600,'18',1810,,8016,6,0,21 22,1,30,,7999,6,0,21 22,1,70,,8000,6,0,21 22,1,30,,8009,6,0,21 22,1,70,,8008,6,0,21 22,1,30,,8005,6,0,21 22,1,70,,7997,6,0,21 22,1,30,,8012,6,0,21 22,1,70,,8006,6,0,21 22,1,30,,8010,6,0,21 22,1,70,,7998,6,0,21 22,1,30,,8002,6,0,21 22,1
21600,'20',1810,,8040,6,0,21 22,1,30,,8023,6,0,21 22,1,70,,8024,6,0,21 22,1,30,,8033,6,0,21 22,1,70,,8032,6,0,21 22,1,30,,8029,6,0,21 22,1,70,,8021,6,0,21 22,1,30,,8036,6,0,21 22,1,70,,8030,6,0,21 22,1,30,,8034,6,0,21 22,1,70,,8022,6,0,21 22,1,30,,8026,6,0,21 22,1
21600,'4',710,,8050,6,0,21 22,1,30,,8091,6,0,21 22,1,70,,8072,6,0,21 22,1,30,,8052,6,0,21 22,1,70,,8073,6,0,21 22,1,30,,8057,6,0,21 22,1,70,,8087,6,0,21 22,1,30,,8094,6,0,21 22,1,70,,8059,6,0,21 22,1,30,,8084,6,0,21 22,1,70,,8041,6,0,21 22,1,30,,8074,6,0,21 22,1,70,,8079,6,0,21 22,1,30,,8069,6,0,21 22,1,70,,8044,6,0,21 22,1,30,,8056,6,0,21 22,1,70,,8066,6,0,21 22,1,30,,8086,6,0,21 22,1,70,,8075,6,0,21 22,1,30,,8049,6,0,21 22,1,70,,8068,6,0,21 22,1,30,,8078,6,0,21 22,1,70,,8054,6,0,21 22,1,30,,8043,6,0,21 22,1,70,,8093,6,0,21 22,1,30,,8071,6,0,21 22,1,70,,8092,6,0,21 22,1,30,,8095,6,0,21 22,1,70,,8045,6,0,21 22,1
21600,'8',1810,,8122,6,0,21 22,1,30,,8105,6,0,21 22,1,70,,8106,6,0,21 22,1,30,,8115,6,0,21 22,1,70,,8114,6,0,21 22,1,30,,8111,6,0,21 22,1,70,,8103,6,0,21 22,1,30,,8118,6,0,21 22,1,70,,8112,6,0,21 22,1,30,,8116,6,0,21 22,1,70,,8104,6,0,21 22,1,30,,8108,6,0,21 22,1
