11301,'14',650,,5474,10,,,1,100,,2215,10,,,1,100,,5477,10,,,1,100,,5490,10,,,1,100,,5482,10,,,1,100,,5459,10,,,1,100,,5461,10,,,1,100,,5464,10,,,1,100,,5479,10,,,1,100,,5483,10,,,1,100,,5463,10,,,1,100,,5484,10,,,1,100,,5466,10,,,1
11301,'18',650,,5513,10,,,1,100,,5502,10,,,1,100,,5516,10,,,1,100,,5531,10,,,1,100,,5522,10,,,1,100,,5496,10,,,1,100,,5498,10,,,1,100,,5501,10,,,1,100,,5518,10,,,1,100,,5523,10,,,1,100,,5500,10,,,1,100,,5525,10,,,1,100,,5504,10,,,1
11301,'20',650,,5545,10,,,1,100,,2139,10,,,1,100,,5548,10,,,1,100,,5566,10,,,1,100,,5552,10,,,1,100,,5537,10,,,1,100,,5568,10,,,1,100,,5540,10,,,1,100,,5556,10,,,1,100,,5564,10,,,1,100,,5571,10,,,1,100,,5567,10,,,1,100,,5542,10,,,1
11301,'8',650,,5585,10,,,1,100,,5579,10,,,1,100,,5588,10,,,1,100,,5607,10,,,1,100,,5592,10,,,1,100,,5575,10,,,1,100,,5609,10,,,1,100,,5578,10,,,1,100,,5597,10,,,1,100,,5605,10,,,1,100,,5612,10,,,1,100,,5608,10,,,1,100,,5581,10,,,1
21301,'11',750,,7709,10,,,1,100,,7712,10,,,1,100,,7732,10,,,1,100,,7726,10,,,1,100,,7710,10,,,1,100,,7734,10,,,1,100,,7738,10,,,1,100,,7720,10,,,1,100,,7725,10,,,1,100,,7730,10,,,1,100,,7705,10,,,1,100,,7711,10,,,1,100,,7706,10,,,1
21301,'14',1950,,7743,10,,,1,100,,7747,10,,,1,100,,7750,10,,,1,100,,7749,10,,,1
21301,'18',1950,,7753,10,,,1,100,,7757,10,,,1,100,,7761,10,,,1,100,,7760,10,,,1
21301,'20',1950,,7764,10,,,1,100,,7768,10,,,1,100,,7771,10,,,1,100,,7770,10,,,1
21301,'4',750,,7779,10,,,1,100,,7782,10,,,1,100,,7803,10,,,1,100,,7797,10,,,1,100,,7780,10,,,1,100,,7805,10,,,1,100,,7809,10,,,1,100,,7790,10,,,1,100,,7796,10,,,1,100,,7801,10,,,1,100,,7775,10,,,1,100,,7781,10,,,1,100,,7776,10,,,1
21301,'8',1950,,7814,10,,,1,100,,7818,10,,,1,100,,7822,10,,,1,100,,7821,10,,,1
