10601,'14',600,,4011,12,,,1,100,,4014,12,,,1,30,,4018,12,,,1,70,,4007,12,,,1,30,,4016,12,,,1,70,,4022,12,,,1,100,,4019,12,,,1,100,,1560,12,,,1,100,,4008,12,,,1,100,,4020,12,,,1,100,,2330,12,,,1,30,,4010,12,,,1,70,,4021,12,,,1,30,,4009,12,,,1,70,,4017,12,,,1,30,,4006,12,,,1,70,,773,12,,,1,30,,4015,12,,,1,70,,4012,12,,,1
10601,'18',600,,4029,12,,,1,100,,4033,12,,,1,30,,4038,12,,,1,70,,4024,12,,,1,30,,4036,12,,,1,70,,4042,12,,,1,100,,4039,12,,,1,100,,4031,12,,,1,100,,4026,12,,,1,100,,4040,12,,,1,100,,4025,12,,,1,30,,4028,12,,,1,70,,4041,12,,,1,30,,4027,12,,,1,70,,4037,12,,,1,30,,4023,12,,,1,70,,4034,12,,,1,30,,4035,12,,,1,70,,4030,12,,,1
10601,'20',600,,4049,12,,,1,100,,4052,12,,,1,30,,4055,12,,,1,70,,4044,12,,,1,30,,4053,12,,,1,70,,4058,12,,,1,100,,4056,12,,,1,100,,1524,12,,,1,100,,4046,12,,,1,100,,1237,12,,,1,100,,4045,12,,,1,30,,4048,12,,,1,70,,4057,12,,,1,30,,4047,12,,,1,70,,4054,12,,,1,30,,4043,12,,,1,70,,713,12,,,1,30,,2265,12,,,1,70,,4050,12,,,1
10601,'8',600,,4065,12,,,1,100,,4069,12,,,1,30,,4074,12,,,1,70,,4060,12,,,1,30,,4072,12,,,1,70,,4078,12,,,1,100,,4075,12,,,1,100,,4067,12,,,1,100,,4062,12,,,1,100,,4076,12,,,1,100,,4061,12,,,1,30,,4064,12,,,1,70,,4077,12,,,1,30,,4063,12,,,1,70,,4073,12,,,1,30,,4059,12,,,1,70,,4070,12,,,1,30,,4071,12,,,1,70,,4066,12,,,1
11201,'14',715,,5238,2,,,1,100,,5237,2,,,1,100,,5242,2,,,1,100,,5233,2,,,1,100,,2656,2,,,1,100,,5243,2,,,1,100,,5234,2,,,1,100,,5235,2,,,1,100,,5248,2,,,1,100,,5239,2,,,1,100,,5244,2,,,1
11201,'18',715,,5259,2,,,1,100,,5258,2,,,1,100,,5263,2,,,1,100,,5251,2,,,1,100,,5252,2,,,1,100,,5264,2,,,1,100,,5253,2,,,1,100,,5254,2,,,1,100,,5270,2,,,1,100,,5260,2,,,1,100,,5265,2,,,1
11201,'20',715,,5290,2,,,1,100,,5274,2,,,1,100,,5292,2,,,1,100,,5273,2,,,1,100,,5275,2,,,1,100,,5283,2,,,1,100,,5276,2,,,1,100,,5277,2,,,1,100,,5287,2,,,1,100,,5279,2,,,1,100,,5284,2,,,1
11201,'8',715,,5312,2,,,1,100,,5294,2,,,1,100,,5314,2,,,1,100,,5293,2,,,1,100,,5295,2,,,1,100,,5304,2,,,1,100,,5296,2,,,1,100,,5297,2,,,1,100,,5309,2,,,1,100,,5300,2,,,1,100,,5305,2,,,1
20601,'11',700,,6942,2,,,1,30,,6950,2,,,1,70,,6946,2,,,1,30,,6920,2,,,1,70,,6928,2,,,1,30,,6925,2,,,1,70,,6945,2,,,1,30,,6921,2,,,1,70,,6919,2,,,1,30,,6944,2,,,1,70,,6953,2,,,1,30,,6905,2,,,1,70,,6951,2,,,1,30,,6936,2,,,1,70,,6923,2,,,1,30,,2818,2,,,1,70,,6931,2,,,1,30,,6948,2,,,1,70,,6917,2,,,1,30,,6916,2,,,1,70,,2502,2,,,1,30,,6924,2,,,1,70,,6930,2,,,1,30,,6955,2,,,1,70,,6912,2,,,1,30,,6918,2,,,1,70,,6933,2,,,1,30,,6927,2,,,1
20601,'14',1830,,6960,2,,,1,70,,6970,2,,,1,30,,6961,2,,,1,70,,1553,2,,,1,30,,6964,2,,,1,70,,6957,2,,,1,30,,6969,2,,,1,70,,6963,2,,,1,30,,6958,2,,,1,70,,6956,2,,,1
20601,'18',1830,,6978,2,,,1,70,,6990,2,,,1,30,,6979,2,,,1,70,,6983,2,,,1,30,,6982,2,,,1,70,,6974,2,,,1,30,,6989,2,,,1,70,,6981,2,,,1,30,,6976,2,,,1,70,,6973,2,,,1
20601,'20',1830,,6997,2,,,1,70,,7007,2,,,1,30,,6998,2,,,1,70,,1517,2,,,1,30,,7001,2,,,1,70,,6994,2,,,1,30,,7006,2,,,1,70,,7000,2,,,1,30,,6995,2,,,1,70,,6993,2,,,1
20601,'4',700,,7052,2,,,1,30,,7060,2,,,1,70,,7056,2,,,1,30,,7025,2,,,1,70,,7035,2,,,1,30,,7031,2,,,1,70,,7055,2,,,1,30,,7026,2,,,1,70,,7024,2,,,1,30,,7054,2,,,1,70,,7063,2,,,1,30,,7010,2,,,1,70,,7061,2,,,1,30,,7044,2,,,1,70,,7029,2,,,1,30,,7042,2,,,1,70,,7038,2,,,1,30,,7058,2,,,1,70,,7022,2,,,1,30,,7021,2,,,1,70,,7028,2,,,1,30,,7030,2,,,1,70,,7037,2,,,1,30,,7065,2,,,1,70,,7017,2,,,1,30,,7023,2,,,1,70,,7040,2,,,1,30,,7033,2,,,1
20601,'8',1830,,7071,2,,,1,70,,7083,2,,,1,30,,7072,2,,,1,70,,7076,2,,,1,30,,7075,2,,,1,70,,7067,2,,,1,30,,7082,2,,,1,70,,7074,2,,,1,30,,7069,2,,,1,70,,7066,2,,,1
