11601,'14',609,,6042,5,0,9 3 10 16,1,30,,6019,5,0,9 3 10 16,1,70,,6021,5,0,9 3 10 16,1,30,,6051,5,0,9 3 10 16,1,70,,6043,5,0,9 3 10 16,1,30,,262,5,0,9 3 10 16,1,70,,6018,5,0,9 3 10 16,1,30,,6035,5,0,9 3 10 16,1,70,,6027,5,0,9 3 10 16,1,30,,6053,5,0,9 3 10 16,1,70,,6047,5,0,9 3 10 16,1,30,,6046,5,0,9 3 10 16,1,70,,6024,5,0,9 3 10 16,1,30,,6031,5,0,9 3 10 16,1,70,,6044,5,0,9 3 10 16,1,30,,1209,5,0,9 3 10 16,1,70,,6020,5,0,9 3 10 16,1,30,,6032,5,0,9 3 10 16,1,70,,6052,5,0,9 3 10 16,1,30,,6040,5,0,9 3 10 16,1,70,,6034,5,0,9 3 10 16,1,30,,6033,5,0,9 3 10 16,1,70,,6026,5,0,9 3 10 16,1,30,,6025,5,0,9 3 10 16,1
11601,'18',609,,6089,5,0,9 3 10 16,1,30,,6062,5,0,9 3 10 16,1,70,,6064,5,0,9 3 10 16,1,30,,6099,5,0,9 3 10 16,1,70,,6090,5,0,9 3 10 16,1,30,,6092,5,0,9 3 10 16,1,70,,6061,5,0,9 3 10 16,1,30,,6081,5,0,9 3 10 16,1,70,,6071,5,0,9 3 10 16,1,30,,6101,5,0,9 3 10 16,1,70,,6095,5,0,9 3 10 16,1,30,,6094,5,0,9 3 10 16,1,70,,6068,5,0,9 3 10 16,1,30,,6076,5,0,9 3 10 16,1,70,,6091,5,0,9 3 10 16,1,30,,6067,5,0,9 3 10 16,1,70,,6063,5,0,9 3 10 16,1,30,,6077,5,0,9 3 10 16,1,70,,6100,5,0,9 3 10 16,1,30,,6087,5,0,9 3 10 16,1,70,,6080,5,0,9 3 10 16,1,30,,6078,5,0,9 3 10 16,1,70,,6070,5,0,9 3 10 16,1,30,,6069,5,0,9 3 10 16,1
11601,'20',609,,6132,5,0,9 3 10 16,1,30,,6109,5,0,9 3 10 16,1,70,,6111,5,0,9 3 10 16,1,30,,6141,5,0,9 3 10 16,1,70,,6133,5,0,9 3 10 16,1,30,,242,5,0,9 3 10 16,1,70,,6108,5,0,9 3 10 16,1,30,,6124,5,0,9 3 10 16,1,70,,6118,5,0,9 3 10 16,1,30,,6143,5,0,9 3 10 16,1,70,,6137,5,0,9 3 10 16,1,30,,6136,5,0,9 3 10 16,1,70,,6115,5,0,9 3 10 16,1,30,,6121,5,0,9 3 10 16,1,70,,6134,5,0,9 3 10 16,1,30,,6114,5,0,9 3 10 16,1,70,,6110,5,0,9 3 10 16,1,30,,1189,5,0,9 3 10 16,1,70,,6142,5,0,9 3 10 16,1,30,,6130,5,0,9 3 10 16,1,70,,6123,5,0,9 3 10 16,1,30,,6122,5,0,9 3 10 16,1,70,,6117,5,0,9 3 10 16,1,30,,6116,5,0,9 3 10 16,1
11601,'8',609,,6179,5,0,9 3 10 16,1,30,,6152,5,0,9 3 10 16,1,70,,6154,5,0,9 3 10 16,1,30,,6189,5,0,9 3 10 16,1,70,,6180,5,0,9 3 10 16,1,30,,6182,5,0,9 3 10 16,1,70,,6151,5,0,9 3 10 16,1,30,,6171,5,0,9 3 10 16,1,70,,6161,5,0,9 3 10 16,1,30,,6191,5,0,9 3 10 16,1,70,,6185,5,0,9 3 10 16,1,30,,6184,5,0,9 3 10 16,1,70,,6158,5,0,9 3 10 16,1,30,,6166,5,0,9 3 10 16,1,70,,6181,5,0,9 3 10 16,1,30,,6157,5,0,9 3 10 16,1,70,,6153,5,0,9 3 10 16,1,30,,6167,5,0,9 3 10 16,1,70,,6190,5,0,9 3 10 16,1,30,,6177,5,0,9 3 10 16,1,70,,6170,5,0,9 3 10 16,1,30,,6168,5,0,9 3 10 16,1,70,,6160,5,0,9 3 10 16,1,30,,6159,5,0,9 3 10 16,1
21601,'11',639,,8171,5,0,9 3 10 16,1,70,,8153,5,0,9 3 10 16,1,30,,8160,5,0,9 3 10 16,1,70,,8148,5,0,9 3 10 16,1,30,,8155,5,0,9 3 10 16,1,70,,8173,5,0,9 3 10 16,1,30,,8147,5,0,9 3 10 16,1,70,,8150,5,0,9 3 10 16,1,30,,8125,5,0,9 3 10 16,1,70,,8169,5,0,9 3 10 16,1,30,,8143,5,0,9 3 10 16,1,70,,8158,5,0,9 3 10 16,1,30,,8165,5,0,9 3 10 16,1,70,,8178,5,0,9 3 10 16,1,30,,8170,5,0,9 3 10 16,1,70,,8167,5,0,9 3 10 16,1,30,,8137,5,0,9 3 10 16,1,70,,8152,5,0,9 3 10 16,1,30,,8133,5,0,9 3 10 16,1,70,,8142,5,0,9 3 10 16,1,30,,8151,5,0,9 3 10 16,1,70,,8132,5,0,9 3 10 16,1,30,,8177,5,0,9 3 10 16,1,70,,8145,5,0,9 3 10 16,1,30,,8179,5,0,9 3 10 16,1,70,,2575,5,0,9 3 10 16,1,30,,8130,5,0,9 3 10 16,1,70,,8140,5,0,9 3 10 16,1,30,,8164,5,0,9 3 10 16,1
21601,'14',1809,,8184,5,0,9 3 10 16,1,30,,8196,5,0,9 3 10 16,1,70,,8189,5,0,9 3 10 16,1,30,,8186,5,0,9 3 10 16,1,70,,1655,5,0,9 3 10 16,1,30,,8187,5,0,9 3 10 16,1,70,,8198,5,0,9 3 10 16,1,30,,8192,5,0,9 3 10 16,1,70,,8194,5,0,9 3 10 16,1,30,,8181,5,0,9 3 10 16,1,70,,8195,5,0,9 3 10 16,1
21601,'18',1809,,8205,5,0,9 3 10 16,1,30,,8218,5,0,9 3 10 16,1,70,,8210,5,0,9 3 10 16,1,30,,8207,5,0,9 3 10 16,1,70,,8215,5,0,9 3 10 16,1,30,,8208,5,0,9 3 10 16,1,70,,8220,5,0,9 3 10 16,1,30,,8213,5,0,9 3 10 16,1,70,,8216,5,0,9 3 10 16,1,30,,8202,5,0,9 3 10 16,1,70,,8217,5,0,9 3 10 16,1
21601,'20',1809,,8226,5,0,9 3 10 16,1,30,,8238,5,0,9 3 10 16,1,70,,8231,5,0,9 3 10 16,1,30,,8228,5,0,9 3 10 16,1,70,,1609,5,0,9 3 10 16,1,30,,8229,5,0,9 3 10 16,1,70,,8240,5,0,9 3 10 16,1,30,,8234,5,0,9 3 10 16,1,70,,8236,5,0,9 3 10 16,1,30,,8223,5,0,9 3 10 16,1,70,,8237,5,0,9 3 10 16,1
21601,'4',639,,8291,5,0,9 3 10 16,1,70,,8273,5,0,9 3 10 16,1,30,,8280,5,0,9 3 10 16,1,70,,8267,5,0,9 3 10 16,1,30,,8275,5,0,9 3 10 16,1,70,,8293,5,0,9 3 10 16,1,30,,8266,5,0,9 3 10 16,1,70,,8270,5,0,9 3 10 16,1,30,,8244,5,0,9 3 10 16,1,70,,8289,5,0,9 3 10 16,1,30,,8262,5,0,9 3 10 16,1,70,,8278,5,0,9 3 10 16,1,30,,8285,5,0,9 3 10 16,1,70,,8298,5,0,9 3 10 16,1,30,,8290,5,0,9 3 10 16,1,70,,8287,5,0,9 3 10 16,1,30,,8256,5,0,9 3 10 16,1,70,,8272,5,0,9 3 10 16,1,30,,8252,5,0,9 3 10 16,1,70,,8261,5,0,9 3 10 16,1,30,,8271,5,0,9 3 10 16,1,70,,8251,5,0,9 3 10 16,1,30,,8297,5,0,9 3 10 16,1,70,,8264,5,0,9 3 10 16,1,30,,8299,5,0,9 3 10 16,1,70,,8268,5,0,9 3 10 16,1,30,,8249,5,0,9 3 10 16,1,70,,8259,5,0,9 3 10 16,1,30,,8284,5,0,9 3 10 16,1
21601,'8',1809,,8305,5,0,9 3 10 16,1,30,,8318,5,0,9 3 10 16,1,70,,8310,5,0,9 3 10 16,1,30,,8307,5,0,9 3 10 16,1,70,,8315,5,0,9 3 10 16,1,30,,8308,5,0,9 3 10 16,1,70,,8320,5,0,9 3 10 16,1,30,,8313,5,0,9 3 10 16,1,70,,8316,5,0,9 3 10 16,1,30,,8302,5,0,9 3 10 16,1,70,,8317,5,0,9 3 10 16,1
