10700,'12',634,,9226,7,0,5 6,1,100,,9232,7,0,5 6,1,70,,9220,7,0,5 6,1,30,,9234,7,0,5 6,1,70,,9236,7,0,5 6,1,30,,9229,7,0,5 6,1,100,,9228,7,0,5 6,1,100,,9225,7,0,5 6,1,100,,9223,7,0,5 6,1,100,,6104,7,0,5 6,1,100,,9233,7,0,5 6,1,70,,3266,7,0,5 6,1,30,,9221,7,0,5 6,1,70,,9224,7,0,5 6,1,30,,9230,7,0,5 6,1,70,,9231,7,0,5 6,1,30,,9222,7,0,5 6,1,70,,9227,7,0,5 6,1,30,,9235,7,0,5 6,1
10700,'5',634,,9244,7,0,5 6,1,100,,9250,7,0,5 6,1,70,,9238,7,0,5 6,1,30,,9252,7,0,5 6,1,70,,9254,7,0,5 6,1,30,,9247,7,0,5 6,1,100,,9246,7,0,5 6,1,100,,9243,7,0,5 6,1,100,,9241,7,0,5 6,1,100,,9237,7,0,5 6,1,100,,9251,7,0,5 6,1,70,,9255,7,0,5 6,1,30,,9239,7,0,5 6,1,70,,9242,7,0,5 6,1,30,,9248,7,0,5 6,1,70,,9249,7,0,5 6,1,30,,9240,7,0,5 6,1,70,,9245,7,0,5 6,1,30,,9253,7,0,5 6,1
10700,'9',634,,9262,7,0,5 6,1,100,,9268,7,0,5 6,1,70,,9256,7,0,5 6,1,30,,9270,7,0,5 6,1,70,,9272,7,0,5 6,1,30,,9265,7,0,5 6,1,100,,9264,7,0,5 6,1,100,,9261,7,0,5 6,1,100,,9259,7,0,5 6,1,100,,6014,7,0,5 6,1,100,,9269,7,0,5 6,1,70,,3231,7,0,5 6,1,30,,9257,7,0,5 6,1,70,,9260,7,0,5 6,1,30,,9266,7,0,5 6,1,70,,9267,7,0,5 6,1,30,,9258,7,0,5 6,1,70,,9263,7,0,5 6,1,30,,9271,7,0,5 6,1
11000,'12',635,,9762,9,,,1,70,,9761,9,,,1,30,,3741,9,,,1,70,,9752,9,,,1,30,,9767,9,,,1,70,,9766,9,,,1,30,,9764,9,,,1,70,,3331,9,,,1,30,,9758,9,,,1,70,,9769,9,,,1,30,,9770,9,,,1,70,,9750,9,,,1,30,,4615,9,,,1,70,,9768,9,,,1,30,,9757,9,,,1,70,,9755,9,,,1,30,,9759,9,,,1,70,,9765,9,,,1,30,,9754,9,,,1,70,,9771,9,,,1,30,,9751,9,,,1,70,,9753,9,,,1,30,,9763,9,,,1,70,,9756,9,,,1,30,,9760,9,,,1
11000,'5',635,,9785,9,,,1,70,,9784,9,,,1,30,,9793,9,,,1,70,,9774,9,,,1,30,,9791,9,,,1,70,,9790,9,,,1,30,,9787,9,,,1,70,,9777,9,,,1,30,,9781,9,,,1,70,,9794,9,,,1,30,,9795,9,,,1,70,,9772,9,,,1,30,,9789,9,,,1,70,,9792,9,,,1,30,,9780,9,,,1,70,,9778,9,,,1,30,,9782,9,,,1,70,,9788,9,,,1,30,,9776,9,,,1,70,,9796,9,,,1,30,,9773,9,,,1,70,,9775,9,,,1,30,,9786,9,,,1,70,,9779,9,,,1,30,,9783,9,,,1
11000,'9',635,,9809,9,,,1,70,,9808,9,,,1,30,,3669,9,,,1,70,,9799,9,,,1,30,,9813,9,,,1,70,,9812,9,,,1,30,,9811,9,,,1,70,,3293,9,,,1,30,,9805,9,,,1,70,,9815,9,,,1,30,,9816,9,,,1,70,,9797,9,,,1,30,,4591,9,,,1,70,,9814,9,,,1,30,,9804,9,,,1,70,,9802,9,,,1,30,,9806,9,,,1,70,,4397,9,,,1,30,,9801,9,,,1,70,,9817,9,,,1,30,,9798,9,,,1,70,,9800,9,,,1,30,,9810,9,,,1,70,,9803,9,,,1,30,,9807,9,,,1
21000,'12',1903,,11408,7,,,1,30,,11402,7,,,1,70,,11410,7,,,1,30,,11406,7,,,1,70,,11405,7,,,1,30,,11403,7,,,1,70,,11404,7,,,1,30,,11407,7,,,1,70,,11409,7,,,1
21000,'5',1903,,11417,7,,,1,30,,11411,7,,,1,70,,11419,7,,,1,30,,11415,7,,,1,70,,11414,7,,,1,30,,11412,7,,,1,70,,11413,7,,,1,30,,11416,7,,,1,70,,11418,7,,,1
21000,'7',733,,11420,7,,,1,70,,11435,7,,,1,30,,11430,7,,,1,70,,11440,7,,,1,30,,7874,7,,,1,70,,11438,7,,,1,30,,11439,7,,,1,70,,11441,7,,,1,30,,11428,7,,,1,70,,11425,7,,,1,30,,11434,7,,,1,70,,11431,7,,,1,30,,11436,7,,,1,70,,11443,7,,,1,30,,11433,7,,,1,70,,11429,7,,,1,30,,6935,7,,,1,70,,11423,7,,,1,30,,11432,7,,,1,70,,11426,7,,,1,30,,11421,7,,,1,70,,11422,7,,,1,30,,11427,7,,,1,70,,11442,7,,,1,30,,11424,7,,,1,70,,11444,7,,,1,30,,11437,7,,,1
21000,'9',1903,,11451,7,,,1,30,,11445,7,,,1,70,,11453,7,,,1,30,,11449,7,,,1,70,,11448,7,,,1,30,,11446,7,,,1,70,,11447,7,,,1,30,,11450,7,,,1,70,,11452,7,,,1
