11101,'14',623,,5112,10,,,1,30,,5103,10,,,1,70,,5114,10,,,1,30,,5119,10,,,1,70,,5107,10,,,1,30,,5102,10,,,1,70,,5110,10,,,1,30,,5118,10,,,1,70,,5120,10,,,1,30,,5108,10,,,1,70,,793,10,,,1,30,,5101,10,,,1,70,,5109,10,,,1,30,,5113,10,,,1,70,,5116,10,,,1,30,,5115,10,,,1,71,,5117,10,,,1,30,,5106,10,,,1,70,,5105,10,,,1,30,,5111,10,,,1,70,,5122,10,,,1,30,,453,10,,,1,70,,1216,10,,,1,30,,5121,10,,,1,70,,5104,10,,,1
11101,'18',623,,5136,10,,,1,30,,5126,10,,,1,70,,5138,10,,,1,30,,5144,10,,,1,70,,5130,10,,,1,30,,5124,10,,,1,70,,5133,10,,,1,30,,5143,10,,,1,70,,5145,10,,,1,30,,5131,10,,,1,70,,5140,10,,,1,30,,5123,10,,,1,70,,5132,10,,,1,30,,5137,10,,,1,70,,5141,10,,,1,30,,5139,10,,,1,71,,5142,10,,,1,30,,5129,10,,,1,70,,5128,10,,,1,30,,5135,10,,,1,70,,5147,10,,,1,30,,5125,10,,,1,70,,5134,10,,,1,30,,5146,10,,,1,70,,5127,10,,,1
11101,'20',623,,5158,10,,,1,30,,5149,10,,,1,70,,5160,10,,,1,30,,5167,10,,,1,70,,5150,10,,,1,30,,5148,10,,,1,70,,5155,10,,,1,30,,5165,10,,,1,70,,5168,10,,,1,30,,5157,10,,,1,70,,733,10,,,1,30,,5163,10,,,1,70,,5153,10,,,1,30,,5152,10,,,1,70,,5166,10,,,1,30,,510,10,,,1,71,,5164,10,,,1,30,,2557,10,,,1,70,,5161,10,,,1,30,,5151,10,,,1,70,,5154,10,,,1,30,,5156,10,,,1,70,,1864,10,,,1,30,,5162,10,,,1,70,,5159,10,,,1
11101,'8',623,,5181,10,,,1,30,,5170,10,,,1,70,,5184,10,,,1,30,,5192,10,,,1,70,,5171,10,,,1,30,,5169,10,,,1,70,,5176,10,,,1,30,,5190,10,,,1,70,,5193,10,,,1,30,,5179,10,,,1,70,,5188,10,,,1,30,,5187,10,,,1,70,,5174,10,,,1,30,,5173,10,,,1,70,,5191,10,,,1,30,,5178,10,,,1,71,,5189,10,,,1,30,,5183,10,,,1,70,,5185,10,,,1,30,,5172,10,,,1,70,,5175,10,,,1,30,,5177,10,,,1,70,,5180,10,,,1,30,,5186,10,,,1,70,,5182,10,,,1
21101,'11',723,,7590,10,,,1,30,,7598,10,,,1,70,,7592,10,,,1,30,,7591,10,,,1,70,,7577,10,,,1,30,,7597,10,,,1,70,,7594,10,,,1,30,,7600,10,,,1,70,,7578,10,,,1,30,,7589,10,,,1,70,,7595,10,,,1,30,,7581,10,,,1,70,,7593,10,,,1,30,,2377,10,,,1,70,,7596,10,,,1,30,,7601,10,,,1,70,,7576,10,,,1,30,,7582,10,,,1,70,,7588,10,,,1,30,,7586,10,,,1,70,,7587,10,,,1,30,,7583,10,,,1,70,,7579,10,,,1,30,,7580,10,,,1,70,,7599,10,,,1,30,,7584,10,,,1,70,,7585,10,,,1
21101,'14',1853,,7609,10,,,1,70,,7606,10,,,1,30,,7608,10,,,1,70,,596,10,,,1,30,,7603,10,,,1,70,,7604,10,,,1,30,,7602,10,,,1,70,,7605,10,,,1,30,,7607,10,,,1
21101,'18',1853,,7618,10,,,1,70,,7615,10,,,1,30,,7617,10,,,1,70,,7614,10,,,1,30,,7611,10,,,1,70,,7612,10,,,1,30,,7610,10,,,1,70,,7613,10,,,1,30,,7616,10,,,1
21101,'20',1853,,7623,10,,,1,70,,7624,10,,,1,30,,7626,10,,,1,70,,579,10,,,1,30,,7620,10,,,1,70,,7621,10,,,1,30,,7619,10,,,1,70,,7622,10,,,1,30,,7625,10,,,1
21101,'4',723,,7641,10,,,1,30,,7650,10,,,1,70,,7643,10,,,1,30,,7642,10,,,1,70,,7628,10,,,1,30,,7649,10,,,1,70,,7646,10,,,1,30,,7652,10,,,1,70,,7629,10,,,1,30,,7640,10,,,1,70,,7647,10,,,1,30,,7632,10,,,1,70,,7645,10,,,1,30,,7644,10,,,1,70,,7648,10,,,1,30,,7653,10,,,1,70,,7627,10,,,1,30,,7633,10,,,1,70,,7639,10,,,1,30,,7637,10,,,1,70,,7638,10,,,1,30,,7634,10,,,1,70,,7630,10,,,1,30,,7631,10,,,1,70,,7651,10,,,1,30,,7635,10,,,1,70,,7636,10,,,1
21101,'8',1853,,7659,10,,,1,70,,7660,10,,,1,30,,7662,10,,,1,70,,7658,10,,,1,30,,7655,10,,,1,70,,7656,10,,,1,30,,7654,10,,,1,70,,7657,10,,,1,30,,7661,10,,,1
