10500,'14',551,,3666,7,,,1,100,,3654,7,,,1,70,,3673,7,,,1,30,,3656,7,,,1,70,,3652,7,,,1,30,,3674,7,,,1,70,,3669,7,,,1,30,,3676,7,,,1,100,,3658,7,,,1,100,,67,7,,,1,100,,3655,7,,,1,100,,3681,7,,,1,100,,3670,7,,,1,70,,3663,7,,,1,30,,3677,7,,,1,70,,3672,7,,,1,30,,3675,7,,,1,70,,3659,7,,,1,30,,3651,7,,,1
10500,'18',551,,3702,7,,,1,100,,3689,7,,,1,70,,3711,7,,,1,30,,3691,7,,,1,70,,3687,7,,,1,30,,3712,7,,,1,70,,3706,7,,,1,30,,3714,7,,,1,100,,3693,7,,,1,100,,3701,7,,,1,100,,3690,7,,,1,100,,3719,7,,,1,100,,3708,7,,,1,70,,3698,7,,,1,30,,3715,7,,,1,70,,3710,7,,,1,30,,3713,7,,,1,70,,3694,7,,,1,30,,3686,7,,,1
10500,'20',551,,3738,7,,,1,100,,3726,7,,,1,70,,3746,7,,,1,30,,3728,7,,,1,70,,3725,7,,,1,30,,3747,7,,,1,70,,3741,7,,,1,30,,3749,7,,,1,100,,3730,7,,,1,100,,49,7,,,1,100,,3727,7,,,1,100,,3754,7,,,1,100,,3743,7,,,1,70,,3735,7,,,1,30,,3750,7,,,1,70,,3745,7,,,1,30,,3748,7,,,1,70,,3731,7,,,1,30,,3724,7,,,1
10500,'8',551,,3775,7,,,1,100,,3762,7,,,1,70,,3784,7,,,1,30,,3764,7,,,1,70,,3760,7,,,1,30,,3785,7,,,1,70,,3779,7,,,1,30,,3787,7,,,1,100,,3766,7,,,1,100,,3774,7,,,1,100,,3763,7,,,1,100,,3792,7,,,1,100,,3781,7,,,1,70,,3771,7,,,1,30,,3788,7,,,1,70,,3783,7,,,1,30,,3786,7,,,1,70,,3767,7,,,1,30,,3759,7,,,1
20500,'11',651,,6661,7,,,1,100,,6657,7,,,1,100,,6653,7,,,1,100,,6666,7,,,1,100,,6670,7,,,1,100,,2797,7,,,1,100,,6664,7,,,1,100,,6649,7,,,1,100,,6659,7,,,1,100,,6652,7,,,1,100,,6656,7,,,1,100,,6655,7,,,1,100,,6651,7,,,1,100,,6660,7,,,1
20500,'14',1851,,6675,7,,,1,100,,6674,7,,,1,100,,6676,7,,,1,100,,6673,7,,,1
20500,'18',1851,,6683,7,,,1,100,,6681,7,,,1,100,,6684,7,,,1,100,,6680,7,,,1
20500,'20',1851,,6690,7,,,1,100,,6689,7,,,1,100,,6691,7,,,1,100,,6688,7,,,1
20500,'4',651,,6710,7,,,1,100,,6706,7,,,1,100,,6702,7,,,1,100,,6716,7,,,1,100,,6720,7,,,1,100,,6697,7,,,1,100,,6714,7,,,1,100,,6698,7,,,1,100,,6708,7,,,1,100,,6701,7,,,1,100,,6705,7,,,1,100,,6704,7,,,1,100,,6700,7,,,1,100,,6709,7,,,1
20500,'8',1851,,6726,7,,,1,100,,6724,7,,,1,100,,6727,7,,,1,100,,6723,7,,,1
