10501,'10',615,,15093,2,,,1,100,,15089,2,,,1,30,,15086,2,,,1,70,,15074,2,,,1,30,,15076,2,,,1,70,,15067,2,,,1,30,,15084,2,,,1,70,,15080,2,,,1,100,,15066,2,,,1,100,,15087,2,,,1,100,,15100,2,,,1,100,,15079,2,,,1,100,,15098,2,,,1,30,,15092,2,,,1,70,,15073,2,,,1,30,,15071,2,,,1,70,,15069,2,,,1,30,,15072,2,,,1,70,,15091,2,,,1
10501,'15',615,,15129,2,,,1,100,,15125,2,,,1,30,,15122,2,,,1,70,,15110,2,,,1,30,,15112,2,,,1,70,,15103,2,,,1,30,,15120,2,,,1,70,,15116,2,,,1,100,,15102,2,,,1,100,,15123,2,,,1,100,,15136,2,,,1,100,,15115,2,,,1,100,,15134,2,,,1,30,,15128,2,,,1,70,,15109,2,,,1,30,,15107,2,,,1,70,,15105,2,,,1,30,,15108,2,,,1,70,,15127,2,,,1
10901,'10',615,,15500,2,,,1,100,,15483,2,,,1,100,,15473,2,,,1,100,,15487,2,,,1,100,,15492,2,,,1,100,,13078,2,,,1,100,,15499,2,,,1,100,,15486,2,,,1,100,,15480,2,,,1,100,,15478,2,,,1,100,,15475,2,,,1,100,,15488,2,,,1
10901,'15',615,,15544,2,,,1,100,,15527,2,,,1,100,,15517,2,,,1,100,,15531,2,,,1,100,,15536,2,,,1,100,,15546,2,,,1,100,,15543,2,,,1,100,,15530,2,,,1,100,,15524,2,,,1,100,,15522,2,,,1,100,,15519,2,,,1,100,,15532,2,,,1
11301,'10',645,,15874,2,0,14 15 16,1,100,,15884,2,0,14 15 16,1,100,,15889,2,0,14 15 16,1,100,,15900,2,0,14 15 16,1,100,,15903,2,0,14 15 16,1,100,,15879,2,0,14 15 16,1,100,,15877,2,0,14 15 16,1,100,,15885,2,0,14 15 16,1,100,,15880,2,0,14 15 16,1,100,,15899,2,0,14 15 16,1,100,,15878,2,0,14 15 16,1,100,,15871,2,0,14 15 16,1,100,,15866,2,0,14 15 16,1
11301,'15',645,,15913,2,0,14 15 16,1,100,,15919,2,0,14 15 16,1,100,,15927,2,0,14 15 16,1,100,,15938,2,0,14 15 16,1,100,,15942,2,0,14 15 16,1,100,,15916,2,0,14 15 16,1,100,,15931,2,0,14 15 16,1,100,,15921,2,0,14 15 16,1,100,,15920,2,0,14 15 16,1,100,,15922,2,0,14 15 16,1,100,,15939,2,0,14 15 16,1,100,,15908,2,0,14 15 16,1,100,,15906,2,0,14 15 16,1
20501,'10',1915,,16485,2,,,1,100,,16483,2,,,1,100,,16482,2,,,1,100,,16487,2,,,1
20501,'15',1915,,16492,2,,,1,100,,16490,2,,,1,100,,16489,2,,,1,100,,16494,2,,,1
20501,'7',715,,16502,2,,,1,100,,16503,2,,,1,100,,16511,2,,,1,100,,13872,2,,,1,100,,16501,2,,,1,100,,14107,2,,,1,100,,16507,2,,,1,100,,16506,2,,,1,100,,16509,2,,,1,100,,16516,2,,,1,100,,16518,2,,,1,100,,16510,2,,,1,100,,16512,2,,,1,100,,16504,2,,,1
20901,'10',1815,,16677,2,,,1,100,,16673,2,,,1,100,,16667,2,,,1,100,,16666,2,,,1,100,,16675,2,,,1
20901,'15',1815,,16695,2,,,1,100,,16692,2,,,1,100,,16690,2,,,1,100,,16688,2,,,1,100,,16689,2,,,1
20901,'7',715,,16723,2,,,1,100,,14231,2,,,1,100,,16719,2,,,1,100,,16736,2,,,1,100,,16716,2,,,1,100,,16715,2,,,1,100,,16745,2,,,1,100,,13683,2,,,1,100,,16727,2,,,1,100,,16707,2,,,1,100,,16699,2,,,1,100,,16717,2,,,1,100,,16701,2,,,1,100,,16725,2,,,1
21301,'10',1945,,16945,2,,,1,100,,13014,2,,,1,100,,16950,2,,,1,100,,16947,2,,,1
21301,'15',1945,,16956,2,,,1,100,,16952,2,,,1,100,,16961,2,,,1,100,,16958,2,,,1
21301,'7',745,,16995,2,,,1,100,,16970,2,,,1,100,,16964,2,,,1,100,,16984,2,,,1,100,,16990,2,,,1,100,,16996,2,,,1,100,,16988,2,,,1,100,,14595,2,,,1,100,,16999,2,,,1,100,,16992,2,,,1,100,,16989,2,,,1,100,,16981,2,,,1,100,,16985,2,,,1
