10101,'12',652,,8375,20,,,1,70,,8371,20,,,1,30,,8379,20,,,1,70,,8383,20,,,1,30,,8382,20,,,1,70,,8386,20,,,1,30,,8376,20,,,1,100,,8380,20,,,1,100,,8373,20,,,1,100,,8372,20,,,1,100,,8384,20,,,1,101,,8387,20,,,1,70,,8374,20,,,1,30,,8381,20,,,1,70,,8385,20,,,1,30,,8378,20,,,1,70,,8377,20,,,1,30,,5551,20,,,1
10101,'5',652,,8392,20,,,1,70,,8388,20,,,1,30,,8396,20,,,1,70,,8400,20,,,1,30,,8399,20,,,1,70,,8404,20,,,1,30,,8393,20,,,1,100,,8397,20,,,1,100,,8390,20,,,1,100,,8389,20,,,1,100,,8401,20,,,1,101,,8405,20,,,1,70,,8391,20,,,1,30,,8398,20,,,1,70,,8403,20,,,1,30,,8395,20,,,1,70,,8394,20,,,1,30,,8402,20,,,1
10101,'9',652,,8410,20,,,1,70,,8406,20,,,1,30,,8414,20,,,1,70,,8418,20,,,1,30,,8417,20,,,1,70,,8421,20,,,1,30,,8411,20,,,1,100,,8415,20,,,1,100,,8408,20,,,1,100,,8407,20,,,1,100,,8419,20,,,1,101,,8422,20,,,1,70,,8409,20,,,1,30,,8416,20,,,1,70,,8420,20,,,1,30,,8413,20,,,1,70,,8412,20,,,1,30,,5480,20,,,1
10601,'12',618,,9166,29,,,1,100,,9177,29,,,1,30,,9172,29,,,1,70,,9178,29,,,1,30,,9175,29,,,1,70,,9162,29,,,1,100,,4862,29,,,1,100,,9164,29,,,1,100,,9163,29,,,1,100,,9173,29,,,1,100,,9179,29,,,1,30,,9180,29,,,1,70,,9170,29,,,1,30,,9174,29,,,1,70,,9167,29,,,1,30,,9169,29,,,1,70,,9168,29,,,1,30,,9165,29,,,1,70,,9176,29,,,1
10601,'5',618,,9185,29,,,1,100,,9197,29,,,1,30,,9192,29,,,1,70,,9198,29,,,1,30,,9195,29,,,1,70,,9181,29,,,1,100,,9186,29,,,1,100,,9183,29,,,1,100,,9182,29,,,1,100,,9193,29,,,1,100,,9199,29,,,1,30,,9200,29,,,1,70,,9190,29,,,1,30,,9194,29,,,1,70,,9187,29,,,1,30,,9189,29,,,1,70,,9188,29,,,1,30,,9184,29,,,1,70,,9196,29,,,1
10601,'9',618,,9205,29,,,1,100,,9216,29,,,1,30,,9211,29,,,1,70,,9217,29,,,1,30,,9214,29,,,1,70,,9201,29,,,1,100,,4816,29,,,1,100,,9203,29,,,1,100,,9202,29,,,1,100,,9212,29,,,1,100,,9218,29,,,1,30,,9219,29,,,1,70,,9209,29,,,1,30,,9213,29,,,1,70,,9206,29,,,1,30,,9208,29,,,1,70,,9207,29,,,1,30,,9204,29,,,1,70,,9215,29,,,1
20601,'12',1846,,11178,19,,,1,70,,11175,19,,,1,30,,11181,19,,,1,70,,11183,19,,,1,30,,11179,19,,,1,70,,11172,19,,,1,30,,11182,19,,,1,70,,11177,19,,,1,30,,5642,19,,,1,70,,11170,19,,,1
20601,'5',1846,,11195,19,,,1,70,,11192,19,,,1,30,,11188,19,,,1,70,,11203,19,,,1,30,,11197,19,,,1,70,,11186,19,,,1,30,,11202,19,,,1,70,,11194,19,,,1,30,,11200,19,,,1,70,,11184,19,,,1
20601,'7',716,,11205,19,,,1,30,,11220,19,,,1,70,,11236,19,,,1,30,,11246,19,,,1,70,,11208,19,,,1,30,,11238,19,,,1,70,,11207,19,,,1,30,,11210,19,,,1,70,,11219,19,,,1,30,,11227,19,,,1,70,,11242,19,,,1,30,,11214,19,,,1,70,,11232,19,,,1,30,,11245,19,,,1,70,,11252,19,,,1,30,,11228,19,,,1,70,,2642,19,,,1,30,,11215,19,,,1,70,,11244,19,,,1,30,,7830,19,,,1,70,,11247,19,,,1,30,,11216,19,,,1,70,,11230,19,,,1,30,,11209,19,,,1,70,,11250,19,,,1,30,,11231,19,,,1,70,,11204,19,,,1,30,,11243,19,,,1
20601,'9',1846,,11263,19,,,1,70,,11260,19,,,1,30,,11257,19,,,1,70,,11268,19,,,1,30,,11265,19,,,1,70,,11256,19,,,1,30,,11267,19,,,1,70,,11262,19,,,1,30,,5619,19,,,1,70,,11254,19,,,1
