11301,'14',648,,5474,6,,,1,100,,2215,6,,,1,100,,5477,6,,,1,100,,5490,6,,,1,100,,5482,6,,,1,100,,5459,6,,,1,100,,5461,6,,,1,100,,5464,6,,,1,100,,5479,6,,,1,100,,5483,6,,,1,100,,5463,6,,,1,100,,5484,6,,,1,100,,5466,6,,,1
11301,'18',648,,5513,6,,,1,100,,5502,6,,,1,100,,5516,6,,,1,100,,5531,6,,,1,100,,5522,6,,,1,100,,5496,6,,,1,100,,5498,6,,,1,100,,5501,6,,,1,100,,5518,6,,,1,100,,5523,6,,,1,100,,5500,6,,,1,100,,5525,6,,,1,100,,5504,6,,,1
11301,'20',648,,5545,6,,,1,100,,2139,6,,,1,100,,5548,6,,,1,100,,5566,6,,,1,100,,5552,6,,,1,100,,5537,6,,,1,100,,5568,6,,,1,100,,5540,6,,,1,100,,5556,6,,,1,100,,5564,6,,,1,100,,5571,6,,,1,100,,5567,6,,,1,100,,5542,6,,,1
11301,'8',648,,5585,6,,,1,100,,5579,6,,,1,100,,5588,6,,,1,100,,5607,6,,,1,100,,5592,6,,,1,100,,5575,6,,,1,100,,5609,6,,,1,100,,5578,6,,,1,100,,5597,6,,,1,100,,5605,6,,,1,100,,5612,6,,,1,100,,5608,6,,,1,100,,5581,6,,,1
21301,'11',748,,7709,6,,,1,100,,7712,6,,,1,100,,7732,6,,,1,100,,7726,6,,,1,100,,7710,6,,,1,100,,7734,6,,,1,100,,7738,6,,,1,100,,7720,6,,,1,100,,7725,6,,,1,100,,7730,6,,,1,100,,7705,6,,,1,100,,7711,6,,,1,100,,7706,6,,,1
21301,'14',1948,,7743,6,,,1,100,,7747,6,,,1,100,,7750,6,,,1,100,,7749,6,,,1
21301,'18',1948,,7753,6,,,1,100,,7757,6,,,1,100,,7761,6,,,1,100,,7760,6,,,1
21301,'20',1948,,7764,6,,,1,100,,7768,6,,,1,100,,7771,6,,,1,100,,7770,6,,,1
21301,'4',748,,7779,6,,,1,100,,7782,6,,,1,100,,7803,6,,,1,100,,7797,6,,,1,100,,7780,6,,,1,100,,7805,6,,,1,100,,7809,6,,,1,100,,7790,6,,,1,100,,7796,6,,,1,100,,7801,6,,,1,100,,7775,6,,,1,100,,7781,6,,,1,100,,7776,6,,,1
21301,'8',1948,,7814,6,,,1,100,,7818,6,,,1,100,,7822,6,,,1,100,,7821,6,,,1
