10601,'14',615,,4011,26,0,9 3 10,1,100,,4014,26,0,9 3 10,1,30,,4018,26,0,9 3 10,1,70,,4007,26,0,9 3 10,1,30,,4016,26,0,9 3 10,1,70,,4022,26,0,9 3 10,1,100,,4019,26,0,9 3 10,1,100,,1560,26,0,9 3 10,1,100,,4008,26,0,9 3 10,1,100,,4020,26,0,9 3 10,1,100,,2330,26,0,9 3 10,1,30,,4010,26,0,9 3 10,1,70,,4021,26,0,9 3 10,1,30,,4009,26,0,9 3 10,1,70,,4017,26,0,9 3 10,1,30,,4006,26,0,9 3 10,1,70,,773,26,0,9 3 10,1,30,,4015,26,0,9 3 10,1,70,,4012,26,0,9 3 10,1
10601,'18',615,,4029,26,0,9 3 10,1,100,,4033,26,0,9 3 10,1,30,,4038,26,0,9 3 10,1,70,,4024,26,0,9 3 10,1,30,,4036,26,0,9 3 10,1,70,,4042,26,0,9 3 10,1,100,,4039,26,0,9 3 10,1,100,,4031,26,0,9 3 10,1,100,,4026,26,0,9 3 10,1,100,,4040,26,0,9 3 10,1,100,,4025,26,0,9 3 10,1,30,,4028,26,0,9 3 10,1,70,,4041,26,0,9 3 10,1,30,,4027,26,0,9 3 10,1,70,,4037,26,0,9 3 10,1,30,,4023,26,0,9 3 10,1,70,,4034,26,0,9 3 10,1,30,,4035,26,0,9 3 10,1,70,,4030,26,0,9 3 10,1
10601,'20',615,,4049,26,0,9 3 10,1,100,,4052,26,0,9 3 10,1,30,,4055,26,0,9 3 10,1,70,,4044,26,0,9 3 10,1,30,,4053,26,0,9 3 10,1,70,,4058,26,0,9 3 10,1,100,,4056,26,0,9 3 10,1,100,,1524,26,0,9 3 10,1,100,,4046,26,0,9 3 10,1,100,,1237,26,0,9 3 10,1,100,,4045,26,0,9 3 10,1,30,,4048,26,0,9 3 10,1,70,,4057,26,0,9 3 10,1,30,,4047,26,0,9 3 10,1,70,,4054,26,0,9 3 10,1,30,,4043,26,0,9 3 10,1,70,,713,26,0,9 3 10,1,30,,2265,26,0,9 3 10,1,70,,4050,26,0,9 3 10,1
10601,'8',615,,4065,26,0,9 3 10,1,100,,4069,26,0,9 3 10,1,30,,4074,26,0,9 3 10,1,70,,4060,26,0,9 3 10,1,30,,4072,26,0,9 3 10,1,70,,4078,26,0,9 3 10,1,100,,4075,26,0,9 3 10,1,100,,4067,26,0,9 3 10,1,100,,4062,26,0,9 3 10,1,100,,4076,26,0,9 3 10,1,100,,4061,26,0,9 3 10,1,30,,4064,26,0,9 3 10,1,70,,4077,26,0,9 3 10,1,30,,4063,26,0,9 3 10,1,70,,4073,26,0,9 3 10,1,30,,4059,26,0,9 3 10,1,70,,4070,26,0,9 3 10,1,30,,4071,26,0,9 3 10,1,70,,4066,26,0,9 3 10,1
11201,'14',722,,5238,12,0,14 15 16,1,100,,5237,12,0,14 15 16,1,100,,5242,12,0,14 15 16,1,100,,5233,12,0,14 15 16,1,100,,2656,12,0,14 15 16,1,100,,5243,12,0,14 15 16,1,100,,5234,12,0,14 15 16,1,100,,5235,12,0,14 15 16,1,100,,5248,12,0,14 15 16,1,100,,5239,12,0,14 15 16,1,100,,5244,12,0,14 15 16,1
11201,'18',722,,5259,12,0,14 15 16,1,100,,5258,12,0,14 15 16,1,100,,5263,12,0,14 15 16,1,100,,5251,12,0,14 15 16,1,100,,5252,12,0,14 15 16,1,100,,5264,12,0,14 15 16,1,100,,5253,12,0,14 15 16,1,100,,5254,12,0,14 15 16,1,100,,5270,12,0,14 15 16,1,100,,5260,12,0,14 15 16,1,100,,5265,12,0,14 15 16,1
11201,'20',722,,5290,12,0,14 15 16,1,100,,5274,12,0,14 15 16,1,100,,5292,12,0,14 15 16,1,100,,5273,12,0,14 15 16,1,100,,5275,12,0,14 15 16,1,100,,5283,12,0,14 15 16,1,100,,5276,12,0,14 15 16,1,100,,5277,12,0,14 15 16,1,100,,5287,12,0,14 15 16,1,100,,5279,12,0,14 15 16,1,100,,5284,12,0,14 15 16,1
11201,'8',722,,5312,12,0,14 15 16,1,100,,5294,12,0,14 15 16,1,100,,5314,12,0,14 15 16,1,100,,5293,12,0,14 15 16,1,100,,5295,12,0,14 15 16,1,100,,5304,12,0,14 15 16,1,100,,5296,12,0,14 15 16,1,100,,5297,12,0,14 15 16,1,100,,5309,12,0,14 15 16,1,100,,5300,12,0,14 15 16,1,100,,5305,12,0,14 15 16,1
20601,'11',714,,6942,16,,,1,30,,6950,16,,,1,70,,6946,16,,,1,30,,6920,16,,,1,70,,6928,16,,,1,30,,6925,16,,,1,70,,6945,16,,,1,30,,6921,16,,,1,70,,6919,16,,,1,30,,6944,16,,,1,70,,6953,16,,,1,30,,6905,16,,,1,70,,6951,16,,,1,30,,6936,16,,,1,70,,6923,16,,,1,30,,2818,16,,,1,70,,6931,16,,,1,30,,6948,16,,,1,70,,6917,16,,,1,30,,6916,16,,,1,70,,2502,16,,,1,30,,6924,16,,,1,70,,6930,16,,,1,30,,6955,16,,,1,70,,6912,16,,,1,30,,6918,16,,,1,70,,6933,16,,,1,30,,6927,16,,,1
20601,'14',1844,,6960,16,,,1,70,,6970,16,,,1,30,,6961,16,,,1,70,,1553,16,,,1,30,,6964,16,,,1,70,,6957,16,,,1,30,,6969,16,,,1,70,,6963,16,,,1,30,,6958,16,,,1,70,,6956,16,,,1
20601,'18',1844,,6978,16,,,1,70,,6990,16,,,1,30,,6979,16,,,1,70,,6983,16,,,1,30,,6982,16,,,1,70,,6974,16,,,1,30,,6989,16,,,1,70,,6981,16,,,1,30,,6976,16,,,1,70,,6973,16,,,1
20601,'20',1844,,6997,16,,,1,70,,7007,16,,,1,30,,6998,16,,,1,70,,1517,16,,,1,30,,7001,16,,,1,70,,6994,16,,,1,30,,7006,16,,,1,70,,7000,16,,,1,30,,6995,16,,,1,70,,6993,16,,,1
20601,'4',714,,7052,16,,,1,30,,7060,16,,,1,70,,7056,16,,,1,30,,7025,16,,,1,70,,7035,16,,,1,30,,7031,16,,,1,70,,7055,16,,,1,30,,7026,16,,,1,70,,7024,16,,,1,30,,7054,16,,,1,70,,7063,16,,,1,30,,7010,16,,,1,70,,7061,16,,,1,30,,7044,16,,,1,70,,7029,16,,,1,30,,7042,16,,,1,70,,7038,16,,,1,30,,7058,16,,,1,70,,7022,16,,,1,30,,7021,16,,,1,70,,7028,16,,,1,30,,7030,16,,,1,70,,7037,16,,,1,30,,7065,16,,,1,70,,7017,16,,,1,30,,7023,16,,,1,70,,7040,16,,,1,30,,7033,16,,,1
20601,'8',1844,,7071,16,,,1,70,,7083,16,,,1,30,,7072,16,,,1,70,,7076,16,,,1,30,,7075,16,,,1,70,,7067,16,,,1,30,,7082,16,,,1,70,,7074,16,,,1,30,,7069,16,,,1,70,,7066,16,,,1
