10601,'14',558,,4011,7,0,9 3 10,1,100,,4014,7,0,9 3 10,1,70,,4018,7,0,9 3 10,1,30,,4007,7,0,9 3 10,1,70,,4016,7,0,9 3 10,1,30,,4022,7,0,9 3 10,1,71,,4013,7,0,17,1,29,,4019,7,0,9 3 10,1,100,,1560,7,0,9 3 10,1,100,,4008,7,0,9 3 10,1,100,,4020,7,0,9 3 10,1,100,,2330,7,0,9 3 10,1,70,,4010,7,0,9 3 10,1,30,,4021,7,0,9 3 10,1,70,,4009,7,0,9 3 10,1,30,,4017,7,0,9 3 10,1,70,,4006,7,0,9 3 10,1,30,,773,7,0,9 3 10,1,70,,4015,7,0,9 3 10,1,30,,4012,7,0,9 3 10,1
10601,'18',558,,4029,7,0,9 3 10,1,100,,4033,7,0,9 3 10,1,70,,4038,7,0,9 3 10,1,30,,4024,7,0,9 3 10,1,70,,4036,7,0,9 3 10,1,30,,4042,7,0,9 3 10,1,71,,4032,7,0,17,1,29,,4039,7,0,9 3 10,1,100,,4031,7,0,9 3 10,1,100,,4026,7,0,9 3 10,1,100,,4040,7,0,9 3 10,1,100,,4025,7,0,9 3 10,1,70,,4028,7,0,9 3 10,1,30,,4041,7,0,9 3 10,1,70,,4027,7,0,9 3 10,1,30,,4037,7,0,9 3 10,1,70,,4023,7,0,9 3 10,1,30,,4034,7,0,9 3 10,1,70,,4035,7,0,9 3 10,1,30,,4030,7,0,9 3 10,1
10601,'20',558,,4049,7,0,9 3 10,1,100,,4052,7,0,9 3 10,1,70,,4055,7,0,9 3 10,1,30,,4044,7,0,9 3 10,1,70,,4053,7,0,9 3 10,1,30,,4058,7,0,9 3 10,1,71,,4051,7,0,17,1,29,,4056,7,0,9 3 10,1,100,,1524,7,0,9 3 10,1,100,,4046,7,0,9 3 10,1,100,,1237,7,0,9 3 10,1,100,,4045,7,0,9 3 10,1,70,,4048,7,0,9 3 10,1,30,,4057,7,0,9 3 10,1,70,,4047,7,0,9 3 10,1,30,,4054,7,0,9 3 10,1,70,,4043,7,0,9 3 10,1,30,,713,7,0,9 3 10,1,70,,2265,7,0,9 3 10,1,30,,4050,7,0,9 3 10,1
10601,'8',558,,4065,7,0,9 3 10,1,100,,4069,7,0,9 3 10,1,70,,4074,7,0,9 3 10,1,30,,4060,7,0,9 3 10,1,70,,4072,7,0,9 3 10,1,30,,4078,7,0,9 3 10,1,71,,4068,7,0,17,1,29,,4075,7,0,9 3 10,1,100,,4067,7,0,9 3 10,1,100,,4062,7,0,9 3 10,1,100,,4076,7,0,9 3 10,1,100,,4061,7,0,9 3 10,1,70,,4064,7,0,9 3 10,1,30,,4077,7,0,9 3 10,1,70,,4063,7,0,9 3 10,1,30,,4073,7,0,9 3 10,1,70,,4059,7,0,9 3 10,1,30,,4070,7,0,9 3 10,1,70,,4071,7,0,9 3 10,1,30,,4066,7,0,9 3 10,1
11201,'14',713,,5240,9,0,14 15 16,1,100,,5249,9,0,14 15 16,1,100,,5245,9,0,14 15 16,1,100,,2743,9,0,14 15 16,1,100,,5241,9,0,14 15 16,1,100,,1109,9,0,14 15 16,1,100,,5236,9,0,14 15 16,1,100,,5247,9,0,14 15 16,1,100,,5246,9,0,14 15 16,1,100,,751,9,0,14 15 16,1,100,,5250,9,0,17,1
11201,'18',713,,5261,9,0,14 15 16,1,100,,5271,9,0,14 15 16,1,100,,5267,9,0,14 15 16,1,100,,5256,9,0,14 15 16,1,100,,5262,9,0,14 15 16,1,100,,5266,9,0,14 15 16,1,100,,5255,9,0,14 15 16,1,100,,5269,9,0,14 15 16,1,100,,5268,9,0,14 15 16,1,100,,5257,9,0,14 15 16,1,100,,5272,9,0,17,1
11201,'20',713,,5280,9,0,14 15 16,1,100,,5288,9,0,14 15 16,1,100,,5281,9,0,14 15 16,1,100,,5289,9,0,14 15 16,1,100,,5282,9,0,14 15 16,1,100,,1084,9,0,14 15 16,1,100,,5278,9,0,14 15 16,1,100,,5286,9,0,14 15 16,1,100,,5285,9,0,14 15 16,1,100,,691,9,0,14 15 16,1,100,,5291,9,0,17,1
11201,'8',713,,5301,9,0,14 15 16,1,100,,5310,9,0,14 15 16,1,100,,5302,9,0,14 15 16,1,100,,5311,9,0,14 15 16,1,100,,5303,9,0,14 15 16,1,100,,5306,9,0,14 15 16,1,100,,5298,9,0,14 15 16,1,100,,5308,9,0,14 15 16,1,100,,5307,9,0,14 15 16,1,100,,5299,9,0,14 15 16,1,100,,5313,9,0,17,1
20601,'11',656,,6914,7,,,1,70,,6908,7,,,1,30,,6934,7,,,1,70,,2574,7,,,1,30,,6938,7,,,1,70,,6926,7,,,1,30,,6915,7,,,1,70,,6911,7,,,1,30,,6907,7,,,1,70,,6939,7,,,1,30,,6906,7,,,1,70,,6952,7,,,1,30,,6949,7,,,1,70,,6935,7,,,1,30,,6909,7,,,1,70,,6943,7,,,1,30,,6929,7,,,1,70,,6954,7,,,1,30,,6947,7,,,1,70,,2825,7,,,1,30,,6932,7,,,1,70,,6937,7,,,1,30,,6941,7,,,1,70,,6940,7,,,1,30,,6922,7,,,1,70,,6910,7,,,1,30,,2586,7,,,1,70,,6913,7,,,1
20601,'14',1826,,6972,7,,,1,30,,544,7,,,1,70,,6962,7,,,1,30,,6971,7,,,1,70,,6968,7,,,1,30,,6967,7,,,1,70,,6965,7,,,1,30,,367,7,,,1,70,,6966,7,,,1,30,,6959,7,,,1
20601,'18',1826,,6992,7,,,1,30,,6984,7,,,1,70,,6980,7,,,1,30,,6991,7,,,1,70,,6988,7,,,1,30,,6987,7,,,1,70,,6985,7,,,1,30,,6975,7,,,1,70,,6986,7,,,1,30,,6977,7,,,1
20601,'20',1826,,7009,7,,,1,30,,506,7,,,1,70,,6999,7,,,1,30,,7008,7,,,1,70,,7005,7,,,1,30,,7004,7,,,1,70,,7002,7,,,1,30,,317,7,,,1,70,,7003,7,,,1,30,,6996,7,,,1
20601,'4',656,,7019,7,,,1,70,,7013,7,,,1,30,,7041,7,,,1,70,,7034,7,,,1,30,,7046,7,,,1,70,,7032,7,,,1,30,,7020,7,,,1,70,,7016,7,,,1,30,,7012,7,,,1,70,,7047,7,,,1,30,,7011,7,,,1,70,,7062,7,,,1,30,,7059,7,,,1,70,,7043,7,,,1,30,,7014,7,,,1,70,,7053,7,,,1,30,,7036,7,,,1,70,,7064,7,,,1,30,,7057,7,,,1,70,,7050,7,,,1,30,,7039,7,,,1,70,,7045,7,,,1,30,,7051,7,,,1,70,,7049,7,,,1,30,,7027,7,,,1,70,,7015,7,,,1,30,,7048,7,,,1,70,,7018,7,,,1
20601,'8',1826,,7085,7,,,1,30,,7077,7,,,1,70,,7073,7,,,1,30,,7084,7,,,1,70,,7081,7,,,1,30,,7080,7,,,1,70,,7078,7,,,1,30,,7068,7,,,1,70,,7079,7,,,1,30,,7070,7,,,1
