10800,'14',702,,4411,5,,,1,30,,4402,5,,,1,70,,4397,5,,,1,30,,4389,5,,,1,70,,4405,5,,,1,30,,4400,5,,,1,100,,4409,5,,,1,100,,4388,5,,,1,100,,4407,5,,,1,100,,547,5,,,1,100,,4379,5,,,1,70,,4401,5,,,1,30,,4403,5,,,1,70,,4383,5,,,1,30,,4390,5,,,1,70,,4384,5,,,1,30,,4408,5,,,1
10800,'18',702,,4445,5,,,1,30,,4436,5,,,1,70,,4431,5,,,1,30,,4422,5,,,1,70,,4439,5,,,1,30,,4434,5,,,1,100,,4443,5,,,1,100,,4421,5,,,1,100,,4441,5,,,1,100,,4424,5,,,1,100,,4412,5,,,1,70,,4435,5,,,1,30,,4437,5,,,1,70,,4416,5,,,1,30,,4423,5,,,1,70,,4417,5,,,1,30,,4442,5,,,1
10800,'20',702,,4446,5,,,1,30,,4472,5,,,1,70,,4466,5,,,1,30,,4458,5,,,1,70,,4457,5,,,1,30,,4470,5,,,1,100,,4476,5,,,1,100,,4456,5,,,1,100,,4474,5,,,1,100,,509,5,,,1,100,,4447,5,,,1,70,,4471,5,,,1,30,,4473,5,,,1,70,,4451,5,,,1,30,,4459,5,,,1,70,,4452,5,,,1,30,,4475,5,,,1
10800,'8',702,,4478,5,,,1,30,,4506,5,,,1,70,,4500,5,,,1,30,,4490,5,,,1,70,,4489,5,,,1,30,,4504,5,,,1,100,,4510,5,,,1,100,,4488,5,,,1,100,,4508,5,,,1,100,,4492,5,,,1,100,,4479,5,,,1,70,,4505,5,,,1,30,,4507,5,,,1,70,,4483,5,,,1,30,,4491,5,,,1,70,,4484,5,,,1,30,,4509,5,,,1
10900,'14',704,,4588,5,,,1,100,,4595,5,,,1,100,,4591,5,,,1,100,,4589,5,,,1,100,,4593,5,,,1,100,,4594,5,,,1,100,,4586,5,,,1,100,,4590,5,,,1,100,,4584,5,,,1,100,,4587,5,,,1,100,,4585,5,,,1,100,,4592,5,,,1
10900,'18',704,,4600,5,,,1,100,,4607,5,,,1,100,,4603,5,,,1,100,,4601,5,,,1,100,,4605,5,,,1,100,,4606,5,,,1,100,,4598,5,,,1,100,,4602,5,,,1,100,,4596,5,,,1,100,,4599,5,,,1,100,,4597,5,,,1,100,,4604,5,,,1
10900,'20',704,,4612,5,,,1,100,,4619,5,,,1,100,,4615,5,,,1,100,,4613,5,,,1,100,,4617,5,,,1,100,,4618,5,,,1,100,,4610,5,,,1,100,,4614,5,,,1,100,,4608,5,,,1,100,,4611,5,,,1,100,,4609,5,,,1,100,,4616,5,,,1
10900,'8',704,,4624,5,,,1,100,,4631,5,,,1,100,,4627,5,,,1,100,,4625,5,,,1,100,,4629,5,,,1,100,,4630,5,,,1,100,,4622,5,,,1,100,,4626,5,,,1,100,,4620,5,,,1,100,,4623,5,,,1,100,,4621,5,,,1,100,,4628,5,,,1
11400,'14',632,,5615,5,,,1,100,,5616,5,,,1,100,,5620,5,,,1,100,,5617,5,,,1,100,,5619,5,,,1,100,,5618,5,,,1,100,,5624,5,,,1,100,,5623,5,,,1,100,,5626,5,,,1,100,,5621,5,,,1,100,,5625,5,,,1,100,,5622,5,,,1
11400,'18',632,,5627,5,,,1,100,,5628,5,,,1,100,,5632,5,,,1,100,,5629,5,,,1,100,,5631,5,,,1,100,,5630,5,,,1,100,,5636,5,,,1,100,,5635,5,,,1,100,,5638,5,,,1,100,,5633,5,,,1,100,,5637,5,,,1,100,,5634,5,,,1
11400,'20',632,,5639,5,,,1,100,,5640,5,,,1,100,,5643,5,,,1,100,,5641,5,,,1,100,,5642,5,,,1,100,,1137,5,,,1,100,,5647,5,,,1,100,,5646,5,,,1,100,,5649,5,,,1,100,,5644,5,,,1,100,,5648,5,,,1,100,,5645,5,,,1
11400,'8',632,,5650,5,,,1,100,,5651,5,,,1,100,,5655,5,,,1,100,,5652,5,,,1,100,,5654,5,,,1,100,,5653,5,,,1,100,,5659,5,,,1,100,,5658,5,,,1,100,,5661,5,,,1,100,,5656,5,,,1,100,,5660,5,,,1,100,,5657,5,,,1
20900,'11',802,,7087,5,,,1,100,,7089,5,,,1,100,,7088,5,,,1,100,,7090,5,,,1,100,,7094,5,,,1,100,,7097,5,,,1,100,,2070,5,,,1,100,,7091,5,,,1,100,,7093,5,,,1,100,,7096,5,,,1,100,,7092,5,,,1,100,,7095,5,,,1,100,,7086,5,,,1
20900,'14',1902,,7098,5,,,1,100,,1361,5,,,1,100,,7100,5,,,1,100,,7099,5,,,1
20900,'18',1902,,7101,5,,,1,100,,7103,5,,,1,100,,7104,5,,,1,100,,7102,5,,,1
20900,'20',1902,,7105,5,,,1,100,,127,5,,,1,100,,7106,5,,,1,100,,7107,5,,,1
20900,'4',802,,7109,5,,,1,100,,7111,5,,,1,100,,7110,5,,,1,100,,7112,5,,,1,100,,7117,5,,,1,100,,7120,5,,,1,100,,7115,5,,,1,100,,7113,5,,,1,100,,7116,5,,,1,100,,7119,5,,,1,100,,7114,5,,,1,100,,7118,5,,,1,100,,7108,5,,,1
20900,'8',1902,,7121,5,,,1,100,,7124,5,,,1,100,,7122,5,,,1,100,,7123,5,,,1
21400,'11',732,,7830,5,,,1,100,,7826,5,,,1,100,,7835,5,,,1,100,,7823,5,,,1,100,,7829,5,,,1,100,,7827,5,,,1,100,,7833,5,,,1,100,,7824,5,,,1,100,,7832,5,,,1,100,,7831,5,,,1,100,,7834,5,,,1,100,,7825,5,,,1,100,,7828,5,,,1
21400,'14',1832,,7839,5,,,1,100,,7836,5,,,1,100,,7840,5,,,1,100,,7838,5,,,1,100,,7837,5,,,1
21400,'18',1832,,7844,5,,,1,100,,7841,5,,,1,100,,7845,5,,,1,100,,7843,5,,,1,100,,7842,5,,,1
21400,'20',1832,,7848,5,,,1,100,,7847,5,,,1,100,,7846,5,,,1,100,,7849,5,,,1,100,,339,5,,,1
21400,'4',732,,7857,5,,,1,100,,7853,5,,,1,100,,7862,5,,,1,100,,7850,5,,,1,100,,7856,5,,,1,100,,7854,5,,,1,100,,7860,5,,,1,100,,7851,5,,,1,100,,7859,5,,,1,100,,7858,5,,,1,100,,7861,5,,,1,100,,7852,5,,,1,100,,7855,5,,,1
21400,'8',1832,,7866,5,,,1,100,,7865,5,,,1,100,,7863,5,,,1,100,,7867,5,,,1,100,,7864,5,,,1
