11301,'14',649,,5474,7,,,1,100,,2215,7,,,1,100,,5477,7,,,1,100,,5490,7,,,1,100,,5482,7,,,1,100,,5459,7,,,1,100,,5461,7,,,1,100,,5464,7,,,1,100,,5479,7,,,1,100,,5483,7,,,1,100,,5463,7,,,1,100,,5484,7,,,1,100,,5466,7,,,1
11301,'18',649,,5513,7,,,1,100,,5502,7,,,1,100,,5516,7,,,1,100,,5531,7,,,1,100,,5522,7,,,1,100,,5496,7,,,1,100,,5498,7,,,1,100,,5501,7,,,1,100,,5518,7,,,1,100,,5523,7,,,1,100,,5500,7,,,1,100,,5525,7,,,1,100,,5504,7,,,1
11301,'20',649,,5545,7,,,1,100,,2139,7,,,1,100,,5548,7,,,1,100,,5566,7,,,1,100,,5552,7,,,1,100,,5537,7,,,1,100,,5568,7,,,1,100,,5540,7,,,1,100,,5556,7,,,1,100,,5564,7,,,1,100,,5571,7,,,1,100,,5567,7,,,1,100,,5542,7,,,1
11301,'8',649,,5585,7,,,1,100,,5579,7,,,1,100,,5588,7,,,1,100,,5607,7,,,1,100,,5592,7,,,1,100,,5575,7,,,1,100,,5609,7,,,1,100,,5578,7,,,1,100,,5597,7,,,1,100,,5605,7,,,1,100,,5612,7,,,1,100,,5608,7,,,1,100,,5581,7,,,1
21301,'11',749,,7709,7,,,1,100,,7712,7,,,1,100,,7732,7,,,1,100,,7726,7,,,1,100,,7710,7,,,1,100,,7734,7,,,1,100,,7738,7,,,1,100,,7720,7,,,1,100,,7725,7,,,1,100,,7730,7,,,1,100,,7705,7,,,1,100,,7711,7,,,1,100,,7706,7,,,1
21301,'14',1949,,7743,7,,,1,100,,7747,7,,,1,100,,7750,7,,,1,100,,7749,7,,,1
21301,'18',1949,,7753,7,,,1,100,,7757,7,,,1,100,,7761,7,,,1,100,,7760,7,,,1
21301,'20',1949,,7764,7,,,1,100,,7768,7,,,1,100,,7771,7,,,1,100,,7770,7,,,1
21301,'4',749,,7779,7,,,1,100,,7782,7,,,1,100,,7803,7,,,1,100,,7797,7,,,1,100,,7780,7,,,1,100,,7805,7,,,1,100,,7809,7,,,1,100,,7790,7,,,1,100,,7796,7,,,1,100,,7801,7,,,1,100,,7775,7,,,1,100,,7781,7,,,1,100,,7776,7,,,1
21301,'8',1949,,7814,7,,,1,100,,7818,7,,,1,100,,7822,7,,,1,100,,7821,7,,,1
