11301,'14',652,,5474,12,,,1,100,,2215,12,,,1,100,,5477,12,,,1,100,,5490,12,,,1,100,,5482,12,,,1,100,,5459,12,,,1,100,,5461,12,,,1,100,,5464,12,,,1,100,,5479,12,,,1,100,,5483,12,,,1,100,,5463,12,,,1,100,,5484,12,,,1,100,,5466,12,,,1
11301,'18',652,,5513,12,,,1,100,,5502,12,,,1,100,,5516,12,,,1,100,,5531,12,,,1,100,,5522,12,,,1,100,,5496,12,,,1,100,,5498,12,,,1,100,,5501,12,,,1,100,,5518,12,,,1,100,,5523,12,,,1,100,,5500,12,,,1,100,,5525,12,,,1,100,,5504,12,,,1
11301,'20',652,,5545,12,,,1,100,,2139,12,,,1,100,,5548,12,,,1,100,,5566,12,,,1,100,,5552,12,,,1,100,,5537,12,,,1,100,,5568,12,,,1,100,,5540,12,,,1,100,,5556,12,,,1,100,,5564,12,,,1,100,,5571,12,,,1,100,,5567,12,,,1,100,,5542,12,,,1
11301,'8',652,,5585,12,,,1,100,,5579,12,,,1,100,,5588,12,,,1,100,,5607,12,,,1,100,,5592,12,,,1,100,,5575,12,,,1,100,,5609,12,,,1,100,,5578,12,,,1,100,,5597,12,,,1,100,,5605,12,,,1,100,,5612,12,,,1,100,,5608,12,,,1,100,,5581,12,,,1
21301,'11',752,,7709,12,,,1,100,,7712,12,,,1,100,,7732,12,,,1,100,,7726,12,,,1,100,,7710,12,,,1,100,,7734,12,,,1,100,,7738,12,,,1,100,,7720,12,,,1,100,,7725,12,,,1,100,,7730,12,,,1,100,,7705,12,,,1,100,,7711,12,,,1,100,,7706,12,,,1
21301,'14',1952,,7743,12,,,1,100,,7747,12,,,1,100,,7750,12,,,1,100,,7749,12,,,1
21301,'18',1952,,7753,12,,,1,100,,7757,12,,,1,100,,7761,12,,,1,100,,7760,12,,,1
21301,'20',1952,,7764,12,,,1,100,,7768,12,,,1,100,,7771,12,,,1,100,,7770,12,,,1
21301,'4',752,,7779,12,,,1,100,,7782,12,,,1,100,,7803,12,,,1,100,,7797,12,,,1,100,,7780,12,,,1,100,,7805,12,,,1,100,,7809,12,,,1,100,,7790,12,,,1,100,,7796,12,,,1,100,,7801,12,,,1,100,,7775,12,,,1,100,,7781,12,,,1,100,,7776,12,,,1
21301,'8',1952,,7814,12,,,1,100,,7818,12,,,1,100,,7822,12,,,1,100,,7821,12,,,1
