10201,'12',632,,8467,3,0,7 1 8,1,70,,8440,3,0,7 1 8,1,30,,8433,3,0,7 1 8,1,70,,8454,3,0,7 1 8,1,30,,8435,3,0,7 1 8,1,70,,7351,3,0,7 1 8,1,30,,8462,3,0,7 1 8,1,100,,8448,3,0,7 1 8,1,100,,8442,3,0,7 1 8,1,100,,8447,3,0,7 1 8,1,100,,8475,3,0,7 1 8,1,100,,8446,3,0,7 1 8,1,70,,8436,3,0,7 1 8,1,30,,8424,3,0,7 1 8,1,70,,8451,3,0,7 1 8,1,30,,6123,3,0,7 1 8,1,70,,8468,3,0,7 1 8,1,30,,8463,3,0,7 1 8,1
10201,'5',632,,8524,3,0,7 1 8,1,70,,8496,3,0,7 1 8,1,30,,8489,3,0,7 1 8,1,70,,8511,3,0,7 1 8,1,30,,8491,3,0,7 1 8,1,70,,8480,3,0,7 1 8,1,30,,8519,3,0,7 1 8,1,100,,8504,3,0,7 1 8,1,100,,8498,3,0,7 1 8,1,100,,8503,3,0,7 1 8,1,100,,8532,3,0,7 1 8,1,100,,8502,3,0,7 1 8,1,70,,8492,3,0,7 1 8,1,30,,8479,3,0,7 1 8,1,70,,8507,3,0,7 1 8,1,30,,8510,3,0,7 1 8,1,70,,8525,3,0,7 1 8,1,30,,8520,3,0,7 1 8,1
10201,'9',632,,8579,3,0,7 1 8,1,70,,8552,3,0,7 1 8,1,30,,8545,3,0,7 1 8,1,70,,8566,3,0,7 1 8,1,30,,8547,3,0,7 1 8,1,70,,7334,3,0,7 1 8,1,30,,8574,3,0,7 1 8,1,100,,8560,3,0,7 1 8,1,100,,8554,3,0,7 1 8,1,100,,8559,3,0,7 1 8,1,100,,8587,3,0,7 1 8,1,100,,8558,3,0,7 1 8,1,70,,8548,3,0,7 1 8,1,30,,8536,3,0,7 1 8,1,70,,8563,3,0,7 1 8,1,30,,6034,3,0,7 1 8,1,70,,8580,3,0,7 1 8,1,30,,8575,3,0,7 1 8,1
10401,'12',617,,8774,3,,,1,30,,8809,3,,,1,70,,8799,3,,,1,30,,8792,3,,,1,70,,8806,3,,,1,30,,8801,3,,,1,70,,8808,3,,,1,30,,8787,3,,,1,70,,8786,3,,,1,30,,8771,3,,,1,70,,441,3,,,1,30,,8782,3,,,1,70,,8805,3,,,1,30,,8811,3,,,1,70,,8794,3,,,1,30,,8802,3,,,1,70,,5289,3,,,1,30,,8777,3,,,1,70,,8791,3,,,1,30,,8778,3,,,1,70,,8783,3,,,1,30,,8789,3,,,1,70,,8781,3,,,1,30,,8788,3,,,1,70,,8784,3,,,1
10401,'5',617,,8817,3,,,1,30,,8857,3,,,1,70,,8843,3,,,1,30,,8835,3,,,1,70,,8854,3,,,1,30,,8847,3,,,1,70,,8856,3,,,1,30,,8830,3,,,1,70,,8829,3,,,1,30,,8814,3,,,1,70,,8850,3,,,1,30,,8825,3,,,1,70,,8853,3,,,1,30,,8859,3,,,1,70,,8837,3,,,1,30,,8849,3,,,1,70,,8862,3,,,1,30,,8820,3,,,1,70,,8834,3,,,1,30,,8821,3,,,1,70,,8826,3,,,1,30,,8832,3,,,1,70,,8824,3,,,1,30,,8831,3,,,1,70,,8827,3,,,1
10401,'9',617,,8867,3,,,1,30,,8903,3,,,1,70,,8892,3,,,1,30,,8885,3,,,1,70,,8900,3,,,1,30,,8895,3,,,1,70,,8902,3,,,1,30,,8880,3,,,1,70,,8879,3,,,1,30,,8864,3,,,1,70,,479,3,,,1,30,,8875,3,,,1,70,,8899,3,,,1,30,,8905,3,,,1,70,,8887,3,,,1,30,,8896,3,,,1,70,,8908,3,,,1,30,,8870,3,,,1,70,,8884,3,,,1,30,,8871,3,,,1,70,,8876,3,,,1,30,,8882,3,,,1,70,,8874,3,,,1,30,,8881,3,,,1,70,,8877,3,,,1
20401,'12',1847,,5160,3,,,1,70,,10919,3,,,1,30,,10920,3,,,1,70,,5408,3,,,1,30,,10929,3,,,1,70,,6236,3,,,1,30,,10933,3,,,1,70,,10921,3,,,1,30,,10926,3,,,1,70,,10928,3,,,1
20401,'5',1847,,10954,3,,,1,70,,10936,3,,,1,30,,10937,3,,,1,70,,10953,3,,,1,30,,10947,3,,,1,70,,10938,3,,,1,30,,10951,3,,,1,70,,10939,3,,,1,30,,10944,3,,,1,70,,10946,3,,,1
20401,'7',717,,10979,3,,,1,30,,10992,3,,,1,70,,10962,3,,,1,30,,10993,3,,,1,70,,10999,3,,,1,30,,11000,3,,,1,70,,10994,3,,,1,30,,10958,3,,,1,70,,10965,3,,,1,30,,11006,3,,,1,70,,11004,3,,,1,30,,10986,3,,,1,70,,7720,3,,,1,30,,10960,3,,,1,70,,10998,3,,,1,30,,10995,3,,,1,70,,10984,3,,,1,30,,10982,3,,,1,70,,10956,3,,,1,30,,10970,3,,,1,70,,10977,3,,,1,30,,10969,3,,,1,70,,10974,3,,,1,30,,7919,3,,,1,70,,10996,3,,,1,30,,11005,3,,,1,70,,7869,3,,,1,30,,10966,3,,,1
20401,'9',1847,,5114,3,,,1,70,,11007,3,,,1,30,,11008,3,,,1,70,,11023,3,,,1,30,,11017,3,,,1,70,,6219,3,,,1,30,,11021,3,,,1,70,,11009,3,,,1,30,,11014,3,,,1,70,,11016,3,,,1
