10401,'14',639,,3468,2,,,1,70,,3500,2,,,1,30,,3480,2,,,1,70,,3494,2,,,1,30,,3463,2,,,1,70,,744,2,,,1,30,,3504,2,,,1,70,,3481,2,,,1,30,,164,2,,,1,70,,3482,2,,,1,30,,3498,2,,,1,70,,3493,2,,,1,30,,3501,2,,,1,70,,3487,2,,,1,30,,3503,2,,,1,70,,3465,2,,,1,30,,3488,2,,,1,70,,3495,2,,,1,30,,3474,2,,,1,70,,3475,2,,,1,30,,3476,2,,,1,70,,3470,2,,,1,30,,3502,2,,,1,70,,3467,2,,,1,30,,1056,2,,,1
10401,'18',639,,3513,2,,,1,70,,3550,2,,,1,30,,3526,2,,,1,70,,3544,2,,,1,30,,3506,2,,,1,70,,3511,2,,,1,30,,3554,2,,,1,70,,3527,2,,,1,30,,3530,2,,,1,70,,3529,2,,,1,30,,3548,2,,,1,70,,3543,2,,,1,30,,3551,2,,,1,70,,3536,2,,,1,30,,3553,2,,,1,70,,3508,2,,,1,30,,3537,2,,,1,70,,3545,2,,,1,30,,3520,2,,,1,70,,3521,2,,,1,30,,3522,2,,,1,70,,3516,2,,,1,30,,3552,2,,,1,70,,3512,2,,,1,30,,3514,2,,,1
10401,'20',639,,3561,2,,,1,70,,3593,2,,,1,30,,3573,2,,,1,70,,3587,2,,,1,30,,3556,2,,,1,70,,684,2,,,1,30,,3597,2,,,1,70,,3574,2,,,1,30,,107,2,,,1,70,,3575,2,,,1,30,,3591,2,,,1,70,,3586,2,,,1,30,,3594,2,,,1,70,,3580,2,,,1,30,,3596,2,,,1,70,,3558,2,,,1,30,,3581,2,,,1,70,,3588,2,,,1,30,,3567,2,,,1,70,,3568,2,,,1,30,,3569,2,,,1,70,,3563,2,,,1,30,,3595,2,,,1,70,,3560,2,,,1,30,,1031,2,,,1
10401,'8',639,,3606,2,,,1,70,,3643,2,,,1,30,,3619,2,,,1,70,,3637,2,,,1,30,,3599,2,,,1,70,,3604,2,,,1,30,,3647,2,,,1,70,,3620,2,,,1,30,,3623,2,,,1,70,,3622,2,,,1,30,,3641,2,,,1,70,,3636,2,,,1,30,,3644,2,,,1,70,,3629,2,,,1,30,,3646,2,,,1,70,,3601,2,,,1,30,,3630,2,,,1,70,,3638,2,,,1,30,,3613,2,,,1,70,,3614,2,,,1,30,,3615,2,,,1,70,,3609,2,,,1,30,,3645,2,,,1,70,,3605,2,,,1,30,,3607,2,,,1
20301,'14',2407,,375,15,,,1
20301,'18',2407,,6314,15,,,1
20301,'20',2407,,325,15,,,1
20301,'8',2407,,6362,15,,,1
20401,'11',740,,6509,2,,,1,70,,6486,2,,,1,30,,6466,2,,,1,70,,6494,2,,,1,30,,6510,2,,,1,70,,6490,2,,,1,30,,2736,2,,,1,70,,6483,2,,,1,30,,6491,2,,,1,70,,6511,2,,,1,30,,6484,2,,,1,70,,6474,2,,,1,30,,6507,2,,,1,70,,6499,2,,,1,30,,6481,2,,,1,70,,6482,2,,,1,30,,6473,2,,,1,70,,6505,2,,,1,30,,6465,2,,,1,70,,6475,2,,,1,30,,6476,2,,,1,70,,6462,2,,,1,30,,6504,2,,,1,70,,6498,2,,,1,30,,6513,2,,,1,70,,6467,2,,,1,30,,6488,2,,,1,70,,6495,2,,,1
20401,'14',1910,,6532,2,,,1,30,,6524,2,,,1,70,,6519,2,,,1,30,,6525,2,,,1,70,,6517,2,,,1,30,,6521,2,,,1,70,,6527,2,,,1,30,,6529,2,,,1,70,,1054,2,,,1,30,,6533,2,,,1
20401,'18',1910,,6552,2,,,1,30,,6544,2,,,1,70,,6538,2,,,1,30,,6545,2,,,1,70,,6535,2,,,1,30,,6541,2,,,1,70,,6547,2,,,1,30,,6549,2,,,1,70,,6536,2,,,1,30,,6553,2,,,1
20401,'20',1910,,6568,2,,,1,30,,6560,2,,,1,70,,6556,2,,,1,30,,6561,2,,,1,70,,6554,2,,,1,30,,6557,2,,,1,70,,6563,2,,,1,30,,6565,2,,,1,70,,1029,2,,,1,30,,6569,2,,,1
20401,'4',740,,6618,2,,,1,70,,6594,2,,,1,30,,6574,2,,,1,70,,6602,2,,,1,30,,6619,2,,,1,70,,6598,2,,,1,30,,6607,2,,,1,70,,6591,2,,,1,30,,6599,2,,,1,70,,6620,2,,,1,30,,6592,2,,,1,70,,6582,2,,,1,30,,6616,2,,,1,70,,6608,2,,,1,30,,6589,2,,,1,70,,6590,2,,,1,30,,6581,2,,,1,70,,6614,2,,,1,30,,6573,2,,,1,70,,6583,2,,,1,30,,6584,2,,,1,70,,6570,2,,,1,30,,6613,2,,,1,70,,6606,2,,,1,30,,6622,2,,,1,70,,6575,2,,,1,30,,6596,2,,,1,70,,6603,2,,,1
20401,'8',1910,,6644,2,,,1,30,,6636,2,,,1,70,,6630,2,,,1,30,,6637,2,,,1,70,,6627,2,,,1,30,,6633,2,,,1,70,,6639,2,,,1,30,,6641,2,,,1,70,,6628,2,,,1,30,,6645,2,,,1
