10500,'14',602,,3682,11,,,1,100,,3668,11,,,1,30,,3649,11,,,1,70,,3679,11,,,1,30,,3650,11,,,1,70,,3678,11,,,1,30,,3665,11,,,1,70,,3648,11,,,1,100,,3664,11,,,1,100,,1449,11,,,1,100,,3662,11,,,1,100,,3661,11,,,1,100,,3657,11,,,1,30,,3653,11,,,1,70,,3667,11,,,1,30,,3671,11,,,1,70,,1017,11,,,1,30,,3660,11,,,1,70,,3680,11,,,1
10500,'18',602,,3720,11,,,1,100,,3704,11,,,1,30,,3684,11,,,1,70,,3717,11,,,1,30,,3685,11,,,1,70,,3716,11,,,1,30,,3700,11,,,1,70,,3683,11,,,1,100,,3699,11,,,1,100,,3707,11,,,1,100,,3697,11,,,1,100,,3696,11,,,1,100,,3692,11,,,1,30,,3688,11,,,1,70,,3703,11,,,1,30,,3709,11,,,1,70,,3705,11,,,1,30,,3695,11,,,1,70,,3718,11,,,1
10500,'20',602,,3755,11,,,1,100,,3740,11,,,1,30,,3722,11,,,1,70,,3752,11,,,1,30,,3723,11,,,1,70,,3751,11,,,1,30,,3737,11,,,1,70,,3721,11,,,1,100,,3736,11,,,1,100,,3742,11,,,1,100,,3734,11,,,1,100,,3733,11,,,1,100,,3729,11,,,1,30,,806,11,,,1,70,,3739,11,,,1,30,,3744,11,,,1,70,,969,11,,,1,30,,3732,11,,,1,70,,3753,11,,,1
10500,'8',602,,3793,11,,,1,100,,3777,11,,,1,30,,3757,11,,,1,70,,3790,11,,,1,30,,3758,11,,,1,70,,3789,11,,,1,30,,3773,11,,,1,70,,3756,11,,,1,100,,3772,11,,,1,100,,3780,11,,,1,100,,3770,11,,,1,100,,3769,11,,,1,100,,3765,11,,,1,30,,3761,11,,,1,70,,3776,11,,,1,30,,3782,11,,,1,70,,3778,11,,,1,30,,3768,11,,,1,70,,3791,11,,,1
20500,'11',700,,6648,8,,,1,100,,6658,8,,,1,100,,6654,8,,,1,100,,6662,8,,,1,100,,6667,8,,,1,100,,6647,8,,,1,100,,6668,8,,,1,100,,6663,8,,,1,100,,6669,8,,,1,100,,6646,8,,,1,100,,2735,8,,,1,100,,6665,8,,,1,100,,2642,8,,,1,100,,6650,8,,,1
20500,'14',1900,,6671,8,,,1,100,,6672,8,,,1,100,,1735,8,,,1,100,,6677,8,,,1
20500,'18',1900,,6678,8,,,1,100,,6679,8,,,1,100,,6682,8,,,1,100,,6685,8,,,1
20500,'20',1900,,6686,8,,,1,100,,6687,8,,,1,100,,1687,8,,,1,100,,6692,8,,,1
20500,'4',700,,6696,8,,,1,100,,6707,8,,,1,100,,6703,8,,,1,100,,6711,8,,,1,100,,6717,8,,,1,100,,6695,8,,,1,100,,6718,8,,,1,100,,6712,8,,,1,100,,6719,8,,,1,100,,6693,8,,,1,100,,6713,8,,,1,100,,6715,8,,,1,100,,6694,8,,,1,100,,6699,8,,,1
20500,'8',1900,,6721,8,,,1,100,,6722,8,,,1,100,,6725,8,,,1,100,,6728,8,,,1
