10500,'14',551,,3666,6,,,1,100,,3654,6,,,1,70,,3673,6,,,1,30,,3656,6,,,1,70,,3652,6,,,1,30,,3674,6,,,1,70,,3669,6,,,1,30,,3676,6,,,1,100,,3658,6,,,1,100,,67,6,,,1,100,,3655,6,,,1,100,,3681,6,,,1,100,,3670,6,,,1,70,,3663,6,,,1,30,,3677,6,,,1,70,,3672,6,,,1,30,,3675,6,,,1,70,,3659,6,,,1,30,,3651,6,,,1
10500,'18',551,,3702,6,,,1,100,,3689,6,,,1,70,,3711,6,,,1,30,,3691,6,,,1,70,,3687,6,,,1,30,,3712,6,,,1,70,,3706,6,,,1,30,,3714,6,,,1,100,,3693,6,,,1,100,,3701,6,,,1,100,,3690,6,,,1,100,,3719,6,,,1,100,,3708,6,,,1,70,,3698,6,,,1,30,,3715,6,,,1,70,,3710,6,,,1,30,,3713,6,,,1,70,,3694,6,,,1,30,,3686,6,,,1
10500,'20',551,,3738,6,,,1,100,,3726,6,,,1,70,,3746,6,,,1,30,,3728,6,,,1,70,,3725,6,,,1,30,,3747,6,,,1,70,,3741,6,,,1,30,,3749,6,,,1,100,,3730,6,,,1,100,,49,6,,,1,100,,3727,6,,,1,100,,3754,6,,,1,100,,3743,6,,,1,70,,3735,6,,,1,30,,3750,6,,,1,70,,3745,6,,,1,30,,3748,6,,,1,70,,3731,6,,,1,30,,3724,6,,,1
10500,'8',551,,3775,6,,,1,100,,3762,6,,,1,70,,3784,6,,,1,30,,3764,6,,,1,70,,3760,6,,,1,30,,3785,6,,,1,70,,3779,6,,,1,30,,3787,6,,,1,100,,3766,6,,,1,100,,3774,6,,,1,100,,3763,6,,,1,100,,3792,6,,,1,100,,3781,6,,,1,70,,3771,6,,,1,30,,3788,6,,,1,70,,3783,6,,,1,30,,3786,6,,,1,70,,3767,6,,,1,30,,3759,6,,,1
20500,'11',650,,6661,6,,,1,100,,6657,6,,,1,100,,6653,6,,,1,100,,6666,6,,,1,100,,6670,6,,,1,100,,2797,6,,,1,100,,6664,6,,,1,100,,6649,6,,,1,100,,6659,6,,,1,100,,6652,6,,,1,100,,6656,6,,,1,100,,6655,6,,,1,100,,6651,6,,,1,100,,6660,6,,,1
20500,'14',1850,,6675,6,,,1,100,,6674,6,,,1,100,,6676,6,,,1,100,,6673,6,,,1
20500,'18',1850,,6683,6,,,1,100,,6681,6,,,1,100,,6684,6,,,1,100,,6680,6,,,1
20500,'20',1850,,6690,6,,,1,100,,6689,6,,,1,100,,6691,6,,,1,100,,6688,6,,,1
20500,'4',650,,6710,6,,,1,100,,6706,6,,,1,100,,6702,6,,,1,100,,6716,6,,,1,100,,6720,6,,,1,100,,6697,6,,,1,100,,6714,6,,,1,100,,6698,6,,,1,100,,6708,6,,,1,100,,6701,6,,,1,100,,6705,6,,,1,100,,6704,6,,,1,100,,6700,6,,,1,100,,6709,6,,,1
20500,'8',1850,,6726,6,,,1,100,,6724,6,,,1,100,,6727,6,,,1,100,,6723,6,,,1
