10500,'14',553,,3666,11,,,1,100,,3654,11,,,1,70,,3673,11,,,1,30,,3656,11,,,1,70,,3652,11,,,1,30,,3674,11,,,1,70,,3669,11,,,1,30,,3676,11,,,1,100,,3658,11,,,1,100,,67,11,,,1,100,,3655,11,,,1,100,,3681,11,,,1,100,,3670,11,,,1,70,,3663,11,,,1,30,,3677,11,,,1,70,,3672,11,,,1,30,,3675,11,,,1,70,,3659,11,,,1,30,,3651,11,,,1
10500,'18',553,,3702,11,,,1,100,,3689,11,,,1,70,,3711,11,,,1,30,,3691,11,,,1,70,,3687,11,,,1,30,,3712,11,,,1,70,,3706,11,,,1,30,,3714,11,,,1,100,,3693,11,,,1,100,,3701,11,,,1,100,,3690,11,,,1,100,,3719,11,,,1,100,,3708,11,,,1,70,,3698,11,,,1,30,,3715,11,,,1,70,,3710,11,,,1,30,,3713,11,,,1,70,,3694,11,,,1,30,,3686,11,,,1
10500,'20',553,,3738,11,,,1,100,,3726,11,,,1,70,,3746,11,,,1,30,,3728,11,,,1,70,,3725,11,,,1,30,,3747,11,,,1,70,,3741,11,,,1,30,,3749,11,,,1,100,,3730,11,,,1,100,,49,11,,,1,100,,3727,11,,,1,100,,3754,11,,,1,100,,3743,11,,,1,70,,3735,11,,,1,30,,3750,11,,,1,70,,3745,11,,,1,30,,3748,11,,,1,70,,3731,11,,,1,30,,3724,11,,,1
10500,'8',553,,3775,11,,,1,100,,3762,11,,,1,70,,3784,11,,,1,30,,3764,11,,,1,70,,3760,11,,,1,30,,3785,11,,,1,70,,3779,11,,,1,30,,3787,11,,,1,100,,3766,11,,,1,100,,3774,11,,,1,100,,3763,11,,,1,100,,3792,11,,,1,100,,3781,11,,,1,70,,3771,11,,,1,30,,3788,11,,,1,70,,3783,11,,,1,30,,3786,11,,,1,70,,3767,11,,,1,30,,3759,11,,,1
20500,'11',652,,6661,11,,,1,100,,6657,11,,,1,100,,6653,11,,,1,100,,6666,11,,,1,100,,6670,11,,,1,100,,2797,11,,,1,100,,6664,11,,,1,100,,6649,11,,,1,100,,6659,11,,,1,100,,6652,11,,,1,100,,6656,11,,,1,100,,6655,11,,,1,100,,6651,11,,,1,100,,6660,11,,,1
20500,'14',1852,,6675,11,,,1,100,,6674,11,,,1,100,,6676,11,,,1,100,,6673,11,,,1
20500,'18',1852,,6683,11,,,1,100,,6681,11,,,1,100,,6684,11,,,1,100,,6680,11,,,1
20500,'20',1852,,6690,11,,,1,100,,6689,11,,,1,100,,6691,11,,,1,100,,6688,11,,,1
20500,'4',652,,6710,11,,,1,100,,6706,11,,,1,100,,6702,11,,,1,100,,6716,11,,,1,100,,6720,11,,,1,100,,6697,11,,,1,100,,6714,11,,,1,100,,6698,11,,,1,100,,6708,11,,,1,100,,6701,11,,,1,100,,6705,11,,,1,100,,6704,11,,,1,100,,6700,11,,,1,100,,6709,11,,,1
20500,'8',1852,,6726,11,,,1,100,,6724,11,,,1,100,,6727,11,,,1,100,,6723,11,,,1
