10400,'14',635,,3370,9,0,11 12,1,70,,3372,9,0,11 12,1,30,,3371,9,0,11 12,1,70,,3375,9,0,11 12,1,30,,3373,9,0,11 12,1,70,,3365,9,0,11 12,1,30,,3366,9,0,11 12,1,70,,3384,9,0,11 12,1,30,,3383,9,0,11 12,1,70,,3385,9,0,11 12,1,30,,3368,9,0,11 12,1,70,,3378,9,0,11 12,1,30,,3380,9,0,11 12,1,70,,3382,9,0,11 12,1,30,,3381,9,0,11 12,1,70,,3386,9,0,11 12,1,30,,3376,9,0,11 12,1,70,,3374,9,0,11 12,1,30,,3377,9,0,11 12,1,70,,1660,9,0,11 12,1,30,,3369,9,0,11 12,1,70,,3367,9,0,11 12,1,30,,3379,9,0,11 12,1,70,,3388,9,0,11 12,1,30,,3387,9,0,11 12,1
10400,'18',635,,3394,9,0,11 12,1,70,,3396,9,0,11 12,1,30,,3395,9,0,11 12,1,70,,3399,9,0,11 12,1,30,,3397,9,0,11 12,1,70,,3389,9,0,11 12,1,30,,3390,9,0,11 12,1,70,,3409,9,0,11 12,1,30,,3408,9,0,11 12,1,70,,3410,9,0,11 12,1,30,,3392,9,0,11 12,1,70,,3402,9,0,11 12,1,30,,3404,9,0,11 12,1,70,,3407,9,0,11 12,1,30,,3405,9,0,11 12,1,70,,3411,9,0,11 12,1,30,,3400,9,0,11 12,1,70,,3398,9,0,11 12,1,30,,3401,9,0,11 12,1,70,,3406,9,0,11 12,1,30,,3393,9,0,11 12,1,70,,3391,9,0,11 12,1,30,,3403,9,0,11 12,1,70,,3413,9,0,11 12,1,30,,3412,9,0,11 12,1
10400,'20',635,,3419,9,0,11 12,1,70,,3421,9,0,11 12,1,30,,3420,9,0,11 12,1,70,,3424,9,0,11 12,1,30,,3422,9,0,11 12,1,70,,3414,9,0,11 12,1,30,,3415,9,0,11 12,1,70,,3432,9,0,11 12,1,30,,3431,9,0,11 12,1,70,,3433,9,0,11 12,1,30,,3417,9,0,11 12,1,70,,3426,9,0,11 12,1,30,,3428,9,0,11 12,1,70,,3430,9,0,11 12,1,30,,3429,9,0,11 12,1,70,,3434,9,0,11 12,1,30,,3425,9,0,11 12,1,70,,3423,9,0,11 12,1,30,,1230,9,0,11 12,1,70,,1614,9,0,11 12,1,30,,3418,9,0,11 12,1,70,,3416,9,0,11 12,1,30,,3427,9,0,11 12,1,70,,3436,9,0,11 12,1,30,,3435,9,0,11 12,1
10400,'8',635,,3442,9,0,11 12,1,70,,3444,9,0,11 12,1,30,,3443,9,0,11 12,1,70,,3447,9,0,11 12,1,30,,3445,9,0,11 12,1,70,,3437,9,0,11 12,1,30,,3438,9,0,11 12,1,70,,3457,9,0,11 12,1,30,,3456,9,0,11 12,1,70,,3458,9,0,11 12,1,30,,3440,9,0,11 12,1,70,,3450,9,0,11 12,1,30,,3452,9,0,11 12,1,70,,3455,9,0,11 12,1,30,,3453,9,0,11 12,1,70,,3459,9,0,11 12,1,30,,3448,9,0,11 12,1,70,,3446,9,0,11 12,1,30,,3449,9,0,11 12,1,70,,3454,9,0,11 12,1,30,,3441,9,0,11 12,1,70,,3439,9,0,11 12,1,30,,3451,9,0,11 12,1,70,,3461,9,0,11 12,1,30,,3460,9,0,11 12,1
20301,'14',2404,,375,10,0,11 12,1
20301,'18',2404,,6314,10,0,11 12,1
20301,'20',2404,,325,10,0,11 12,1
20301,'8',2404,,6362,10,0,11 12,1
20400,'11',737,,6391,10,,,1,70,,6384,10,,,1,30,,6389,10,,,1,70,,6373,10,,,1,30,,6390,10,,,1,70,,6374,10,,,1,30,,6399,10,,,1,70,,6380,10,,,1,30,,6387,10,,,1,70,,6383,10,,,1,30,,6398,10,,,1,70,,6394,10,,,1,30,,2564,10,,,1,70,,6397,10,,,1,30,,6395,10,,,1,70,,6388,10,,,1,30,,6381,10,,,1,70,,6393,10,,,1,30,,6396,10,,,1,70,,6377,10,,,1,30,,6382,10,,,1,70,,6386,10,,,1,30,,6375,10,,,1,70,,6376,10,,,1,30,,6385,10,,,1,70,,6379,10,,,1,30,,6378,10,,,1,70,,6392,10,,,1
20400,'14',1907,,6403,10,,,1,30,,6405,10,,,1,70,,6402,10,,,1,30,,6404,10,,,1,70,,6406,10,,,1,30,,1277,10,,,1,70,,6401,10,,,1,30,,206,10,,,1,70,,301,10,,,1,30,,6400,10,,,1
20400,'18',1907,,6412,10,,,1,30,,6415,10,,,1,70,,6411,10,,,1,30,,6414,10,,,1,70,,6416,10,,,1,30,,6410,10,,,1,70,,6409,10,,,1,30,,6408,10,,,1,70,,6413,10,,,1,30,,6407,10,,,1
20400,'20',1907,,6420,10,,,1,30,,6422,10,,,1,70,,6419,10,,,1,30,,6421,10,,,1,70,,6423,10,,,1,30,,1255,10,,,1,70,,6418,10,,,1,30,,187,10,,,1,70,,276,10,,,1,30,,6417,10,,,1
20400,'4',737,,6443,10,,,1,70,,6436,10,,,1,30,,6441,10,,,1,70,,6424,10,,,1,30,,6442,10,,,1,70,,6425,10,,,1,30,,6451,10,,,1,70,,6432,10,,,1,30,,6439,10,,,1,70,,6435,10,,,1,30,,6450,10,,,1,70,,6446,10,,,1,30,,6426,10,,,1,70,,6449,10,,,1,30,,6447,10,,,1,70,,6440,10,,,1,30,,6433,10,,,1,70,,6445,10,,,1,30,,6448,10,,,1,70,,6429,10,,,1,30,,6434,10,,,1,70,,6438,10,,,1,30,,6427,10,,,1,70,,6428,10,,,1,30,,6437,10,,,1,70,,6431,10,,,1,30,,6430,10,,,1,70,,6444,10,,,1
20400,'8',1907,,6457,10,,,1,30,,6460,10,,,1,70,,6456,10,,,1,30,,6459,10,,,1,70,,6461,10,,,1,30,,6455,10,,,1,70,,6454,10,,,1,30,,6453,10,,,1,70,,6458,10,,,1,30,,6452,10,,,1
