10500,'14',552,,3666,9,,,1,100,,3654,9,,,1,70,,3673,9,,,1,30,,3656,9,,,1,70,,3652,9,,,1,30,,3674,9,,,1,70,,3669,9,,,1,30,,3676,9,,,1,100,,3658,9,,,1,100,,67,9,,,1,100,,3655,9,,,1,100,,3681,9,,,1,100,,3670,9,,,1,70,,3663,9,,,1,30,,3677,9,,,1,70,,3672,9,,,1,30,,3675,9,,,1,70,,3659,9,,,1,30,,3651,9,,,1
10500,'18',552,,3702,9,,,1,100,,3689,9,,,1,70,,3711,9,,,1,30,,3691,9,,,1,70,,3687,9,,,1,30,,3712,9,,,1,70,,3706,9,,,1,30,,3714,9,,,1,100,,3693,9,,,1,100,,3701,9,,,1,100,,3690,9,,,1,100,,3719,9,,,1,100,,3708,9,,,1,70,,3698,9,,,1,30,,3715,9,,,1,70,,3710,9,,,1,30,,3713,9,,,1,70,,3694,9,,,1,30,,3686,9,,,1
10500,'20',552,,3738,9,,,1,100,,3726,9,,,1,70,,3746,9,,,1,30,,3728,9,,,1,70,,3725,9,,,1,30,,3747,9,,,1,70,,3741,9,,,1,30,,3749,9,,,1,100,,3730,9,,,1,100,,49,9,,,1,100,,3727,9,,,1,100,,3754,9,,,1,100,,3743,9,,,1,70,,3735,9,,,1,30,,3750,9,,,1,70,,3745,9,,,1,30,,3748,9,,,1,70,,3731,9,,,1,30,,3724,9,,,1
10500,'8',552,,3775,9,,,1,100,,3762,9,,,1,70,,3784,9,,,1,30,,3764,9,,,1,70,,3760,9,,,1,30,,3785,9,,,1,70,,3779,9,,,1,30,,3787,9,,,1,100,,3766,9,,,1,100,,3774,9,,,1,100,,3763,9,,,1,100,,3792,9,,,1,100,,3781,9,,,1,70,,3771,9,,,1,30,,3788,9,,,1,70,,3783,9,,,1,30,,3786,9,,,1,70,,3767,9,,,1,30,,3759,9,,,1
20500,'11',652,,6661,9,,,1,100,,6657,9,,,1,100,,6653,9,,,1,100,,6666,9,,,1,100,,6670,9,,,1,100,,2797,9,,,1,100,,6664,9,,,1,100,,6649,9,,,1,100,,6659,9,,,1,100,,6652,9,,,1,100,,6656,9,,,1,100,,6655,9,,,1,100,,6651,9,,,1,100,,6660,9,,,1
20500,'14',1852,,6675,9,,,1,100,,6674,9,,,1,100,,6676,9,,,1,100,,6673,9,,,1
20500,'18',1852,,6683,9,,,1,100,,6681,9,,,1,100,,6684,9,,,1,100,,6680,9,,,1
20500,'20',1852,,6690,9,,,1,100,,6689,9,,,1,100,,6691,9,,,1,100,,6688,9,,,1
20500,'4',652,,6710,9,,,1,100,,6706,9,,,1,100,,6702,9,,,1,100,,6716,9,,,1,100,,6720,9,,,1,100,,6697,9,,,1,100,,6714,9,,,1,100,,6698,9,,,1,100,,6708,9,,,1,100,,6701,9,,,1,100,,6705,9,,,1,100,,6704,9,,,1,100,,6700,9,,,1,100,,6709,9,,,1
20500,'8',1852,,6726,9,,,1,100,,6724,9,,,1,100,,6727,9,,,1,100,,6723,9,,,1
