10100,'12',700,,8325,1,,,1,30,,8324,1,,,1,70,,8334,1,,,1,30,,3120,1,,,1,70,,8326,1,,,1,30,,8327,1,,,1,70,,8333,1,,,1,100,,8322,1,,,1,100,,8336,1,,,1,100,,8335,1,,,1,100,,5276,1,,,1,100,,8332,1,,,1,30,,8330,1,,,1,70,,8328,1,,,1,30,,8337,1,,,1,70,,8331,1,,,1,30,,8329,1,,,1,70,,8323,1,,,1
10100,'5',700,,8343,1,,,1,30,,8342,1,,,1,70,,8352,1,,,1,30,,8341,1,,,1,70,,8344,1,,,1,30,,8345,1,,,1,70,,8351,1,,,1,100,,8338,1,,,1,100,,8354,1,,,1,100,,8353,1,,,1,100,,8340,1,,,1,100,,8350,1,,,1,30,,8348,1,,,1,70,,8346,1,,,1,30,,8355,1,,,1,70,,8349,1,,,1,30,,8347,1,,,1,70,,8339,1,,,1
10100,'9',700,,8358,1,,,1,30,,8357,1,,,1,70,,8367,1,,,1,30,,3012,1,,,1,70,,8359,1,,,1,30,,8360,1,,,1,70,,8366,1,,,1,100,,5004,1,,,1,100,,8369,1,,,1,100,,8368,1,,,1,100,,5234,1,,,1,100,,8365,1,,,1,30,,8363,1,,,1,70,,8361,1,,,1,30,,8370,1,,,1,70,,8364,1,,,1,30,,8362,1,,,1,70,,8356,1,,,1
10101,'12',653,,8375,21,4,,1,70,,8371,21,4,,1,30,,8379,21,4,,1,70,,8383,21,4,,1,30,,8382,21,4,,1,70,,8386,21,4,,1,30,,8376,21,4,,1,100,,8380,21,4,,1,100,,8373,21,4,,1,100,,8372,21,4,,1,100,,8384,21,4,,1,101,,8387,21,4,,1,70,,8374,21,4,,1,30,,8381,21,4,,1,70,,8385,21,4,,1,30,,8378,21,4,,1,70,,8377,21,4,,1,30,,5551,21,4,,1
10101,'5',653,,8392,21,4,,1,70,,8388,21,4,,1,30,,8396,21,4,,1,70,,8400,21,4,,1,30,,8399,21,4,,1,70,,8404,21,4,,1,30,,8393,21,4,,1,100,,8397,21,4,,1,100,,8390,21,4,,1,100,,8389,21,4,,1,100,,8401,21,4,,1,101,,8405,21,4,,1,70,,8391,21,4,,1,30,,8398,21,4,,1,70,,8403,21,4,,1,30,,8395,21,4,,1,70,,8394,21,4,,1,30,,8402,21,4,,1
10101,'9',653,,8410,21,4,,1,70,,8406,21,4,,1,30,,8414,21,4,,1,70,,8418,21,4,,1,30,,8417,21,4,,1,70,,8421,21,4,,1,30,,8411,21,4,,1,100,,8415,21,4,,1,100,,8408,21,4,,1,100,,8407,21,4,,1,100,,8419,21,4,,1,101,,8422,21,4,,1,70,,8409,21,4,,1,30,,8416,21,4,,1,70,,8420,21,4,,1,30,,8413,21,4,,1,70,,8412,21,4,,1,30,,5480,21,4,,1
10201,'12',652,,8466,11,4,,1,70,,8443,11,4,,1,30,,8452,11,4,,1,70,,8473,11,4,,1,30,,8444,11,4,,1,70,,8469,11,4,,1,30,,8426,11,4,,1,100,,8441,11,4,,1,100,,8434,11,4,,1,100,,8423,11,4,,1,100,,8474,11,4,,1,100,,8431,11,4,,1,70,,8471,11,4,,1,30,,8461,11,4,,1,70,,8458,11,4,,1,30,,8472,11,4,,1,70,,8465,11,4,,1,30,,8457,11,4,,1
10201,'5',652,,8523,11,4,,1,70,,8499,11,4,,1,30,,8508,11,4,,1,70,,8530,11,4,,1,30,,8500,11,4,,1,70,,8526,11,4,,1,30,,8482,11,4,,1,100,,8497,11,4,,1,100,,8490,11,4,,1,100,,8478,11,4,,1,100,,8531,11,4,,1,100,,8487,11,4,,1,70,,8528,11,4,,1,30,,8518,11,4,,1,70,,8515,11,4,,1,30,,8529,11,4,,1,70,,8522,11,4,,1,30,,8514,11,4,,1
10201,'9',652,,8578,11,4,,1,70,,8555,11,4,,1,30,,8564,11,4,,1,70,,8585,11,4,,1,30,,8556,11,4,,1,70,,8581,11,4,,1,30,,8538,11,4,,1,100,,8553,11,4,,1,100,,8546,11,4,,1,100,,8535,11,4,,1,100,,8586,11,4,,1,100,,8543,11,4,,1,70,,8583,11,4,,1,30,,8573,11,4,,1,70,,8570,11,4,,1,30,,8584,11,4,,1,70,,8577,11,4,,1,30,,8569,11,4,,1
10300,'12',630,,8607,1,,,1,100,,8593,1,,,1,70,,8597,1,,,1,30,,8595,1,,,1,70,,8600,1,,,1,30,,4051,1,,,1,70,,8606,1,,,1,30,,8603,1,,,1,100,,8592,1,,,1,100,,8604,1,,,1,100,,8605,1,,,1,100,,8596,1,,,1,100,,8599,1,,,1,70,,8591,1,,,1,30,,8590,1,,,1,70,,8594,1,,,1,30,,8598,1,,,1,70,,8601,1,,,1,30,,8602,1,,,1
10300,'5',630,,8626,1,,,1,100,,8611,1,,,1,70,,8615,1,,,1,30,,8613,1,,,1,70,,8624,1,,,1,30,,8619,1,,,1,70,,8616,1,,,1,30,,8622,1,,,1,100,,8610,1,,,1,100,,8623,1,,,1,100,,8625,1,,,1,100,,8614,1,,,1,100,,8618,1,,,1,70,,8609,1,,,1,30,,8608,1,,,1,70,,8612,1,,,1,30,,8617,1,,,1,70,,8620,1,,,1,30,,8621,1,,,1
10300,'9',630,,8644,1,,,1,100,,8630,1,,,1,70,,8634,1,,,1,30,,8632,1,,,1,70,,8642,1,,,1,30,,4013,1,,,1,70,,8635,1,,,1,30,,8640,1,,,1,100,,8629,1,,,1,100,,8641,1,,,1,100,,8643,1,,,1,100,,8633,1,,,1,100,,8637,1,,,1,70,,8628,1,,,1,30,,8627,1,,,1,70,,8631,1,,,1,30,,8636,1,,,1,70,,8638,1,,,1,30,,8639,1,,,1
10301,'12',623,,8646,25,4,,1,100,,8658,25,4,,1,30,,6106,25,4,,1,70,,7444,25,4,,1,30,,8656,25,4,,1,70,,8660,25,4,,1,30,,8651,25,4,,1,70,,8648,25,4,,1,100,,8645,25,4,,1,100,,8659,25,4,,1,100,,8654,25,4,,1,100,,8649,25,4,,1,100,,8657,25,4,,1,30,,8655,25,4,,1,70,,8652,25,4,,1,30,,3425,25,4,,1,70,,8647,25,4,,1,30,,8650,25,4,,1,70,,1506,25,4,,1,30,,8653,25,4,,1
10301,'5',623,,8662,25,4,,1,100,,8676,25,4,,1,30,,8679,25,4,,1,70,,8675,25,4,,1,30,,8678,25,4,,1,70,,8680,25,4,,1,30,,8668,25,4,,1,70,,8665,25,4,,1,100,,8661,25,4,,1,100,,8677,25,4,,1,100,,8670,25,4,,1,100,,8666,25,4,,1,100,,8674,25,4,,1,30,,8672,25,4,,1,70,,8669,25,4,,1,30,,8671,25,4,,1,70,,8664,25,4,,1,30,,8667,25,4,,1,70,,8663,25,4,,1,30,,8673,25,4,,1
10301,'9',623,,8682,25,4,,1,100,,8693,25,4,,1,30,,8696,25,4,,1,70,,7424,25,4,,1,30,,8695,25,4,,1,70,,8697,25,4,,1,30,,8687,25,4,,1,70,,8684,25,4,,1,100,,8681,25,4,,1,100,,8694,25,4,,1,100,,8689,25,4,,1,100,,8685,25,4,,1,100,,8692,25,4,,1,30,,8690,25,4,,1,70,,8688,25,4,,1,30,,3376,25,4,,1,70,,8683,25,4,,1,30,,8686,25,4,,1,70,,1542,25,4,,1,30,,8691,25,4,,1
10400,'12',630,,5394,1,0,11 12,1,70,,8704,1,0,11 12,1,30,,8705,1,0,11 12,1,70,,8710,1,0,11 12,1,30,,8715,1,0,11 12,1,70,,8712,1,0,11 12,1,30,,8709,1,0,11 12,1,70,,8701,1,0,11 12,1,30,,8700,1,0,11 12,1,70,,8707,1,0,11 12,1,30,,8699,1,0,11 12,1,70,,8698,1,0,11 12,1,30,,8714,1,0,11 12,1,70,,8703,1,0,11 12,1,30,,8720,1,0,11 12,1,70,,8716,1,0,11 12,1,30,,8706,1,0,11 12,1,70,,8718,1,0,11 12,1,30,,8713,1,0,11 12,1,70,,8702,1,0,11 12,1,30,,8719,1,0,11 12,1,70,,8717,1,0,11 12,1,30,,8711,1,0,11 12,1,70,,8708,1,0,11 12,1,30,,8721,1,0,11 12,1
10400,'5',630,,8728,1,0,11 12,1,70,,8729,1,0,11 12,1,30,,8730,1,0,11 12,1,70,,8735,1,0,11 12,1,30,,8740,1,0,11 12,1,70,,8737,1,0,11 12,1,30,,8734,1,0,11 12,1,70,,8725,1,0,11 12,1,30,,8724,1,0,11 12,1,70,,8732,1,0,11 12,1,30,,8723,1,0,11 12,1,70,,8722,1,0,11 12,1,30,,8739,1,0,11 12,1,70,,8727,1,0,11 12,1,30,,8745,1,0,11 12,1,70,,8741,1,0,11 12,1,30,,8731,1,0,11 12,1,70,,8743,1,0,11 12,1,30,,8738,1,0,11 12,1,70,,8726,1,0,11 12,1,30,,8744,1,0,11 12,1,70,,8742,1,0,11 12,1,30,,8736,1,0,11 12,1,70,,8733,1,0,11 12,1,30,,8746,1,0,11 12,1
10400,'9',630,,5322,1,0,11 12,1,70,,8753,1,0,11 12,1,30,,8754,1,0,11 12,1,70,,8759,1,0,11 12,1,30,,8764,1,0,11 12,1,70,,8761,1,0,11 12,1,30,,8758,1,0,11 12,1,70,,8750,1,0,11 12,1,30,,8749,1,0,11 12,1,70,,8756,1,0,11 12,1,30,,8748,1,0,11 12,1,70,,8747,1,0,11 12,1,30,,8763,1,0,11 12,1,70,,8752,1,0,11 12,1,30,,8769,1,0,11 12,1,70,,8765,1,0,11 12,1,30,,8755,1,0,11 12,1,70,,8767,1,0,11 12,1,30,,8762,1,0,11 12,1,70,,8751,1,0,11 12,1,30,,8768,1,0,11 12,1,70,,8766,1,0,11 12,1,30,,8760,1,0,11 12,1,70,,8757,1,0,11 12,1,30,,8770,1,0,11 12,1
10401,'12',627,,8774,15,4,,1,30,,8809,15,4,,1,70,,8799,15,4,,1,30,,8792,15,4,,1,70,,8806,15,4,,1,30,,8801,15,4,,1,70,,8808,15,4,,1,30,,8787,15,4,,1,70,,8786,15,4,,1,30,,8771,15,4,,1,70,,441,15,4,,1,30,,8782,15,4,,1,70,,8805,15,4,,1,30,,8811,15,4,,1,70,,8794,15,4,,1,30,,8802,15,4,,1,70,,5289,15,4,,1,30,,8777,15,4,,1,70,,8791,15,4,,1,30,,8778,15,4,,1,70,,8783,15,4,,1,30,,8789,15,4,,1,70,,8781,15,4,,1,30,,8788,15,4,,1,70,,8784,15,4,,1
10401,'5',627,,8817,15,4,,1,30,,8857,15,4,,1,70,,8843,15,4,,1,30,,8835,15,4,,1,70,,8854,15,4,,1,30,,8847,15,4,,1,70,,8856,15,4,,1,30,,8830,15,4,,1,70,,8829,15,4,,1,30,,8814,15,4,,1,70,,8850,15,4,,1,30,,8825,15,4,,1,70,,8853,15,4,,1,30,,8859,15,4,,1,70,,8837,15,4,,1,30,,8849,15,4,,1,70,,8862,15,4,,1,30,,8820,15,4,,1,70,,8834,15,4,,1,30,,8821,15,4,,1,70,,8826,15,4,,1,30,,8832,15,4,,1,70,,8824,15,4,,1,30,,8831,15,4,,1,70,,8827,15,4,,1
10401,'9',627,,8867,15,4,,1,30,,8903,15,4,,1,70,,8892,15,4,,1,30,,8885,15,4,,1,70,,8900,15,4,,1,30,,8895,15,4,,1,70,,8902,15,4,,1,30,,8880,15,4,,1,70,,8879,15,4,,1,30,,8864,15,4,,1,70,,479,15,4,,1,30,,8875,15,4,,1,70,,8899,15,4,,1,30,,8905,15,4,,1,70,,8887,15,4,,1,30,,8896,15,4,,1,70,,8908,15,4,,1,30,,8870,15,4,,1,70,,8884,15,4,,1,30,,8871,15,4,,1,70,,8876,15,4,,1,30,,8882,15,4,,1,70,,8874,15,4,,1,30,,8881,15,4,,1,70,,8877,15,4,,1
10600,'12',637,,9122,1,,,1,100,,9120,1,,,1,70,,9127,1,,,1,30,,9130,1,,,1,70,,6107,1,,,1,30,,9121,1,,,1,100,,9119,1,,,1,100,,9129,1,,,1,100,,9124,1,,,1,100,,9123,1,,,1,100,,9126,1,,,1,70,,5402,1,,,1,30,,9118,1,,,1,70,,4049,1,,,1,23,,9125,1,,,1,77,,3333,1,,,1,23,,9128,1,,,1
10600,'5',637,,9136,1,,,1,100,,9134,1,,,1,70,,9144,1,,,1,30,,9147,1,,,1,70,,9131,1,,,1,30,,9135,1,,,1,100,,9133,1,,,1,100,,9146,1,,,1,100,,9138,1,,,1,100,,9137,1,,,1,100,,9143,1,,,1,70,,9141,1,,,1,30,,9132,1,,,1,70,,9139,1,,,1,23,,9142,1,,,1,77,,9140,1,,,1,23,,9145,1,,,1
10600,'9',637,,9152,1,,,1,100,,9150,1,,,1,70,,9158,1,,,1,30,,9161,1,,,1,70,,6017,1,,,1,30,,9151,1,,,1,100,,9149,1,,,1,100,,9160,1,,,1,100,,9154,1,,,1,100,,9153,1,,,1,100,,9157,1,,,1,70,,5335,1,,,1,30,,9148,1,,,1,70,,4011,1,,,1,23,,9156,1,,,1,77,,9155,1,,,1,23,,9159,1,,,1
10601,'12',620,,9166,30,4,,1,100,,9177,30,4,,1,30,,9172,30,4,,1,70,,9178,30,4,,1,30,,9175,30,4,,1,70,,9162,30,4,,1,100,,4862,30,4,,1,100,,9164,30,4,,1,100,,9163,30,4,,1,100,,9173,30,4,,1,100,,9179,30,4,,1,30,,9180,30,4,,1,70,,9170,30,4,,1,30,,9174,30,4,,1,70,,9167,30,4,,1,30,,9169,30,4,,1,70,,9168,30,4,,1,30,,9165,30,4,,1,70,,9176,30,4,,1
10601,'5',620,,9185,30,4,,1,100,,9197,30,4,,1,30,,9192,30,4,,1,70,,9198,30,4,,1,30,,9195,30,4,,1,70,,9181,30,4,,1,100,,9186,30,4,,1,100,,9183,30,4,,1,100,,9182,30,4,,1,100,,9193,30,4,,1,100,,9199,30,4,,1,30,,9200,30,4,,1,70,,9190,30,4,,1,30,,9194,30,4,,1,70,,9187,30,4,,1,30,,9189,30,4,,1,70,,9188,30,4,,1,30,,9184,30,4,,1,70,,9196,30,4,,1
10601,'9',620,,9205,30,4,,1,100,,9216,30,4,,1,30,,9211,30,4,,1,70,,9217,30,4,,1,30,,9214,30,4,,1,70,,9201,30,4,,1,100,,4816,30,4,,1,100,,9203,30,4,,1,100,,9202,30,4,,1,100,,9212,30,4,,1,100,,9218,30,4,,1,30,,9219,30,4,,1,70,,9209,30,4,,1,30,,9213,30,4,,1,70,,9206,30,4,,1,30,,9208,30,4,,1,70,,9207,30,4,,1,30,,9204,30,4,,1,70,,9215,30,4,,1
10700,'12',630,,9226,1,,,1,100,,9232,1,,,1,70,,9220,1,,,1,30,,9234,1,,,1,70,,9236,1,,,1,30,,9229,1,,,1,100,,9228,1,,,1,100,,9225,1,,,1,100,,9223,1,,,1,100,,6104,1,,,1,100,,9233,1,,,1,70,,3266,1,,,1,30,,9221,1,,,1,70,,9224,1,,,1,30,,9230,1,,,1,70,,9231,1,,,1,30,,9222,1,,,1,70,,9227,1,,,1,30,,9235,1,,,1
10700,'5',630,,9244,1,,,1,100,,9250,1,,,1,70,,9238,1,,,1,30,,9252,1,,,1,70,,9254,1,,,1,30,,9247,1,,,1,100,,9246,1,,,1,100,,9243,1,,,1,100,,9241,1,,,1,100,,9237,1,,,1,100,,9251,1,,,1,70,,9255,1,,,1,30,,9239,1,,,1,70,,9242,1,,,1,30,,9248,1,,,1,70,,9249,1,,,1,30,,9240,1,,,1,70,,9245,1,,,1,30,,9253,1,,,1
10700,'9',630,,9262,1,,,1,100,,9268,1,,,1,70,,9256,1,,,1,30,,9270,1,,,1,70,,9272,1,,,1,30,,9265,1,,,1,100,,9264,1,,,1,100,,9261,1,,,1,100,,9259,1,,,1,100,,6014,1,,,1,100,,9269,1,,,1,70,,3231,1,,,1,30,,9257,1,,,1,70,,9260,1,,,1,30,,9266,1,,,1,70,,9267,1,,,1,30,,9258,1,,,1,70,,9263,1,,,1,30,,9271,1,,,1
10701,'12',624,,9289,16,4,,1,100,,1806,16,4,,1,30,,9318,16,4,,1,70,,4112,16,4,,1,30,,9293,16,4,,1,70,,9283,16,4,,1,100,,9275,16,4,,1,100,,9281,16,4,,1,100,,9325,16,4,,1,106,,4296,16,4,,1,94,,9294,16,4,,1,30,,9277,16,4,,1,70,,9314,16,4,,1,30,,9313,16,4,,1,76,,9319,16,4,,1,24,,9304,16,4,,1,76,,7622,16,4,,1,70,,9306,16,4,,1,24,,9303,16,4,,1,100,,9297,16,4,,1
10701,'5',624,,9346,16,4,,1,100,,9328,16,4,,1,30,,9378,16,4,,1,70,,9327,16,4,,1,30,,9350,16,4,,1,70,,9339,16,4,,1,100,,9331,16,4,,1,100,,9337,16,4,,1,100,,9385,16,4,,1,106,,9371,16,4,,1,94,,9351,16,4,,1,30,,9333,16,4,,1,70,,9374,16,4,,1,30,,9373,16,4,,1,76,,9379,16,4,,1,24,,9361,16,4,,1,76,,9370,16,4,,1,70,,9363,16,4,,1,24,,9360,16,4,,1,100,,9354,16,4,,1
10701,'9',624,,9403,16,4,,1,100,,1845,16,4,,1,30,,9432,16,4,,1,70,,4079,16,4,,1,30,,9407,16,4,,1,70,,9396,16,4,,1,100,,9389,16,4,,1,100,,9395,16,4,,1,100,,9439,16,4,,1,106,,4179,16,4,,1,94,,9408,16,4,,1,30,,9391,16,4,,1,70,,9428,16,4,,1,30,,9427,16,4,,1,76,,9433,16,4,,1,24,,9418,16,4,,1,76,,7605,16,4,,1,70,,9420,16,4,,1,24,,9417,16,4,,1,100,,9411,16,4,,1
11000,'12',630,,9762,1,,,1,70,,9761,1,,,1,30,,3741,1,,,1,70,,9752,1,,,1,30,,9767,1,,,1,70,,9766,1,,,1,30,,9764,1,,,1,70,,3331,1,,,1,30,,9758,1,,,1,70,,9769,1,,,1,30,,9770,1,,,1,70,,9750,1,,,1,30,,4615,1,,,1,70,,9768,1,,,1,30,,9757,1,,,1,70,,9755,1,,,1,30,,9759,1,,,1,70,,9765,1,,,1,30,,9754,1,,,1,70,,9771,1,,,1,30,,9751,1,,,1,70,,9753,1,,,1,30,,9763,1,,,1,70,,9756,1,,,1,30,,9760,1,,,1
11000,'5',630,,9785,1,,,1,70,,9784,1,,,1,30,,9793,1,,,1,70,,9774,1,,,1,30,,9791,1,,,1,70,,9790,1,,,1,30,,9787,1,,,1,70,,9777,1,,,1,30,,9781,1,,,1,70,,9794,1,,,1,30,,9795,1,,,1,70,,9772,1,,,1,30,,9789,1,,,1,70,,9792,1,,,1,30,,9780,1,,,1,70,,9778,1,,,1,30,,9782,1,,,1,70,,9788,1,,,1,30,,9776,1,,,1,70,,9796,1,,,1,30,,9773,1,,,1,70,,9775,1,,,1,30,,9786,1,,,1,70,,9779,1,,,1,30,,9783,1,,,1
11000,'9',630,,9809,1,,,1,70,,9808,1,,,1,30,,3669,1,,,1,70,,9799,1,,,1,30,,9813,1,,,1,70,,9812,1,,,1,30,,9811,1,,,1,70,,3293,1,,,1,30,,9805,1,,,1,70,,9815,1,,,1,30,,9816,1,,,1,70,,9797,1,,,1,30,,4591,1,,,1,70,,9814,1,,,1,30,,9804,1,,,1,70,,9802,1,,,1,30,,9806,1,,,1,70,,4397,1,,,1,30,,9801,1,,,1,70,,9817,1,,,1,30,,9798,1,,,1,70,,9800,1,,,1,30,,9810,1,,,1,70,,9803,1,,,1,30,,9807,1,,,1
11001,'12',624,,9838,13,4,,1,30,,9833,13,4,,1,70,,9830,13,4,,1,30,,9832,13,4,,1,70,,9837,13,4,,1,30,,9825,13,4,,1,70,,9831,13,4,,1,30,,9819,13,4,,1,70,,9821,13,4,,1,30,,9834,13,4,,1,70,,9818,13,4,,1,30,,9836,13,4,,1,70,,9828,13,4,,1,30,,6241,13,4,,1,70,,9827,13,4,,1,30,,1230,13,4,,1,70,,9824,13,4,,1,30,,9823,13,4,,1,70,,9822,13,4,,1,30,,3890,13,4,,1,70,,9820,13,4,,1,30,,9835,13,4,,1,73,,9829,13,4,,1,27,,3727,13,4,,1,70,,9826,13,4,,1
11001,'5',624,,9863,13,4,,1,30,,9857,13,4,,1,70,,9853,13,4,,1,30,,9856,13,4,,1,70,,9862,13,4,,1,30,,9847,13,4,,1,70,,9855,13,4,,1,30,,9840,13,4,,1,70,,9842,13,4,,1,30,,9858,13,4,,1,70,,9839,13,4,,1,30,,9861,13,4,,1,70,,9851,13,4,,1,30,,9860,13,4,,1,70,,9849,13,4,,1,30,,9850,13,4,,1,70,,9845,13,4,,1,30,,9844,13,4,,1,70,,9843,13,4,,1,30,,9854,13,4,,1,70,,9841,13,4,,1,30,,9859,13,4,,1,73,,9852,13,4,,1,27,,9846,13,4,,1,70,,9848,13,4,,1
11001,'9',624,,9884,13,4,,1,30,,9879,13,4,,1,70,,9876,13,4,,1,30,,9878,13,4,,1,70,,9883,13,4,,1,30,,9871,13,4,,1,70,,9877,13,4,,1,30,,9865,13,4,,1,70,,9867,13,4,,1,30,,9880,13,4,,1,70,,9864,13,4,,1,30,,9882,13,4,,1,70,,9874,13,4,,1,30,,6224,13,4,,1,70,,9873,13,4,,1,30,,3377,13,4,,1,70,,9870,13,4,,1,30,,9869,13,4,,1,70,,9868,13,4,,1,30,,3816,13,4,,1,70,,9866,13,4,,1,30,,9881,13,4,,1,73,,9875,13,4,,1,27,,3655,13,4,,1,70,,9872,13,4,,1
11501,'12',700,,10426,1,0,7 1 8,1,30,,10402,1,0,7 1 8,1,70,,10415,1,0,7 1 8,1,30,,10409,1,0,7 1 8,1,70,,10431,1,0,7 1 8,1,30,,10406,1,0,7 1 8,1,70,,10400,1,0,7 1 8,1,100,,3433,1,0,7 1 8,1,100,,10432,1,0,7 1 8,1,100,,10414,1,0,7 1 8,1,100,,10428,1,0,7 1 8,1,100,,10412,1,0,7 1 8,1,30,,10411,1,0,7 1 8,1,70,,10423,1,0,7 1 8,1,30,,10420,1,0,7 1 8,1,70,,10413,1,0,7 1 8,1,30,,10417,1,0,7 1 8,1,70,,10424,1,0,7 1 8,1
11501,'5',700,,10461,1,0,7 1 8,1,30,,10436,1,0,7 1 8,1,70,,10450,1,0,7 1 8,1,30,,10443,1,0,7 1 8,1,70,,10466,1,0,7 1 8,1,30,,10440,1,0,7 1 8,1,70,,10434,1,0,7 1 8,1,100,,10468,1,0,7 1 8,1,100,,10467,1,0,7 1 8,1,100,,10448,1,0,7 1 8,1,100,,10463,1,0,7 1 8,1,100,,10446,1,0,7 1 8,1,30,,10445,1,0,7 1 8,1,70,,10458,1,0,7 1 8,1,30,,10455,1,0,7 1 8,1,70,,10447,1,0,7 1 8,1,30,,10452,1,0,7 1 8,1,70,,10459,1,0,7 1 8,1
11501,'9',700,,10496,1,0,7 1 8,1,30,,10472,1,0,7 1 8,1,70,,10485,1,0,7 1 8,1,30,,10479,1,0,7 1 8,1,70,,10500,1,0,7 1 8,1,30,,10476,1,0,7 1 8,1,70,,10470,1,0,7 1 8,1,100,,3385,1,0,7 1 8,1,100,,10501,1,0,7 1 8,1,100,,10484,1,0,7 1 8,1,100,,10498,1,0,7 1 8,1,100,,10482,1,0,7 1 8,1,30,,10481,1,0,7 1 8,1,70,,10493,1,0,7 1 8,1,30,,10490,1,0,7 1 8,1,70,,10483,1,0,7 1 8,1,30,,10487,1,0,7 1 8,1,70,,10494,1,0,7 1 8,1
11600,'12',634,,10530,2,4,,1,1,,2093,1,,,1,69,,10515,2,4,,1,1,,10510,1,,,1,29,,10509,2,4,,1,1,,10508,1,,,1,69,,10514,2,4,,1,1,,10504,1,,,1,29,,10522,2,4,,1,1,,1140,1,,,1,69,,1517,2,4,,1,1,,10523,1,,,1,29,,10524,2,4,,1,1,,10513,1,,,1,69,,4270,2,4,,1,1,,1685,1,,,1,29,,10531,2,4,,1,1,,10532,1,,,1,69,,10527,2,4,,1,1,,10507,1,,,1,29,,10540,2,4,,1,1,,10533,1,,,1,69,,10538,2,4,,1,1,,10520,1,,,1,29,,10521,2,4,,1,1,,10528,1,,,1,69,,10529,2,4,,1,1,,10539,1,,,1,29,,10534,2,4,,1,1,,10535,1,,,1,69,,10517,2,4,,1,1,,10506,1,,,1,29,,10536,2,4,,1,1,,10537,1,,,1,69,,430,2,4,,1,1,,10502,1,,,1,29,,10503,2,4,,1,1,,10512,1,,,1,69,,10526,2,4,,1,1,,10511,1,,,1,29,,10505,2,4,,1,1,,10525,1,,,1,69,,10518,2,4,,1,1,,10516,1,,,1,29,,5950,2,4,,1,1,,10519,1,,,1
11600,'5',634,,10574,2,4,,1,1,,10567,1,,,1,69,,10555,2,4,,1,1,,10550,1,,,1,29,,10549,2,4,,1,1,,10548,1,,,1,69,,10554,2,4,,1,1,,10543,1,,,1,29,,10564,2,4,,1,1,,10575,1,,,1,69,,10559,2,4,,1,1,,10565,1,,,1,29,,10566,2,4,,1,1,,10553,1,,,1,69,,10545,2,4,,1,1,,10570,1,,,1,29,,10576,2,4,,1,1,,10577,1,,,1,69,,10571,2,4,,1,1,,10547,1,,,1,29,,10586,2,4,,1,1,,10579,1,,,1,69,,10584,2,4,,1,1,,10561,1,,,1,29,,10563,2,4,,1,1,,10572,1,,,1,69,,10573,2,4,,1,1,,10585,1,,,1,29,,10580,2,4,,1,1,,10581,1,,,1,69,,10557,2,4,,1,1,,10546,1,,,1,29,,10582,2,4,,1,1,,10583,1,,,1,69,,10562,2,4,,1,1,,10541,1,,,1,29,,10542,2,4,,1,1,,10552,1,,,1,69,,10569,2,4,,1,1,,10551,1,,,1,29,,10544,2,4,,1,1,,10568,1,,,1,69,,10558,2,4,,1,1,,10556,1,,,1,29,,10578,2,4,,1,1,,10560,1,,,1
11600,'9',634,,10615,2,4,,1,1,,2129,1,,,1,69,,10600,2,4,,1,1,,10595,1,,,1,29,,10594,2,4,,1,1,,10593,1,,,1,69,,10599,2,4,,1,1,,10589,1,,,1,29,,10607,2,4,,1,1,,3296,1,,,1,69,,1553,2,4,,1,1,,10608,1,,,1,29,,10609,2,4,,1,1,,10598,1,,,1,69,,4153,2,4,,1,1,,1733,1,,,1,29,,10616,2,4,,1,1,,10617,1,,,1,69,,10612,2,4,,1,1,,10592,1,,,1,29,,10625,2,4,,1,1,,10618,1,,,1,69,,10623,2,4,,1,1,,10605,1,,,1,29,,10606,2,4,,1,1,,10613,1,,,1,69,,10614,2,4,,1,1,,10624,1,,,1,29,,10619,2,4,,1,1,,10620,1,,,1,69,,10602,2,4,,1,1,,10591,1,,,1,29,,10621,2,4,,1,1,,10622,1,,,1,69,,468,2,4,,1,1,,10587,1,,,1,29,,10588,2,4,,1,1,,10597,1,,,1,69,,10611,2,4,,1,1,,10596,1,,,1,29,,10590,2,4,,1,1,,10610,1,,,1,69,,10603,2,4,,1,1,,10601,1,,,1,29,,5862,2,4,,1,1,,10604,1,,,1
11601,'12',618,,5787,16,4,,1,7,,10664,1,0,13,1,23,,10665,16,4,,1,7,,10634,1,0,13,1,63,,10649,16,4,,1,7,,10633,1,0,13,1,23,,10648,16,4,,1,7,,10666,1,0,13,1,63,,10654,16,4,,1,7,,10659,1,0,13,1,23,,10650,16,4,,1,7,,10631,1,0,13,1,63,,10630,16,4,,1,7,,10661,1,0,13,1,23,,10655,16,4,,1,7,,10628,1,0,13,1,63,,10647,16,4,,1,7,,4612,1,0,13,1,23,,10629,16,4,,1,7,,8235,1,0,13,1,63,,2442,16,4,,1,7,,10639,1,0,13,1,23,,10638,16,4,,1,7,,10636,1,0,13,1,63,,10632,16,4,,1,7,,10660,1,0,13,1,23,,10627,16,4,,1,7,,10640,1,0,13,1,63,,10662,16,4,,1,7,,10635,1,0,13,1,23,,10658,16,4,,1,7,,10652,1,0,13,1,63,,10651,16,4,,1,7,,4968,1,0,13,1,23,,10641,16,4,,1,7,,10643,1,0,13,1,63,,10646,16,4,,1,7,,10644,1,0,13,1,23,,10637,16,4,,1,7,,10626,1,0,13,1,63,,10645,16,4,,1,7,,10663,1,0,13,1,23,,10656,16,4,,1,7,,10653,1,0,13,1,63,,10642,16,4,,1,7,,10657,1,0,13,1,23,,3420,16,4,,1,7,,4456,1,0,13,1
11601,'5',618,,10697,16,4,,1,7,,10712,1,0,13,1,23,,10713,16,4,,1,7,,10675,1,0,13,1,63,,10694,16,4,,1,7,,10674,1,0,13,1,23,,10693,16,4,,1,7,,10714,1,0,13,1,63,,10700,16,4,,1,7,,10705,1,0,13,1,23,,10695,16,4,,1,7,,10672,1,0,13,1,63,,10671,16,4,,1,7,,10708,1,0,13,1,23,,10701,16,4,,1,7,,10669,1,0,13,1,63,,10692,16,4,,1,7,,10687,1,0,13,1,23,,10670,16,4,,1,7,,10710,1,0,13,1,63,,10680,16,4,,1,7,,10682,1,0,13,1,23,,10681,16,4,,1,7,,10678,1,0,13,1,63,,10673,16,4,,1,7,,10706,1,0,13,1,23,,10668,16,4,,1,7,,10684,1,0,13,1,63,,10709,16,4,,1,7,,10676,1,0,13,1,23,,10704,16,4,,1,7,,10698,1,0,13,1,63,,10696,16,4,,1,7,,10707,1,0,13,1,23,,10685,16,4,,1,7,,10688,1,0,13,1,63,,10691,16,4,,1,7,,10689,1,0,13,1,23,,10679,16,4,,1,7,,10667,1,0,13,1,63,,10690,16,4,,1,7,,10711,1,0,13,1,23,,10702,16,4,,1,7,,10699,1,0,13,1,63,,10686,16,4,,1,7,,10703,1,0,13,1,23,,10677,16,4,,1,7,,10683,1,0,13,1
11601,'9',618,,5722,16,4,,1,7,,10754,1,0,13,1,23,,10755,16,4,,1,7,,10723,1,0,13,1,63,,10739,16,4,,1,7,,10722,1,0,13,1,23,,10738,16,4,,1,7,,10756,1,0,13,1,63,,10744,16,4,,1,7,,10749,1,0,13,1,23,,10740,16,4,,1,7,,10720,1,0,13,1,63,,10719,16,4,,1,7,,10751,1,0,13,1,23,,10745,16,4,,1,7,,10717,1,0,13,1,63,,10737,16,4,,1,7,,4588,1,0,13,1,23,,10718,16,4,,1,7,,8193,1,0,13,1,63,,10727,16,4,,1,7,,10729,1,0,13,1,23,,10728,16,4,,1,7,,10725,1,0,13,1,63,,10721,16,4,,1,7,,10750,1,0,13,1,23,,10716,16,4,,1,7,,10730,1,0,13,1,63,,10752,16,4,,1,7,,10724,1,0,13,1,23,,10748,16,4,,1,7,,10742,1,0,13,1,63,,10741,16,4,,1,7,,4920,1,0,13,1,23,,10731,16,4,,1,7,,10733,1,0,13,1,63,,10736,16,4,,1,7,,10734,1,0,13,1,23,,10726,16,4,,1,7,,10715,1,0,13,1,63,,10735,16,4,,1,7,,10753,1,0,13,1,23,,10746,16,4,,1,7,,10743,1,0,13,1,63,,10732,16,4,,1,7,,10747,1,0,13,1,23,,3371,16,4,,1,7,,4388,1,0,13,1
20300,'12',1900,,10758,1,,,1,30,,10757,1,,,1,70,,5396,1,,,1,30,,10763,1,,,1,70,,10759,1,,,1,30,,10760,1,,,1,70,,10762,1,,,1,30,,10764,1,,,1,70,,10761,1,,,1
20300,'5',1900,,10767,1,,,1,30,,10766,1,,,1,70,,10765,1,,,1,30,,10772,1,,,1,70,,10768,1,,,1,30,,10769,1,,,1,70,,10771,1,,,1,30,,10773,1,,,1,70,,10770,1,,,1
20300,'7',730,,10781,1,,,1,70,,10784,1,,,1,30,,10795,1,,,1,70,,6382,1,,,1,30,,10789,1,,,1,70,,10794,1,,,1,30,,10776,1,,,1,70,,10788,1,,,1,30,,10779,1,,,1,70,,10774,1,,,1,30,,6650,1,,,1,70,,10792,1,,,1,30,,10798,1,,,1,70,,10777,1,,,1,30,,10785,1,,,1,70,,10790,1,,,1,30,,10778,1,,,1,70,,10786,1,,,1,30,,10791,1,,,1,70,,10782,1,,,1,30,,10775,1,,,1,70,,10797,1,,,1,30,,10783,1,,,1,70,,10787,1,,,1,30,,10793,1,,,1,70,,10796,1,,,1,30,,10780,1,,,1
20300,'9',1900,,10801,1,,,1,30,,10800,1,,,1,70,,10799,1,,,1,30,,10806,1,,,1,70,,10802,1,,,1,30,,10803,1,,,1,70,,10805,1,,,1,30,,10807,1,,,1,70,,10804,1,,,1
20301,'12',1920,,6995,20,4,,1,30,,10815,20,4,,1,72,,10809,20,4,,1,28,,10816,20,4,,1,70,,10813,20,4,,1,30,,10811,20,4,,1,70,,510,20,4,,1,30,,10808,20,4,,1,70,,10814,20,4,,1,30,,10810,20,4,,1,50,,10812,1,,,1
20301,'5',1920,,10819,20,4,,1,30,,10826,20,4,,1,72,,10818,20,4,,1,28,,10827,20,4,,1,70,,10823,20,4,,1,30,,10821,20,4,,1,70,,10824,20,4,,1,30,,10817,20,4,,1,70,,10825,20,4,,1,30,,10820,20,4,,1,50,,10822,1,,,1
20301,'7',720,,10834,20,4,,1,30,,10836,20,4,,1,70,,10851,20,4,,1,30,,10843,20,4,,1,70,,10840,20,4,,1,30,,10852,20,4,,1,70,,10837,20,4,,1,30,,10842,20,4,,1,70,,10830,20,4,,1,30,,10841,20,4,,1,70,,10848,20,4,,1,30,,10845,20,4,,1,70,,6941,20,4,,1,30,,10844,20,4,,1,70,,10847,20,4,,1,30,,6490,20,4,,1,70,,10838,20,4,,1,30,,10835,20,4,,1,70,,10829,20,4,,1,30,,10833,20,4,,1,70,,10846,20,4,,1,30,,10849,20,4,,1,70,,10850,20,4,,1,30,,7663,20,4,,1,70,,10831,20,4,,1,30,,10839,20,4,,1,70,,10832,20,4,,1,30,,10828,20,4,,1
20301,'9',1920,,6958,20,4,,1,30,,10861,20,4,,1,72,,10857,20,4,,1,28,,10862,20,4,,1,70,,10858,20,4,,1,30,,10855,20,4,,1,70,,10859,20,4,,1,30,,10853,20,4,,1,70,,10860,20,4,,1,30,,10854,20,4,,1,50,,10856,1,,,1
20400,'12',1900,,10868,1,,,1,30,,10867,1,,,1,70,,10870,1,,,1,30,,10871,1,,,1,70,,10863,1,,,1,30,,10864,1,,,1,70,,10865,1,,,1,30,,10869,1,,,1,70,,10866,1,,,1,30,,10872,1,,,1
20400,'5',1900,,10878,1,,,1,30,,10877,1,,,1,70,,10880,1,,,1,30,,10881,1,,,1,70,,10873,1,,,1,30,,10874,1,,,1,70,,10875,1,,,1,30,,10879,1,,,1,70,,10876,1,,,1,30,,10882,1,,,1
20400,'7',730,,10904,1,,,1,70,,6840,1,,,1,30,,10905,1,,,1,70,,10885,1,,,1,30,,7137,1,,,1,70,,10892,1,,,1,30,,10900,1,,,1,70,,10901,1,,,1,30,,10908,1,,,1,70,,10899,1,,,1,30,,10886,1,,,1,70,,10893,1,,,1,30,,10883,1,,,1,70,,10894,1,,,1,30,,10906,1,,,1,70,,10907,1,,,1,30,,10897,1,,,1,70,,10890,1,,,1,30,,10887,1,,,1,70,,10903,1,,,1,30,,10884,1,,,1,70,,10895,1,,,1,30,,10888,1,,,1,70,,10889,1,,,1,30,,10891,1,,,1,70,,10896,1,,,1,30,,10898,1,,,1,70,,10902,1,,,1
20400,'9',1900,,10914,1,,,1,30,,10913,1,,,1,70,,10916,1,,,1,30,,10917,1,,,1,70,,10909,1,,,1,30,,10910,1,,,1,70,,10911,1,,,1,30,,10915,1,,,1,70,,10912,1,,,1,30,,10918,1,,,1
20401,'12',1856,,5160,15,4,,1,70,,10919,15,4,,1,30,,10920,15,4,,1,70,,5408,15,4,,1,30,,10929,15,4,,1,70,,6236,15,4,,1,30,,10933,15,4,,1,70,,10921,15,4,,1,30,,10926,15,4,,1,70,,10928,15,4,,1
20401,'5',1856,,10954,15,4,,1,70,,10936,15,4,,1,30,,10937,15,4,,1,70,,10953,15,4,,1,30,,10947,15,4,,1,70,,10938,15,4,,1,30,,10951,15,4,,1,70,,10939,15,4,,1,30,,10944,15,4,,1,70,,10946,15,4,,1
20401,'7',726,,10979,15,4,,1,30,,10992,15,4,,1,70,,10962,15,4,,1,30,,10993,15,4,,1,70,,10999,15,4,,1,30,,11000,15,4,,1,70,,10994,15,4,,1,30,,10958,15,4,,1,70,,10965,15,4,,1,30,,11006,15,4,,1,70,,11004,15,4,,1,30,,10986,15,4,,1,70,,7720,15,4,,1,30,,10960,15,4,,1,70,,10998,15,4,,1,30,,10995,15,4,,1,70,,10984,15,4,,1,30,,10982,15,4,,1,70,,10956,15,4,,1,30,,10970,15,4,,1,70,,10977,15,4,,1,30,,10969,15,4,,1,70,,10974,15,4,,1,30,,7919,15,4,,1,70,,10996,15,4,,1,30,,11005,15,4,,1,70,,7869,15,4,,1,30,,10966,15,4,,1
20401,'9',1856,,5114,15,4,,1,70,,11007,15,4,,1,30,,11008,15,4,,1,70,,11023,15,4,,1,30,,11017,15,4,,1,70,,6219,15,4,,1,30,,11021,15,4,,1,70,,11009,15,4,,1,30,,11014,15,4,,1,70,,11016,15,4,,1
20600,'12',1800,,11125,1,,,1,36,,11116,1,,,1,70,,11120,1,,,1,24,,11122,1,,,1,70,,11119,1,,,1,30,,11117,1,,,1,76,,11118,1,,,1,30,,11124,1,,,1,70,,11123,1,,,1,30,,11121,1,,,1
20600,'5',1800,,11134,1,,,1,36,,11126,1,,,1,70,,11135,1,,,1,24,,11131,1,,,1,70,,11129,1,,,1,30,,11127,1,,,1,76,,11128,1,,,1,30,,11133,1,,,1,70,,11132,1,,,1,30,,11130,1,,,1
20600,'7',736,,11158,1,,,1,70,,11155,1,,,1,30,,11156,1,,,1,70,,11137,1,,,1,30,,11147,1,,,1,70,,11138,1,,,1,30,,11149,1,,,1,64,,6301,1,,,1,36,,11150,1,,,1,70,,11144,1,,,1,30,,11139,1,,,1,70,,11160,1,,,1,30,,11159,1,,,1,64,,11153,1,,,1,36,,11141,1,,,1,70,,11154,1,,,1,30,,11140,1,,,1,70,,11136,1,,,1,30,,11146,1,,,1,70,,11145,1,,,1,30,,11148,1,,,1,70,,11151,1,,,1,24,,11143,1,,,1,76,,11152,1,,,1,30,,11157,1,,,1,70,,11142,1,,,1
20600,'9',1800,,11168,1,,,1,36,,11161,1,,,1,70,,11169,1,,,1,24,,11165,1,,,1,70,,11163,1,,,1,30,,11162,1,,,1,76,,4514,1,,,1,30,,11167,1,,,1,70,,11166,1,,,1,30,,11164,1,,,1
20601,'12',1847,,11178,20,4,,1,70,,11175,20,4,,1,30,,11181,20,4,,1,70,,11183,20,4,,1,30,,11179,20,4,,1,70,,11172,20,4,,1,30,,11182,20,4,,1,70,,11177,20,4,,1,30,,5642,20,4,,1,70,,11170,20,4,,1
20601,'5',1847,,11195,20,4,,1,70,,11192,20,4,,1,30,,11188,20,4,,1,70,,11203,20,4,,1,30,,11197,20,4,,1,70,,11186,20,4,,1,30,,11202,20,4,,1,70,,11194,20,4,,1,30,,11200,20,4,,1,70,,11184,20,4,,1
20601,'7',717,,11205,20,4,,1,30,,11220,20,4,,1,70,,11236,20,4,,1,30,,11246,20,4,,1,70,,11208,20,4,,1,30,,11238,20,4,,1,70,,11207,20,4,,1,30,,11210,20,4,,1,70,,11219,20,4,,1,30,,11227,20,4,,1,70,,11242,20,4,,1,30,,11214,20,4,,1,70,,11232,20,4,,1,30,,11245,20,4,,1,70,,11252,20,4,,1,30,,11228,20,4,,1,70,,2642,20,4,,1,30,,11215,20,4,,1,70,,11244,20,4,,1,30,,7830,20,4,,1,70,,11247,20,4,,1,30,,11216,20,4,,1,70,,11230,20,4,,1,30,,11209,20,4,,1,70,,11250,20,4,,1,30,,11231,20,4,,1,70,,11204,20,4,,1,30,,11243,20,4,,1
20601,'9',1847,,11263,20,4,,1,70,,11260,20,4,,1,30,,11257,20,4,,1,70,,11268,20,4,,1,30,,11265,20,4,,1,70,,11256,20,4,,1,30,,11267,20,4,,1,70,,11262,20,4,,1,30,,5619,20,4,,1,70,,11254,20,4,,1
21000,'12',1900,,11408,1,,,1,30,,11402,1,,,1,70,,11410,1,,,1,30,,11406,1,,,1,70,,11405,1,,,1,30,,11403,1,,,1,70,,11404,1,,,1,30,,11407,1,,,1,70,,11409,1,,,1
21000,'5',1900,,11417,1,,,1,30,,11411,1,,,1,70,,11419,1,,,1,30,,11415,1,,,1,70,,11414,1,,,1,30,,11412,1,,,1,70,,11413,1,,,1,30,,11416,1,,,1,70,,11418,1,,,1
21000,'7',730,,11420,1,,,1,70,,11435,1,,,1,30,,11430,1,,,1,70,,11440,1,,,1,30,,7874,1,,,1,70,,11438,1,,,1,30,,11439,1,,,1,70,,11441,1,,,1,30,,11428,1,,,1,70,,11425,1,,,1,30,,11434,1,,,1,70,,11431,1,,,1,30,,11436,1,,,1,70,,11443,1,,,1,30,,11433,1,,,1,70,,11429,1,,,1,30,,6935,1,,,1,70,,11423,1,,,1,30,,11432,1,,,1,70,,11426,1,,,1,30,,11421,1,,,1,70,,11422,1,,,1,30,,11427,1,,,1,70,,11442,1,,,1,30,,11424,1,,,1,70,,11444,1,,,1,30,,11437,1,,,1
21000,'9',1900,,11451,1,,,1,30,,11445,1,,,1,70,,11453,1,,,1,30,,11449,1,,,1,70,,11448,1,,,1,30,,11446,1,,,1,70,,11447,1,,,1,30,,11450,1,,,1,70,,11452,1,,,1
21001,'12',1852,,11463,11,4,,1,70,,11454,11,4,,1,30,,11459,11,4,,1,70,,11457,11,4,,1,30,,11461,11,4,,1,70,,11460,11,4,,1,30,,11462,11,4,,1,70,,11455,11,4,,1,30,,11458,11,4,,1,70,,11456,11,4,,1
21001,'5',1852,,11473,11,4,,1,70,,11464,11,4,,1,30,,11469,11,4,,1,70,,11467,11,4,,1,30,,11471,11,4,,1,70,,11470,11,4,,1,30,,11472,11,4,,1,70,,11465,11,4,,1,30,,11468,11,4,,1,70,,11466,11,4,,1
21001,'7',722,,11477,11,4,,1,30,,11499,11,4,,1,70,,11495,11,4,,1,30,,11497,11,4,,1,70,,11489,11,4,,1,30,,11487,11,4,,1,70,,6733,11,4,,1,30,,11484,11,4,,1,70,,11480,11,4,,1,30,,11494,11,4,,1,70,,11486,11,4,,1,30,,11482,11,4,,1,70,,11474,11,4,,1,30,,11479,11,4,,1,70,,11496,11,4,,1,30,,11483,11,4,,1,70,,11498,11,4,,1,30,,11492,11,4,,1,70,,11490,11,4,,1,30,,11485,11,4,,1,70,,6487,11,4,,1,30,,11491,11,4,,1,70,,11488,11,4,,1,30,,11481,11,4,,1,70,,11476,11,4,,1,30,,11493,11,4,,1,70,,11478,11,4,,1,30,,11475,11,4,,1
21001,'9',1852,,11509,11,4,,1,70,,11500,11,4,,1,30,,11505,11,4,,1,70,,11503,11,4,,1,30,,11507,11,4,,1,70,,11506,11,4,,1,30,,11508,11,4,,1,70,,11501,11,4,,1,30,,11504,11,4,,1,70,,11502,11,4,,1
21600,'12',1804,,11762,2,4,,1,1,,11754,1,,,1,29,,11763,2,4,,1,1,,11765,1,,,1,69,,11761,2,4,,1,1,,11764,1,,,1,29,,5940,2,4,,1,1,,11756,1,,,1,69,,4861,2,4,,1,1,,11768,1,,,1,29,,11766,2,4,,1,1,,11771,1,,,1,69,,11772,2,4,,1,1,,11760,1,,,1,29,,11767,2,4,,1,1,,4273,1,,,1,69,,11758,2,4,,1,1,,11759,1,,,1,29,,11770,2,4,,1,1,,11757,1,,,1,69,,11755,2,4,,1,1,,11769,1,,,1,29,,5942,2,4,,1,1,,705,1,,,1
21600,'5',1804,,11786,2,4,,1,1,,11773,1,,,1,29,,11787,2,4,,1,1,,11789,1,,,1,69,,11785,2,4,,1,1,,11788,1,,,1,29,,11780,2,4,,1,1,,11776,1,,,1,69,,11777,2,4,,1,1,,11792,1,,,1,29,,11790,2,4,,1,1,,11795,1,,,1,69,,11796,2,4,,1,1,,11784,1,,,1,29,,11791,2,4,,1,1,,11775,1,,,1,69,,11779,2,4,,1,1,,11781,1,,,1,29,,11794,2,4,,1,1,,11778,1,,,1,69,,11774,2,4,,1,1,,11793,1,,,1,29,,11783,2,4,,1,1,,11782,1,,,1
21600,'7',704,,11808,2,4,,1,1,,11806,1,,,1,29,,11820,2,4,,1,1,,11818,1,,,1,69,,11822,2,4,,1,1,,11811,1,,,1,29,,11839,2,4,,1,1,,11821,1,,,1,69,,11810,2,4,,1,1,,11836,1,,,1,29,,7492,2,4,,1,1,,11816,1,,,1,69,,11807,2,4,,1,1,,11800,1,,,1,29,,11834,2,4,,1,1,,11803,1,,,1,69,,11797,2,4,,1,1,,11809,1,,,1,29,,11829,2,4,,1,1,,11813,1,,,1,69,,11802,2,4,,1,1,,11804,1,,,1,29,,11841,2,4,,1,1,,11830,1,,,1,69,,11814,2,4,,1,1,,11832,1,,,1,29,,11805,2,4,,1,1,,11826,1,,,1,69,,11835,2,4,,1,1,,11812,1,,,1,29,,11815,2,4,,1,1,,11843,1,,,1,69,,11801,2,4,,1,1,,11837,1,,,1,29,,11833,2,4,,1,1,,11842,1,,,1,69,,11838,2,4,,1,1,,7139,1,,,1,29,,11817,2,4,,1,1,,11848,1,,,1,69,,11799,2,4,,1,1,,11844,1,,,1,29,,11831,2,4,,1,1,,11825,1,,,1,69,,11828,2,4,,1,1,,11827,1,,,1,29,,11823,2,4,,1,1,,8149,1,,,1,69,,7140,2,4,,1,1,,11845,1,,,1,29,,11847,2,4,,1,1,,11819,1,,,1,69,,11824,2,4,,1,1,,11840,1,,,1,29,,11849,2,4,,1,1,,11846,1,,,1,69,,11798,2,4,,1,1,,11850,1,,,1
21600,'9',1804,,11859,2,4,,1,1,,11851,1,,,1,29,,11860,2,4,,1,1,,11862,1,,,1,69,,11858,2,4,,1,1,,11861,1,,,1,29,,5852,2,4,,1,1,,11853,1,,,1,69,,4815,2,4,,1,1,,11865,1,,,1,29,,11863,2,4,,1,1,,11868,1,,,1,69,,11869,2,4,,1,1,,11857,1,,,1,29,,11864,2,4,,1,1,,4156,1,,,1,69,,11855,2,4,,1,1,,11856,1,,,1,29,,11867,2,4,,1,1,,11854,1,,,1,69,,11852,2,4,,1,1,,11866,1,,,1,29,,5854,2,4,,1,1,,765,1,,,1
21601,'12',1818,,11880,16,4,,1,7,,11882,1,0,13,1,23,,11883,16,4,,1,7,,11889,1,0,13,1,63,,11874,16,4,,1,7,,11877,1,0,13,1,23,,11886,16,4,,1,7,,11885,1,0,13,1,63,,11879,16,4,,1,7,,11881,1,0,13,1,23,,11888,16,4,,1,7,,11872,1,0,13,1,63,,11878,16,4,,1,7,,11876,1,0,13,1,23,,11891,16,4,,1,7,,11887,1,0,13,1,63,,11890,16,4,,1,7,,11871,1,0,13,1,23,,11884,16,4,,1,7,,11870,1,0,13,1,63,,11875,16,4,,1,7,,11873,1,0,13,1
21601,'5',1818,,11902,16,4,,1,7,,11904,1,0,13,1,23,,11905,16,4,,1,7,,11911,1,0,13,1,63,,11896,16,4,,1,7,,11899,1,0,13,1,23,,11908,16,4,,1,7,,11907,1,0,13,1,63,,11901,16,4,,1,7,,11903,1,0,13,1,23,,11910,16,4,,1,7,,11894,1,0,13,1,63,,11900,16,4,,1,7,,11898,1,0,13,1,23,,11913,16,4,,1,7,,11909,1,0,13,1,63,,11912,16,4,,1,7,,11893,1,0,13,1,23,,11906,16,4,,1,7,,11892,1,0,13,1,63,,11897,16,4,,1,7,,11895,1,0,13,1
21601,'7',648,,11967,16,4,,1,7,,11918,1,0,13,1,63,,11969,16,4,,1,7,,11946,1,0,13,1,23,,11926,16,4,,1,7,,11951,1,0,13,1,63,,11923,16,4,,1,7,,11945,1,0,13,1,23,,11950,16,4,,1,7,,11920,1,0,13,1,63,,11933,16,4,,1,7,,11917,1,0,13,1,23,,11935,16,4,,1,7,,11960,1,0,13,1,63,,11964,16,4,,1,7,,11968,1,0,13,1,23,,11948,16,4,,1,7,,11925,1,0,13,1,63,,11931,16,4,,1,7,,11963,1,0,13,1,23,,11919,16,4,,1,7,,11943,1,0,13,1,63,,11961,16,4,,1,7,,11966,1,0,13,1,23,,11924,16,4,,1,7,,11962,1,0,13,1,63,,11930,16,4,,1,7,,11952,1,0,13,1,23,,11936,16,4,,1,7,,11949,1,0,13,1,63,,11942,16,4,,1,7,,11947,1,0,13,1,23,,11914,16,4,,1,7,,11954,1,0,13,1,63,,11958,16,4,,1,7,,11937,1,0,13,1,23,,11921,16,4,,1,7,,6646,1,0,13,1,63,,11941,16,4,,1,7,,11932,1,0,13,1,23,,11929,16,4,,1,7,,11915,1,0,13,1,63,,11957,16,4,,1,7,,11944,1,0,13,1,23,,11953,16,4,,1,7,,11970,1,0,13,1,63,,11955,16,4,,1,7,,11927,1,0,13,1,23,,11934,16,4,,1,7,,11938,1,0,13,1,63,,11940,16,4,,1,7,,11922,1,0,13,1,23,,11965,16,4,,1,7,,11916,1,0,13,1,63,,11959,16,4,,1,7,,11956,1,0,13,1,23,,11939,16,4,,1,7,,11928,1,0,13,1
21601,'9',1818,,11981,16,4,,1,7,,11983,1,0,13,1,23,,11984,16,4,,1,7,,11990,1,0,13,1,63,,11975,16,4,,1,7,,11978,1,0,13,1,23,,11987,16,4,,1,7,,11986,1,0,13,1,63,,11980,16,4,,1,7,,11982,1,0,13,1,23,,11989,16,4,,1,7,,11973,1,0,13,1,63,,11979,16,4,,1,7,,11977,1,0,13,1,23,,11992,16,4,,1,7,,11988,1,0,13,1,63,,11991,16,4,,1,7,,11972,1,0,13,1,23,,11985,16,4,,1,7,,11971,1,0,13,1,63,,11976,16,4,,1,7,,11974,1,0,13,1
