10801,'12',650,,9542,33,,,1,70,,9541,33,,,1,30,,9551,33,,,1,70,,9538,33,,,1,30,,9543,33,,,1,70,,9539,33,,,1,100,,9536,33,,,1,100,,9550,33,,,1,100,,9547,33,,,1,100,,9549,33,,,1,100,,9544,33,,,1,30,,9546,33,,,1,70,,9548,33,,,1,30,,6419,33,,,1,70,,2911,33,,,1,30,,9535,33,,,1,70,,9540,33,,,1
10801,'5',650,,9561,33,,,1,70,,9557,33,,,1,30,,9569,33,,,1,70,,9554,33,,,1,30,,9570,33,,,1,70,,9555,33,,,1,100,,9553,33,,,1,100,,9568,33,,,1,100,,9565,33,,,1,100,,9567,33,,,1,100,,9560,33,,,1,30,,9563,33,,,1,70,,9566,33,,,1,30,,9558,33,,,1,70,,9559,33,,,1,30,,9552,33,,,1,70,,9556,33,,,1
10801,'9',650,,3662,33,,,1,70,,9576,33,,,1,30,,9585,33,,,1,70,,9573,33,,,1,30,,9586,33,,,1,70,,9574,33,,,1,100,,9572,33,,,1,100,,9584,33,,,1,100,,9581,33,,,1,100,,9583,33,,,1,100,,9577,33,,,1,30,,9579,33,,,1,70,,9582,33,,,1,30,,6402,33,,,1,70,,2877,33,,,1,30,,9571,33,,,1,70,,9575,33,,,1
10901,'12',620,,3144,8,,,1,100,,9641,8,,,1,100,,9635,8,,,1,100,,9632,8,,,1,100,,9651,8,,,1,100,,9642,8,,,1,100,,9633,8,,,1,100,,9645,8,,,1,100,,9658,8,,,1,100,,9617,8,,,1,100,,3414,8,,,1,100,,9655,8,,,1
10901,'5',620,,9703,8,,,1,100,,9685,8,,,1,100,,9679,8,,,1,100,,9676,8,,,1,100,,9695,8,,,1,100,,9686,8,,,1,100,,9677,8,,,1,100,,9689,8,,,1,100,,9706,8,,,1,100,,9660,8,,,1,100,,9659,8,,,1,100,,9700,8,,,1
10901,'9',620,,3035,8,,,1,100,,9732,8,,,1,100,,9726,8,,,1,100,,9723,8,,,1,100,,9742,8,,,1,100,,9733,8,,,1,100,,9724,8,,,1,100,,9736,8,,,1,100,,9749,8,,,1,100,,9707,8,,,1,100,,3365,8,,,1,100,,9746,8,,,1
11401,'12',653,,10375,32,,,1,100,,10374,32,,,1,100,,10369,32,,,1,100,,10370,32,,,1,100,,10373,32,,,1,100,,10365,32,,,1,100,,10367,32,,,1,100,,10372,32,,,1,100,,10366,32,,,1,100,,10368,32,,,1,100,,10371,32,,,1,100,,6417,32,,,1
11401,'5',653,,10387,32,,,1,100,,10386,32,,,1,100,,10381,32,,,1,100,,10382,32,,,1,100,,10385,32,,,1,100,,10377,32,,,1,100,,10379,32,,,1,100,,10384,32,,,1,100,,10378,32,,,1,100,,10380,32,,,1,100,,10383,32,,,1,100,,10376,32,,,1
11401,'9',653,,10398,32,,,1,100,,10397,32,,,1,100,,10392,32,,,1,100,,10393,32,,,1,100,,10396,32,,,1,100,,10388,32,,,1,100,,10390,32,,,1,100,,10395,32,,,1,100,,10389,32,,,1,100,,10391,32,,,1,100,,10394,32,,,1,100,,6400,32,,,1
20901,'12',1820,,11308,8,,,1,100,,11309,8,,,1,100,,11295,8,,,1,100,,11302,8,,,1,100,,11294,8,,,1
20901,'5',1820,,11328,8,,,1,100,,11329,8,,,1,100,,11326,8,,,1,100,,11315,8,,,1,100,,11312,8,,,1
20901,'7',720,,11354,8,,,1,100,,11361,8,,,1,100,,11352,8,,,1,100,,11344,8,,,1,100,,11375,8,,,1,100,,11349,8,,,1,100,,11358,8,,,1,100,,11373,8,,,1,100,,11384,8,,,1,100,,11335,8,,,1,100,,11342,8,,,1,100,,11350,8,,,1,100,,11385,8,,,1,100,,11365,8,,,1
20901,'9',1820,,11398,8,,,1,100,,11399,8,,,1,100,,11390,8,,,1,100,,11400,8,,,1,100,,11397,8,,,1
21401,'12',1853,,11727,38,,,1,100,,11730,38,,,1,100,,11728,38,,,1,100,,11731,38,,,1,100,,11729,38,,,1
21401,'5',1853,,11736,38,,,1,100,,11734,38,,,1,100,,11733,38,,,1,100,,11732,38,,,1,100,,11735,38,,,1
21401,'7',753,,11739,38,,,1,100,,11741,38,,,1,100,,11744,38,,,1,100,,11742,38,,,1,100,,11749,38,,,1,100,,11746,38,,,1,100,,11748,38,,,1,100,,11738,38,,,1,100,,11740,38,,,1,100,,11743,38,,,1,100,,11745,38,,,1,100,,11747,38,,,1,100,,11737,38,,,1
21401,'9',1853,,11751,38,,,1,100,,5663,38,,,1,100,,11752,38,,,1,100,,11753,38,,,1,100,,11750,38,,,1
