10100,'10',709,,14638,17,,,1,30,,14639,17,,,1,70,,14636,17,,,1,30,,14640,17,,,1,70,,14634,17,,,1,30,,14643,17,,,1,70,,14633,17,,,1,100,,14632,17,,,1,100,,14635,17,,,1,100,,14644,17,,,1,100,,14628,17,,,1,100,,14631,17,,,1,30,,12078,17,,,1,70,,14629,17,,,1,30,,14641,17,,,1,70,,14637,17,,,1,30,,14630,17,,,1,70,,14642,17,,,1
10100,'15',709,,14655,17,,,1,30,,14656,17,,,1,70,,14653,17,,,1,30,,14657,17,,,1,70,,14651,17,,,1,30,,14660,17,,,1,70,,14650,17,,,1,100,,14649,17,,,1,100,,14652,17,,,1,100,,14661,17,,,1,100,,14645,17,,,1,100,,14648,17,,,1,30,,12131,17,,,1,70,,14646,17,,,1,30,,14658,17,,,1,70,,14654,17,,,1,30,,14647,17,,,1,70,,14659,17,,,1
11100,'10',607,,13531,12,,,1,30,,15654,12,,,1,70,,15666,12,,,1,30,,15665,12,,,1,70,,15667,12,,,1,30,,15660,12,,,1,70,,15656,12,,,1,30,,15647,12,,,1,70,,15651,12,,,1,30,,15663,12,,,1,70,,15658,12,,,1,30,,15652,12,,,1,70,,15657,12,,,1,30,,15650,12,,,1,70,,15664,12,,,1,30,,15662,12,,,1,70,,15659,12,,,1,30,,14537,12,,,1,70,,13744,12,,,1,30,,15655,12,,,1,70,,15661,12,,,1,30,,15646,12,,,1,70,,15648,12,,,1,30,,13077,12,,,1,70,,15649,12,,,1,30,,15653,12,,,1
11100,'15',607,,13577,12,,,1,30,,15675,12,,,1,70,,15687,12,,,1,30,,15686,12,,,1,70,,15689,12,,,1,30,,15679,12,,,1,70,,15676,12,,,1,30,,15668,12,,,1,70,,15672,12,,,1,30,,15685,12,,,1,70,,15678,12,,,1,30,,15682,12,,,1,70,,15688,12,,,1,30,,15671,12,,,1,70,,15683,12,,,1,30,,15669,12,,,1,70,,12262,12,,,1,30,,14559,12,,,1,70,,15684,12,,,1,30,,15681,12,,,1,70,,12221,12,,,1,30,,15674,12,,,1,70,,15670,12,,,1,30,,15673,12,,,1,70,,15680,12,,,1,30,,15677,12,,,1
20300,'10',1907,,16219,13,,,1,30,,16225,13,,,1,70,,16221,13,,,1,30,,16220,13,,,1,70,,16218,13,,,1,30,,16222,13,,,1,70,,16226,13,,,1,30,,16224,13,,,1,70,,16223,13,,,1
20300,'15',1907,,16229,13,,,1,30,,16234,13,,,1,70,,16227,13,,,1,30,,16230,13,,,1,70,,16228,13,,,1,30,,16231,13,,,1,70,,16235,13,,,1,30,,16233,13,,,1,70,,16232,13,,,1
20300,'7',737,,16236,13,,,1,70,,16262,13,,,1,30,,16260,13,,,1,70,,16257,13,,,1,30,,16240,13,,,1,70,,16254,13,,,1,30,,16256,13,,,1,70,,16242,13,,,1,30,,16245,13,,,1,70,,16247,13,,,1,30,,16249,13,,,1,70,,16238,13,,,1,30,,16243,13,,,1,70,,16258,13,,,1,30,,16250,13,,,1,70,,16239,13,,,1,30,,16241,13,,,1,70,,16246,13,,,1,30,,16252,13,,,1,70,,16244,13,,,1,30,,16261,13,,,1,70,,16251,13,,,1,30,,16255,13,,,1,70,,16253,13,,,1,30,,16248,13,,,1,70,,16237,13,,,1,30,,16259,13,,,1
21100,'10',1907,,16842,12,,,1,30,,16837,12,,,1,70,,16843,12,,,1,30,,16844,12,,,1,70,,12938,12,,,1,30,,16841,12,,,1,70,,16838,12,,,1,30,,16839,12,,,1,70,,16840,12,,,1
21100,'15',1907,,13405,12,,,1,30,,16845,12,,,1,70,,16850,12,,,1,30,,16851,12,,,1,70,,12958,12,,,1,30,,16849,12,,,1,70,,16846,12,,,1,30,,16847,12,,,1,70,,16848,12,,,1
21100,'7',737,,16852,12,,,1,70,,16855,12,,,1,30,,16862,12,,,1,70,,16867,12,,,1,30,,16858,12,,,1,70,,16875,12,,,1,30,,14104,12,,,1,70,,16876,12,,,1,30,,16872,12,,,1,70,,16870,12,,,1,30,,16854,12,,,1,70,,16866,12,,,1,30,,16871,12,,,1,70,,16868,12,,,1,30,,16869,12,,,1,70,,16856,12,,,1,30,,16861,12,,,1,70,,16865,12,,,1,30,,16873,12,,,1,70,,16853,12,,,1,30,,16874,12,,,1,70,,16857,12,,,1,30,,16859,12,,,1,70,,16864,12,,,1,30,,16877,12,,,1,70,,16863,12,,,1,30,,16860,12,,,1
