10100,'14',702,,2603,5,,,1,30,,2868,5,,,1,70,,1656,5,,,1,30,,2872,5,,,1,70,,2869,5,,,1,30,,2880,5,,,1,70,,2878,5,,,1,100,,2873,5,,,1,100,,2881,5,,,1,100,,2877,5,,,1,100,,2876,5,,,1,100,,2867,5,,,1,30,,2875,5,,,1,70,,2879,5,,,1,30,,2882,5,,,1,70,,2870,5,,,1,30,,2871,5,,,1,70,,2874,5,,,1
10100,'18',702,,2890,5,,,1,30,,2884,5,,,1,70,,2895,5,,,1,30,,2888,5,,,1,70,,2885,5,,,1,30,,2898,5,,,1,70,,2896,5,,,1,100,,2889,5,,,1,100,,2899,5,,,1,100,,2894,5,,,1,100,,2893,5,,,1,100,,2883,5,,,1,30,,2892,5,,,1,70,,2897,5,,,1,30,,2900,5,,,1,70,,2886,5,,,1,30,,2887,5,,,1,70,,2891,5,,,1
10100,'20',702,,2552,5,,,1,30,,2902,5,,,1,70,,1610,5,,,1,30,,2906,5,,,1,70,,2903,5,,,1,30,,2914,5,,,1,70,,2912,5,,,1,100,,2907,5,,,1,100,,2915,5,,,1,100,,2911,5,,,1,100,,2910,5,,,1,100,,2901,5,,,1,30,,2909,5,,,1,70,,2913,5,,,1,30,,2916,5,,,1,70,,2904,5,,,1,30,,2905,5,,,1,70,,2908,5,,,1
10100,'8',702,,2924,5,,,1,30,,2918,5,,,1,70,,2929,5,,,1,30,,2922,5,,,1,70,,2919,5,,,1,30,,2932,5,,,1,70,,2930,5,,,1,100,,2923,5,,,1,100,,2933,5,,,1,100,,2928,5,,,1,100,,2927,5,,,1,100,,2917,5,,,1,30,,2926,5,,,1,70,,2931,5,,,1,30,,2934,5,,,1,70,,2920,5,,,1,30,,2921,5,,,1,70,,2925,5,,,1
10600,'14',638,,3956,5,,,1,100,,3951,5,,,1,70,,850,5,,,1,30,,3952,5,,,1,70,,3955,5,,,1,30,,3945,5,,,1,100,,3954,5,,,1,100,,3953,5,,,1,100,,3944,5,,,1,100,,3949,5,,,1,100,,3948,5,,,1,70,,3943,5,,,1,30,,3946,5,,,1,70,,3942,5,,,1,32,,1074,5,,,1,68,,3950,5,,,1,32,,3947,5,,,1
10600,'18',638,,3973,5,,,1,100,,3967,5,,,1,70,,3963,5,,,1,30,,3968,5,,,1,70,,3971,5,,,1,30,,3960,5,,,1,100,,3970,5,,,1,100,,3969,5,,,1,100,,3959,5,,,1,100,,3965,5,,,1,100,,3964,5,,,1,70,,3958,5,,,1,30,,3961,5,,,1,70,,3957,5,,,1,32,,3972,5,,,1,68,,3966,5,,,1,32,,3962,5,,,1
10600,'20',638,,3988,5,,,1,100,,3983,5,,,1,70,,820,5,,,1,30,,3984,5,,,1,70,,3987,5,,,1,30,,3977,5,,,1,100,,3986,5,,,1,100,,3985,5,,,1,100,,3976,5,,,1,100,,3981,5,,,1,100,,3980,5,,,1,70,,3975,5,,,1,30,,3978,5,,,1,70,,3974,5,,,1,32,,1049,5,,,1,68,,3982,5,,,1,32,,3979,5,,,1
10600,'8',638,,4005,5,,,1,100,,3999,5,,,1,70,,3995,5,,,1,30,,4000,5,,,1,70,,4003,5,,,1,30,,3992,5,,,1,100,,4002,5,,,1,100,,4001,5,,,1,100,,3991,5,,,1,100,,3997,5,,,1,100,,3996,5,,,1,70,,3990,5,,,1,30,,3993,5,,,1,70,,3989,5,,,1,32,,4004,5,,,1,68,,3998,5,,,1,32,,3994,5,,,1
20600,'11',737,,6836,5,,,1,70,,6823,5,,,1,30,,6840,5,,,1,70,,6839,5,,,1,30,,6820,5,,,1,70,,6821,5,,,1,30,,6835,5,,,1,71,,6816,5,,,1,29,,6830,5,,,1,70,,6818,5,,,1,30,,6815,5,,,1,70,,6826,5,,,1,30,,6831,5,,,1,71,,6838,5,,,1,29,,6827,5,,,1,70,,6833,5,,,1,30,,6817,5,,,1,70,,6819,5,,,1,30,,6832,5,,,1,70,,6828,5,,,1,30,,6824,5,,,1,70,,6837,5,,,1,31,,6822,5,,,1,69,,6834,5,,,1,30,,6829,5,,,1,70,,6825,5,,,1
20600,'14',1808,,6841,5,,,1,29,,6848,5,,,1,70,,6846,5,,,1,31,,6842,5,,,1,70,,6849,5,,,1,30,,6844,5,,,1,69,,6847,5,,,1,30,,477,5,,,1,70,,6845,5,,,1,30,,6843,5,,,1
20600,'18',1808,,6850,5,,,1,29,,6858,5,,,1,70,,6856,5,,,1,31,,6851,5,,,1,70,,6859,5,,,1,30,,6853,5,,,1,69,,6857,5,,,1,30,,6855,5,,,1,70,,6854,5,,,1,30,,6852,5,,,1
20600,'20',1808,,6860,5,,,1,29,,6867,5,,,1,70,,6865,5,,,1,31,,6861,5,,,1,70,,6868,5,,,1,30,,6863,5,,,1,69,,6866,5,,,1,30,,439,5,,,1,70,,6864,5,,,1,30,,6862,5,,,1
20600,'4',737,,6890,5,,,1,70,,6877,5,,,1,30,,6894,5,,,1,70,,6893,5,,,1,30,,6874,5,,,1,70,,6875,5,,,1,30,,6889,5,,,1,71,,6870,5,,,1,29,,6884,5,,,1,70,,6872,5,,,1,30,,6869,5,,,1,70,,6880,5,,,1,30,,6885,5,,,1,71,,6892,5,,,1,29,,6881,5,,,1,70,,6887,5,,,1,30,,6871,5,,,1,70,,6873,5,,,1,30,,6886,5,,,1,70,,6882,5,,,1,30,,6878,5,,,1,70,,6891,5,,,1,31,,6876,5,,,1,69,,6888,5,,,1,30,,6883,5,,,1,70,,6879,5,,,1
20600,'8',1808,,6895,5,,,1,29,,6903,5,,,1,70,,6901,5,,,1,31,,6896,5,,,1,70,,6904,5,,,1,30,,6898,5,,,1,69,,6902,5,,,1,30,,6900,5,,,1,70,,6899,5,,,1,30,,6897,5,,,1
