10701,'14',559,,4183,1,,,1,100,,4178,1,,,1,70,,1433,1,,,1,30,,4164,1,,,1,70,,4181,1,,,1,30,,4166,1,,,1,100,,4188,1,,,1,100,,4148,1,,,1,100,,4154,1,,,1,100,,4173,1,,,1,100,,4191,1,,,1,70,,4196,1,,,1,30,,4152,1,,,1,70,,4169,1,,,1,30,,4197,1,,,1,70,,4168,1,,,1,30,,4177,1,,,1,70,,4145,1,,,1,30,,4187,1,,,1,100,,4189,1,,,1
10701,'18',559,,4244,1,,,1,100,,4237,1,,,1,70,,4229,1,,,1,30,,4221,1,,,1,70,,4241,1,,,1,30,,4223,1,,,1,100,,4248,1,,,1,100,,4205,1,,,1,100,,4211,1,,,1,100,,4231,1,,,1,100,,4251,1,,,1,70,,4256,1,,,1,30,,4209,1,,,1,70,,4226,1,,,1,30,,4257,1,,,1,70,,4225,1,,,1,30,,4235,1,,,1,70,,4202,1,,,1,30,,4247,1,,,1,100,,4249,1,,,1
10701,'20',559,,4299,1,,,1,100,,4295,1,,,1,70,,1390,1,,,1,30,,4281,1,,,1,70,,4298,1,,,1,30,,4283,1,,,1,100,,4305,1,,,1,100,,4265,1,,,1,100,,4271,1,,,1,100,,4290,1,,,1,100,,4308,1,,,1,70,,4313,1,,,1,30,,4269,1,,,1,70,,4286,1,,,1,30,,4314,1,,,1,70,,4285,1,,,1,30,,4294,1,,,1,70,,4262,1,,,1,30,,4304,1,,,1,100,,4306,1,,,1
10701,'8',559,,4361,1,,,1,100,,4354,1,,,1,70,,4346,1,,,1,30,,4338,1,,,1,70,,4358,1,,,1,30,,4340,1,,,1,100,,4365,1,,,1,100,,4322,1,,,1,100,,4328,1,,,1,100,,4348,1,,,1,100,,4368,1,,,1,70,,4373,1,,,1,30,,4326,1,,,1,70,,4343,1,,,1,30,,4374,1,,,1,70,,4342,1,,,1,30,,4352,1,,,1,70,,4319,1,,,1,30,,4364,1,,,1,100,,4366,1,,,1
21401,'11',740,,7872,10,,,1,100,,7880,10,,,1,100,,7876,10,,,1,100,,7871,10,,,1,100,,7873,10,,,1,100,,7879,10,,,1,100,,7878,10,,,1,100,,7869,10,,,1,100,,7875,10,,,1,100,,7868,10,,,1,100,,7877,10,,,1,100,,7874,10,,,1,100,,7870,10,,,1
21401,'14',1840,,7885,10,,,1,100,,7883,10,,,1,100,,7881,10,,,1,100,,7884,10,,,1,100,,7882,10,,,1
21401,'18',1840,,7890,10,,,1,100,,7888,10,,,1,100,,7886,10,,,1,100,,7889,10,,,1,100,,7887,10,,,1
21401,'20',1840,,7893,10,,,1,100,,81,10,,,1,100,,7891,10,,,1,100,,7892,10,,,1,100,,7894,10,,,1
21401,'4',740,,7899,10,,,1,100,,7907,10,,,1,100,,7903,10,,,1,100,,7898,10,,,1,100,,7900,10,,,1,100,,7906,10,,,1,100,,7905,10,,,1,100,,7896,10,,,1,100,,7902,10,,,1,100,,7895,10,,,1,100,,7904,10,,,1,100,,7901,10,,,1,100,,7897,10,,,1
21401,'8',1840,,7911,10,,,1,100,,7909,10,,,1,100,,7908,10,,,1,100,,7910,10,,,1,100,,7912,10,,,1
