11600,'10',630,,9425,1,0,9 3 10 16,1,70,,13435,1,0,9 3 10 16,1,30,,13428,1,0,9 3 10 16,1,70,,13462,1,0,9 3 10 16,1,30,,13441,1,0,9 3 10 16,1,70,,13460,1,0,9 3 10 16,1,30,,13440,1,0,9 3 10 16,1,70,,13455,1,0,9 3 10 16,1,30,,13423,1,0,9 3 10 16,1,70,,13443,1,0,9 3 10 16,1,30,,13430,1,0,9 3 10 16,1,70,,13438,1,0,9 3 10 16,1,30,,13424,1,0,9 3 10 16,1,70,,13448,1,0,9 3 10 16,1,30,,13429,1,0,9 3 10 16,1,70,,13422,1,0,9 3 10 16,1,30,,13444,1,0,9 3 10 16,1,70,,13453,1,0,9 3 10 16,1,30,,13447,1,0,9 3 10 16,1,70,,13459,1,0,9 3 10 16,1,30,,13456,1,0,9 3 10 16,1,70,,10298,1,0,9 3 10 16,1,30,,13452,1,0,9 3 10 16,1
11600,'13',630,,9311,1,0,9 3 10 16,1,70,,13476,1,0,9 3 10 16,1,30,,13469,1,0,9 3 10 16,1,70,,13504,1,0,9 3 10 16,1,30,,13482,1,0,9 3 10 16,1,70,,13502,1,0,9 3 10 16,1,30,,13481,1,0,9 3 10 16,1,70,,13497,1,0,9 3 10 16,1,30,,13464,1,0,9 3 10 16,1,70,,13484,1,0,9 3 10 16,1,30,,13471,1,0,9 3 10 16,1,70,,13479,1,0,9 3 10 16,1,30,,13465,1,0,9 3 10 16,1,70,,13490,1,0,9 3 10 16,1,30,,13470,1,0,9 3 10 16,1,70,,13463,1,0,9 3 10 16,1,30,,13485,1,0,9 3 10 16,1,70,,13495,1,0,9 3 10 16,1,30,,13489,1,0,9 3 10 16,1,70,,13501,1,0,9 3 10 16,1,30,,13498,1,0,9 3 10 16,1,70,,10220,1,0,9 3 10 16,1,30,,13494,1,0,9 3 10 16,1
11601,'10',629,,13550,4,4,,1,30,,3018,4,4,,1,70,,13515,4,4,,1,30,,13533,4,4,,1,70,,13522,4,4,,1,30,,13505,4,4,,1,70,,13537,4,4,,1,30,,13509,4,4,,1,70,,13542,4,4,,1,30,,13520,4,4,,1,70,,13536,4,4,,1,30,,13514,4,4,,1,70,,13528,4,4,,1,30,,13531,4,4,,1,70,,13527,4,4,,1,30,,13519,4,4,,1,70,,13525,4,4,,1,30,,13544,4,4,,1,70,,13518,4,4,,1,30,,13538,4,4,,1,70,,10494,4,4,,1,30,,13507,4,4,,1,70,,13545,4,4,,1,30,,13508,4,4,,1
11601,'13',629,,13596,4,4,,1,30,,3126,4,4,,1,70,,13561,4,4,,1,30,,13579,4,4,,1,70,,13568,4,4,,1,30,,13551,4,4,,1,70,,13583,4,4,,1,30,,13555,4,4,,1,70,,13588,4,4,,1,30,,13566,4,4,,1,70,,13582,4,4,,1,30,,13560,4,4,,1,70,,13574,4,4,,1,30,,13577,4,4,,1,70,,13573,4,4,,1,30,,13565,4,4,,1,70,,13571,4,4,,1,30,,13590,4,4,,1,70,,13564,4,4,,1,30,,13584,4,4,,1,70,,10424,4,4,,1,30,,13553,4,4,,1,70,,13591,4,4,,1,30,,13554,4,4,,1
21600,'10',1800,,14449,1,0,9 3 10 16,1,30,,3012,1,0,9 3 10 16,1,70,,14444,1,0,9 3 10 16,1,30,,14451,1,0,9 3 10 16,1,70,,14452,1,0,9 3 10 16,1,30,,14435,1,0,9 3 10 16,1,70,,14450,1,0,9 3 10 16,1,30,,14447,1,0,9 3 10 16,1,70,,14455,1,0,9 3 10 16,1,30,,14453,1,0,9 3 10 16,1,70,,14437,1,0,9 3 10 16,1,30,,14439,1,0,9 3 10 16,1
21600,'13',1800,,14471,1,0,9 3 10 16,1,30,,3120,1,0,9 3 10 16,1,70,,14466,1,0,9 3 10 16,1,30,,14473,1,0,9 3 10 16,1,70,,14474,1,0,9 3 10 16,1,30,,14457,1,0,9 3 10 16,1,70,,14472,1,0,9 3 10 16,1,30,,14469,1,0,9 3 10 16,1,70,,14477,1,0,9 3 10 16,1,30,,14475,1,0,9 3 10 16,1,70,,14459,1,0,9 3 10 16,1,30,,14461,1,0,9 3 10 16,1
21600,'7',700,,14504,1,0,9 3 10 16,1,30,,14496,1,0,9 3 10 16,1,70,,14508,1,0,9 3 10 16,1,30,,14493,1,0,9 3 10 16,1,70,,14506,1,0,9 3 10 16,1,30,,14492,1,0,9 3 10 16,1,70,,14521,1,0,9 3 10 16,1,30,,14511,1,0,9 3 10 16,1,70,,11835,1,0,9 3 10 16,1,30,,14494,1,0,9 3 10 16,1,70,,14486,1,0,9 3 10 16,1,30,,14530,1,0,9 3 10 16,1,70,,14489,1,0,9 3 10 16,1,30,,14523,1,0,9 3 10 16,1,70,,14499,1,0,9 3 10 16,1,30,,14519,1,0,9 3 10 16,1,70,,14527,1,0,9 3 10 16,1,30,,14514,1,0,9 3 10 16,1,70,,14518,1,0,9 3 10 16,1,30,,14513,1,0,9 3 10 16,1,70,,14487,1,0,9 3 10 16,1,30,,14509,1,0,9 3 10 16,1,70,,14484,1,0,9 3 10 16,1,30,,14517,1,0,9 3 10 16,1,70,,14512,1,0,9 3 10 16,1,30,,14501,1,0,9 3 10 16,1,70,,11494,1,0,9 3 10 16,1,30,,14522,1,0,9 3 10 16,1,70,,14502,1,0,9 3 10 16,1
21601,'10',1829,,14536,4,4,,1,30,,14531,4,4,,1,70,,14542,4,4,,1,30,,14546,4,4,,1,70,,14540,4,4,,1,30,,14532,4,4,,1,70,,14552,4,4,,1,30,,14550,4,4,,1,70,,14537,4,4,,1,30,,14535,4,4,,1,70,,14551,4,4,,1
21601,'13',1829,,14558,4,4,,1,30,,14553,4,4,,1,70,,14564,4,4,,1,30,,14568,4,4,,1,70,,14562,4,4,,1,30,,14554,4,4,,1,70,,14574,4,4,,1,30,,14572,4,4,,1,70,,14559,4,4,,1,30,,14557,4,4,,1,70,,14573,4,4,,1
21601,'7',659,,11049,4,4,,1,70,,14588,4,4,,1,30,,14621,4,4,,1,70,,11946,4,4,,1,30,,14579,4,4,,1,70,,14592,4,4,,1,30,,14586,4,4,,1,70,,14585,4,4,,1,30,,14600,4,4,,1,70,,14615,4,4,,1,30,,14605,4,4,,1,70,,14606,4,4,,1,30,,14612,4,4,,1,70,,14625,4,4,,1,30,,14593,4,4,,1,70,,14616,4,4,,1,30,,14578,4,4,,1,70,,14618,4,4,,1,30,,14623,4,4,,1,70,,11491,4,4,,1,30,,14613,4,4,,1,70,,14626,4,4,,1,30,,14609,4,4,,1,70,,14610,4,4,,1,30,,14597,4,4,,1,70,,14620,4,4,,1,30,,14603,4,4,,1,70,,11537,4,4,,1,30,,14575,4,4,,1
