10400,'10',639,,14867,13,4,,1,70,,14869,13,4,,1,30,,14865,13,4,,1,70,,14873,13,4,,1,30,,14870,13,4,,1,70,,14882,13,4,,1,30,,14880,13,4,,1,70,,14863,13,4,,1,30,,14871,13,4,,1,70,,14877,13,4,,1,30,,14864,13,4,,1,70,,14862,13,4,,1,30,,14866,13,4,,1,70,,14881,13,4,,1,30,,14876,13,4,,1,70,,14275,13,4,,1,30,,14878,13,4,,1,70,,14872,13,4,,1,30,,14883,13,4,,1,70,,14875,13,4,,1,30,,12291,13,4,,1,70,,14868,13,4,,1,30,,14861,13,4,,1,70,,14874,13,4,,1,30,,14879,13,4,,1
10400,'15',639,,14890,13,4,,1,70,,14892,13,4,,1,30,,14888,13,4,,1,70,,14896,13,4,,1,30,,14893,13,4,,1,70,,14905,13,4,,1,30,,14903,13,4,,1,70,,14886,13,4,,1,30,,14894,13,4,,1,70,,14900,13,4,,1,30,,14887,13,4,,1,70,,14885,13,4,,1,30,,14889,13,4,,1,70,,14904,13,4,,1,30,,14899,13,4,,1,70,,14283,13,4,,1,30,,14901,13,4,,1,70,,14895,13,4,,1,30,,14906,13,4,,1,70,,14898,13,4,,1,30,,12334,13,4,,1,70,,14891,13,4,,1,30,,14884,13,4,,1,70,,14897,13,4,,1,30,,14902,13,4,,1
10401,'10',639,,14921,1,,,1,70,,14907,1,,,1,30,,14438,1,,,1,70,,14919,1,,,1,30,,14946,1,,,1,70,,14929,1,,,1,30,,14916,1,,,1,70,,14909,1,,,1,30,,14915,1,,,1,70,,14947,1,,,1,30,,14922,1,,,1,70,,14942,1,,,1,30,,14933,1,,,1,70,,14908,1,,,1,30,,14927,1,,,1,70,,9999,1,,,1,30,,14924,1,,,1,70,,14936,1,,,1,30,,14918,1,,,1,70,,14928,1,,,1,30,,14941,1,,,1,70,,14949,1,,,1,30,,14953,1,,,1,70,,14923,1,,,1,30,,14950,1,,,1
10401,'15',639,,14967,1,,,1,70,,14954,1,,,1,30,,14460,1,,,1,70,,14965,1,,,1,30,,14992,1,,,1,70,,14975,1,,,1,30,,13286,1,,,1,70,,14956,1,,,1,30,,14962,1,,,1,70,,14993,1,,,1,30,,14968,1,,,1,70,,14988,1,,,1,30,,14979,1,,,1,70,,14955,1,,,1,30,,14973,1,,,1,70,,12687,1,,,1,30,,14970,1,,,1,70,,14982,1,,,1,30,,14964,1,,,1,70,,14974,1,,,1,30,,14987,1,,,1,70,,14995,1,,,1,30,,14999,1,,,1,70,,14969,1,,,1,30,,14996,1,,,1
20301,'10',2406,,16269,13,,,1
20301,'15',2406,,16279,13,,,1
20400,'10',1910,,16315,13,4,,1,30,,16313,13,4,,1,70,,16318,13,4,,1,30,,16316,13,4,,1,70,,16314,13,4,,1,30,,16312,13,4,,1,70,,16320,13,4,,1,30,,16317,13,4,,1,70,,16319,13,4,,1,30,,16311,13,4,,1
20400,'15',1910,,16325,13,4,,1,30,,16323,13,4,,1,70,,16328,13,4,,1,30,,16326,13,4,,1,70,,16324,13,4,,1,30,,16322,13,4,,1,70,,16330,13,4,,1,30,,16327,13,4,,1,70,,16329,13,4,,1,30,,16321,13,4,,1
20400,'7',740,,13726,13,4,,1,70,,16351,13,4,,1,30,,16336,13,4,,1,70,,16340,13,4,,1,30,,16347,13,4,,1,70,,16355,13,4,,1,30,,16332,13,4,,1,70,,16339,13,4,,1,30,,16337,13,4,,1,70,,16348,13,4,,1,30,,13846,13,4,,1,70,,16343,13,4,,1,30,,16356,13,4,,1,70,,16334,13,4,,1,30,,16352,13,4,,1,70,,16331,13,4,,1,30,,16341,13,4,,1,70,,16345,13,4,,1,30,,16333,13,4,,1,70,,16353,13,4,,1,30,,16354,13,4,,1,70,,16338,13,4,,1,30,,16342,13,4,,1,70,,16350,13,4,,1,30,,16346,13,4,,1,70,,16349,13,4,,1,30,,16335,13,4,,1,70,,16344,13,4,,1
20401,'10',1910,,16373,1,,,1,30,,16374,1,,,1,70,,16371,1,,,1,30,,16365,1,,,1,70,,16359,1,,,1,30,,16367,1,,,1,70,,16372,1,,,1,30,,14532,1,,,1,70,,16361,1,,,1,30,,16366,1,,,1
20401,'15',1910,,16391,1,,,1,30,,16392,1,,,1,70,,16389,1,,,1,30,,16383,1,,,1,70,,16377,1,,,1,30,,16385,1,,,1,70,,16390,1,,,1,30,,14554,1,,,1,70,,16379,1,,,1,30,,16384,1,,,1
20401,'7',740,,16434,1,,,1,70,,16427,1,,,1,30,,16421,1,,,1,70,,16411,1,,,1,30,,16435,1,,,1,70,,16398,1,,,1,30,,16444,1,,,1,70,,16430,1,,,1,30,,14168,1,,,1,70,,16409,1,,,1,30,,16418,1,,,1,70,,16432,1,,,1,30,,16401,1,,,1,70,,16412,1,,,1,30,,16426,1,,,1,70,,16403,1,,,1,30,,16436,1,,,1,70,,13848,1,,,1,30,,16428,1,,,1,70,,16406,1,,,1,30,,16440,1,,,1,70,,16402,1,,,1,30,,16395,1,,,1,70,,14290,1,,,1,30,,16408,1,,,1,70,,16396,1,,,1,30,,16394,1,,,1,70,,16433,1,,,1
