10201,'14',647,,3050,3,0,9 3 10,1,70,,3029,3,0,9 3 10,1,30,,3040,3,0,9 3 10,1,70,,3012,3,0,9 3 10,1,30,,3008,3,0,9 3 10,1,70,,3025,3,0,9 3 10,1,30,,3006,3,0,9 3 10,1,100,,2633,3,0,9 3 10,1,100,,3037,3,0,9 3 10,1,100,,3014,3,0,9 3 10,1,100,,3021,3,0,9 3 10,1,100,,2476,3,0,9 3 10,1,70,,3004,3,0,9 3 10,1,30,,3019,3,0,9 3 10,1,70,,3044,3,0,9 3 10,1,30,,3032,3,0,9 3 10,1,70,,3036,3,0,9 3 10,1,30,,3041,3,0,9 3 10,1
10201,'18',647,,3107,3,0,9 3 10,1,70,,3086,3,0,9 3 10,1,30,,3097,3,0,9 3 10,1,70,,3065,3,0,9 3 10,1,30,,3060,3,0,9 3 10,1,70,,3082,3,0,9 3 10,1,30,,3058,3,0,9 3 10,1,100,,3073,3,0,9 3 10,1,100,,3094,3,0,9 3 10,1,100,,3067,3,0,9 3 10,1,100,,3078,3,0,9 3 10,1,100,,3062,3,0,9 3 10,1,70,,3055,3,0,9 3 10,1,30,,3075,3,0,9 3 10,1,70,,3101,3,0,9 3 10,1,30,,3089,3,0,9 3 10,1,70,,3093,3,0,9 3 10,1,30,,3098,3,0,9 3 10,1
10201,'20',647,,3159,3,0,9 3 10,1,70,,3138,3,0,9 3 10,1,30,,3149,3,0,9 3 10,1,70,,3120,3,0,9 3 10,1,30,,3116,3,0,9 3 10,1,70,,3134,3,0,9 3 10,1,30,,3114,3,0,9 3 10,1,100,,3127,3,0,9 3 10,1,100,,3146,3,0,9 3 10,1,100,,3122,3,0,9 3 10,1,100,,3130,3,0,9 3 10,1,100,,2440,3,0,9 3 10,1,70,,3112,3,0,9 3 10,1,30,,3128,3,0,9 3 10,1,70,,3153,3,0,9 3 10,1,30,,3141,3,0,9 3 10,1,70,,3145,3,0,9 3 10,1,30,,3150,3,0,9 3 10,1
10201,'8',647,,3216,3,0,9 3 10,1,70,,3195,3,0,9 3 10,1,30,,3206,3,0,9 3 10,1,70,,3174,3,0,9 3 10,1,30,,3169,3,0,9 3 10,1,70,,3191,3,0,9 3 10,1,30,,3167,3,0,9 3 10,1,100,,3182,3,0,9 3 10,1,100,,3203,3,0,9 3 10,1,100,,3176,3,0,9 3 10,1,100,,3187,3,0,9 3 10,1,100,,3171,3,0,9 3 10,1,70,,3164,3,0,9 3 10,1,30,,3184,3,0,9 3 10,1,70,,3210,3,0,9 3 10,1,30,,3198,3,0,9 3 10,1,70,,3202,3,0,9 3 10,1,30,,3207,3,0,9 3 10,1
11001,'14',617,,4928,3,,,1,30,,4910,3,,,1,70,,4909,3,,,1,30,,553,3,,,1,70,,4917,3,,,1,30,,4912,3,,,1,70,,4916,3,,,1,30,,4924,3,,,1,70,,4921,3,,,1,30,,4923,3,,,1,70,,4913,3,,,1,30,,4914,3,,,1,70,,4922,3,,,1,30,,4915,3,,,1,70,,4911,3,,,1,30,,4919,3,,,1,70,,4927,3,,,1,30,,4926,3,,,1,70,,4908,3,,,1,30,,4906,3,,,1,70,,4918,3,,,1,30,,4920,3,,,1,70,,4907,3,,,1,30,,1412,3,,,1,70,,4925,3,,,1
11001,'18',617,,4953,3,,,1,30,,4934,3,,,1,70,,4933,3,,,1,30,,4941,3,,,1,70,,4942,3,,,1,30,,4936,3,,,1,70,,4940,3,,,1,30,,4949,3,,,1,70,,4946,3,,,1,30,,4948,3,,,1,70,,4937,3,,,1,30,,4938,3,,,1,70,,4947,3,,,1,30,,4939,3,,,1,70,,4935,3,,,1,30,,4944,3,,,1,70,,4952,3,,,1,30,,4951,3,,,1,70,,4932,3,,,1,30,,4930,3,,,1,70,,4943,3,,,1,30,,4945,3,,,1,70,,4931,3,,,1,30,,4929,3,,,1,70,,4950,3,,,1
11001,'20',617,,4976,3,,,1,30,,4959,3,,,1,70,,4958,3,,,1,30,,515,3,,,1,70,,4965,3,,,1,30,,1134,3,,,1,70,,4964,3,,,1,30,,4972,3,,,1,70,,4969,3,,,1,30,,4971,3,,,1,70,,4961,3,,,1,30,,4962,3,,,1,70,,4970,3,,,1,30,,4963,3,,,1,70,,4960,3,,,1,30,,4967,3,,,1,70,,4975,3,,,1,30,,4974,3,,,1,70,,4957,3,,,1,30,,4955,3,,,1,70,,4966,3,,,1,30,,4968,3,,,1,70,,4956,3,,,1,30,,4954,3,,,1,70,,4973,3,,,1
11001,'8',617,,5001,3,,,1,30,,4982,3,,,1,70,,4981,3,,,1,30,,4989,3,,,1,70,,4990,3,,,1,30,,4984,3,,,1,70,,4988,3,,,1,30,,4997,3,,,1,70,,4994,3,,,1,30,,4996,3,,,1,70,,4985,3,,,1,30,,4986,3,,,1,70,,4995,3,,,1,30,,4987,3,,,1,70,,4983,3,,,1,30,,4992,3,,,1,70,,5000,3,,,1,30,,4999,3,,,1,70,,4980,3,,,1,30,,4978,3,,,1,70,,4991,3,,,1,30,,4993,3,,,1,70,,4979,3,,,1,30,,4977,3,,,1,70,,4998,3,,,1
11501,'14',717,,2752,3,0,11 12,1,30,,5730,3,0,11 12,1,70,,5729,3,0,11 12,1,30,,5734,3,0,11 12,1,70,,5735,3,0,11 12,1,30,,1744,3,0,11 12,1,70,,1339,3,0,11 12,1,100,,5723,3,0,11 12,1,100,,5709,3,0,11 12,1,100,,5728,3,0,11 12,1,100,,5727,3,0,11 12,1,100,,5720,3,0,11 12,1,30,,5722,3,0,11 12,1,70,,5736,3,0,11 12,1,30,,5714,3,0,11 12,1,70,,5732,3,0,11 12,1,30,,5716,3,0,11 12,1,70,,2549,3,0,11 12,1
11501,'18',717,,5755,3,0,11 12,1,30,,5765,3,0,11 12,1,70,,5764,3,0,11 12,1,30,,5770,3,0,11 12,1,70,,5771,3,0,11 12,1,30,,5760,3,0,11 12,1,70,,5741,3,0,11 12,1,100,,5757,3,0,11 12,1,100,,5738,3,0,11 12,1,100,,5763,3,0,11 12,1,100,,5762,3,0,11 12,1,100,,5753,3,0,11 12,1,30,,5756,3,0,11 12,1,70,,5772,3,0,11 12,1,30,,5745,3,0,11 12,1,70,,5768,3,0,11 12,1,30,,5747,3,0,11 12,1,70,,5751,3,0,11 12,1
11501,'20',717,,2670,3,0,11 12,1,30,,5795,3,0,11 12,1,70,,5794,3,0,11 12,1,30,,5799,3,0,11 12,1,70,,5800,3,0,11 12,1,30,,1696,3,0,11 12,1,70,,5775,3,0,11 12,1,100,,5788,3,0,11 12,1,100,,5774,3,0,11 12,1,100,,5793,3,0,11 12,1,100,,5792,3,0,11 12,1,100,,5785,3,0,11 12,1,30,,5787,3,0,11 12,1,70,,5801,3,0,11 12,1,30,,5779,3,0,11 12,1,70,,5797,3,0,11 12,1,30,,5781,3,0,11 12,1,70,,2532,3,0,11 12,1
11501,'8',717,,5820,3,0,11 12,1,30,,5830,3,0,11 12,1,70,,5829,3,0,11 12,1,30,,5835,3,0,11 12,1,70,,5836,3,0,11 12,1,30,,5825,3,0,11 12,1,70,,5806,3,0,11 12,1,100,,5822,3,0,11 12,1,100,,5803,3,0,11 12,1,100,,5828,3,0,11 12,1,100,,5827,3,0,11 12,1,100,,5818,3,0,11 12,1,30,,5821,3,0,11 12,1,70,,5837,3,0,11 12,1,30,,5810,3,0,11 12,1,70,,5833,3,0,11 12,1,30,,5812,3,0,11 12,1,70,,5816,3,0,11 12,1
21001,'11',717,,7406,3,,,1,30,,7399,3,,,1,70,,7407,3,,,1,30,,7396,3,,,1,70,,7414,3,,,1,30,,7415,3,,,1,70,,7395,3,,,1,30,,7400,3,,,1,70,,2572,3,,,1,30,,7417,3,,,1,70,,7404,3,,,1,30,,7411,3,,,1,70,,7418,3,,,1,30,,1974,3,,,1,70,,7401,3,,,1,30,,7397,3,,,1,70,,7402,3,,,1,30,,7419,3,,,1,70,,2600,3,,,1,30,,7409,3,,,1,70,,7410,3,,,1,30,,7412,3,,,1,70,,7403,3,,,1,30,,7416,3,,,1,70,,7398,3,,,1,30,,7413,3,,,1,70,,7405,3,,,1,30,,7408,3,,,1
21001,'14',1847,,7420,3,,,1,70,,7423,3,,,1,30,,7424,3,,,1,70,,7427,3,,,1,30,,7421,3,,,1,70,,7428,3,,,1,30,,7425,3,,,1,70,,7426,3,,,1,30,,7429,3,,,1,70,,7422,3,,,1
21001,'18',1847,,7430,3,,,1,70,,7433,3,,,1,30,,7434,3,,,1,70,,7437,3,,,1,30,,7431,3,,,1,70,,7438,3,,,1,30,,7435,3,,,1,70,,7436,3,,,1,30,,7439,3,,,1,70,,7432,3,,,1
21001,'20',1847,,7440,3,,,1,70,,7443,3,,,1,30,,7444,3,,,1,70,,7447,3,,,1,30,,7441,3,,,1,70,,7448,3,,,1,30,,7445,3,,,1,70,,7446,3,,,1,30,,7449,3,,,1,70,,7442,3,,,1
21001,'4',717,,7462,3,,,1,30,,7454,3,,,1,70,,7463,3,,,1,30,,7451,3,,,1,70,,7470,3,,,1,30,,7471,3,,,1,70,,7450,3,,,1,30,,7455,3,,,1,70,,7458,3,,,1,30,,7475,3,,,1,70,,7460,3,,,1,30,,7467,3,,,1,70,,7476,3,,,1,30,,7472,3,,,1,70,,7456,3,,,1,30,,7452,3,,,1,70,,7457,3,,,1,30,,7477,3,,,1,70,,7474,3,,,1,30,,7465,3,,,1,70,,7466,3,,,1,30,,7468,3,,,1,70,,7459,3,,,1,30,,7473,3,,,1,70,,7453,3,,,1,30,,7469,3,,,1,70,,7461,3,,,1,30,,7464,3,,,1
21001,'8',1847,,7478,3,,,1,70,,7481,3,,,1,30,,7482,3,,,1,70,,7485,3,,,1,30,,7479,3,,,1,70,,7486,3,,,1,30,,7483,3,,,1,70,,7484,3,,,1,30,,7487,3,,,1,70,,7480,3,,,1
