11300,'14',632,,5334,19,0,18 19 20,1,100,,5322,19,0,18 19 20,1,100,,5344,19,0,18 19 20,1,100,,5319,19,0,18 19 20,1,100,,5320,19,0,18 19 20,1,100,,5316,19,0,18 19 20,1,100,,5324,19,0,18 19 20,1,100,,5338,19,0,18 19 20,1,100,,390,19,0,18 19 20,1,100,,5343,19,0,18 19 20,1,100,,5317,19,0,18 19 20,1,100,,5331,19,0,18 19 20,1,100,,5347,19,0,18 19 20,1
11300,'18',632,,5372,19,0,18 19 20,1,100,,5357,19,0,18 19 20,1,100,,5383,19,0,18 19 20,1,100,,5354,19,0,18 19 20,1,100,,5355,19,0,18 19 20,1,100,,5350,19,0,18 19 20,1,100,,5359,19,0,18 19 20,1,100,,5377,19,0,18 19 20,1,100,,5367,19,0,18 19 20,1,100,,5382,19,0,18 19 20,1,100,,5351,19,0,18 19 20,1,100,,5368,19,0,18 19 20,1,100,,5386,19,0,18 19 20,1
11300,'20',632,,5401,19,0,18 19 20,1,100,,5394,19,0,18 19 20,1,100,,5415,19,0,18 19 20,1,100,,5391,19,0,18 19 20,1,100,,5392,19,0,18 19 20,1,100,,5389,19,0,18 19 20,1,100,,1908,19,0,18 19 20,1,100,,5409,19,0,18 19 20,1,100,,5407,19,0,18 19 20,1,100,,5400,19,0,18 19 20,1,100,,5405,19,0,18 19 20,1,100,,5404,19,0,18 19 20,1,100,,2442,19,0,18 19 20,1
11300,'8',632,,5436,19,0,18 19 20,1,100,,5425,19,0,18 19 20,1,100,,5454,19,0,18 19 20,1,100,,5422,19,0,18 19 20,1,100,,5423,19,0,18 19 20,1,100,,5420,19,0,18 19 20,1,100,,5431,19,0,18 19 20,1,100,,5447,19,0,18 19 20,1,100,,5444,19,0,18 19 20,1,100,,5434,19,0,18 19 20,1,100,,5442,19,0,18 19 20,1,100,,5440,19,0,18 19 20,1,100,,5429,19,0,18 19 20,1
21300,'11',731,,1839,19,,,1,100,,7664,19,,,1,100,,7674,19,,,1,100,,7672,19,,,1,100,,7668,19,,,1,100,,7666,19,,,1,100,,7667,19,,,1,100,,7669,19,,,1,100,,7663,19,,,1,100,,7673,19,,,1,100,,7671,19,,,1,100,,7665,19,,,1,100,,7670,19,,,1
21300,'14',1931,,7676,19,,,1,100,,7677,19,,,1,100,,7675,19,,,1,100,,2747,19,,,1
21300,'18',1931,,7680,19,,,1,100,,7681,19,,,1,100,,7679,19,,,1,100,,7678,19,,,1
21300,'20',1931,,7683,19,,,1,100,,7684,19,,,1,100,,7682,19,,,1,100,,2665,19,,,1
21300,'4',731,,7688,19,,,1,100,,7686,19,,,1,100,,7697,19,,,1,100,,7695,19,,,1,100,,7691,19,,,1,100,,7689,19,,,1,100,,7690,19,,,1,100,,7692,19,,,1,100,,7685,19,,,1,100,,7696,19,,,1,100,,7694,19,,,1,100,,7687,19,,,1,100,,7693,19,,,1
21300,'8',1931,,7700,19,,,1,100,,7701,19,,,1,100,,7699,19,,,1,100,,7698,19,,,1
