10501,'14',631,,3819,13,,,1,100,,3820,13,,,1,70,,3828,13,,,1,30,,3816,13,,,1,70,,3798,13,,,1,30,,3806,13,,,1,70,,3826,13,,,1,30,,3812,13,,,1,100,,3796,13,,,1,100,,3811,13,,,1,100,,3814,13,,,1,100,,3794,13,,,1,100,,3813,13,,,1,70,,3823,13,,,1,30,,3822,13,,,1,70,,3821,13,,,1,30,,3818,13,,,1,70,,3829,13,,,1,30,,3825,13,,,1
10501,'18',631,,3857,13,,,1,100,,3858,13,,,1,70,,3866,13,,,1,30,,3854,13,,,1,70,,3834,13,,,1,30,,3843,13,,,1,70,,3864,13,,,1,30,,3849,13,,,1,100,,3832,13,,,1,100,,3848,13,,,1,100,,3852,13,,,1,100,,3830,13,,,1,100,,3850,13,,,1,70,,3861,13,,,1,30,,3860,13,,,1,70,,3859,13,,,1,30,,3856,13,,,1,70,,3867,13,,,1,30,,3863,13,,,1
10501,'20',631,,3893,13,,,1,100,,3894,13,,,1,70,,3902,13,,,1,30,,3890,13,,,1,70,,3872,13,,,1,30,,3880,13,,,1,70,,3900,13,,,1,30,,3886,13,,,1,100,,3870,13,,,1,100,,3885,13,,,1,100,,3888,13,,,1,100,,3868,13,,,1,100,,3887,13,,,1,70,,3897,13,,,1,30,,3896,13,,,1,70,,3895,13,,,1,30,,3892,13,,,1,70,,3903,13,,,1,30,,3899,13,,,1
10501,'8',631,,3931,13,,,1,100,,3932,13,,,1,70,,3940,13,,,1,30,,3928,13,,,1,70,,3908,13,,,1,30,,3917,13,,,1,70,,3938,13,,,1,30,,3923,13,,,1,100,,3906,13,,,1,100,,3922,13,,,1,100,,3926,13,,,1,100,,3904,13,,,1,100,,3924,13,,,1,70,,3935,13,,,1,30,,3934,13,,,1,70,,3933,13,,,1,30,,3930,13,,,1,70,,3941,13,,,1,30,,3937,13,,,1
20501,'11',730,,6751,13,,,1,100,,6752,13,,,1,100,,6738,13,,,1,100,,2515,13,,,1,100,,6753,13,,,1,100,,6750,13,,,1,100,,6740,13,,,1,100,,6748,13,,,1,100,,6730,13,,,1,100,,6735,13,,,1,100,,6734,13,,,1,100,,6732,13,,,1,100,,6742,13,,,1,100,,6747,13,,,1
20501,'14',1930,,6756,13,,,1,100,,6762,13,,,1,100,,6755,13,,,1,100,,6760,13,,,1
20501,'18',1930,,6764,13,,,1,100,,6770,13,,,1,100,,6763,13,,,1,100,,6768,13,,,1
20501,'20',1930,,6772,13,,,1,100,,6778,13,,,1,100,,6771,13,,,1,100,,6776,13,,,1
20501,'4',730,,6803,13,,,1,100,,6804,13,,,1,100,,6789,13,,,1,100,,6796,13,,,1,100,,6805,13,,,1,100,,6802,13,,,1,100,,6791,13,,,1,100,,6800,13,,,1,100,,6780,13,,,1,100,,6786,13,,,1,100,,6785,13,,,1,100,,6783,13,,,1,100,,6793,13,,,1,100,,6799,13,,,1
20501,'8',1930,,6808,13,,,1,100,,6814,13,,,1,100,,6807,13,,,1,100,,6812,13,,,1
