11301,'14',602,,5462,3,,,1,100,,5486,3,,,1,100,,5494,3,,,1,100,,5480,3,,,1,100,,5471,3,,,1,100,,5488,3,,,1,100,,5465,3,,,1,100,,5468,3,,,1,100,,5493,3,,,1,100,,5472,3,,,1,100,,5481,3,,,1,100,,5470,3,,,1,100,,5473,3,,,1,100,,5469,3,,,1
11301,'18',602,,5499,3,,,1,100,,5527,3,,,1,100,,5535,3,,,1,100,,5519,3,,,1,100,,5509,3,,,1,100,,5529,3,,,1,100,,5503,3,,,1,100,,5506,3,,,1,100,,5534,3,,,1,100,,5511,3,,,1,100,,5520,3,,,1,100,,5508,3,,,1,100,,5512,3,,,1,100,,5507,3,,,1
11301,'20',602,,5539,3,,,1,100,,5559,3,,,1,100,,5573,3,,,1,100,,5551,3,,,1,100,,5544,3,,,1,100,,5561,3,,,1,100,,5541,3,,,1,100,,5558,3,,,1,100,,5572,3,,,1,100,,5557,3,,,1,100,,5536,3,,,1,100,,5554,3,,,1,100,,5563,3,,,1,100,,5543,3,,,1
11301,'8',602,,5577,3,,,1,100,,5600,3,,,1,100,,5614,3,,,1,100,,5591,3,,,1,100,,5583,3,,,1,100,,5602,3,,,1,100,,5580,3,,,1,100,,5599,3,,,1,100,,5613,3,,,1,100,,5598,3,,,1,100,,5574,3,,,1,100,,5595,3,,,1,100,,5604,3,,,1,100,,5582,3,,,1
21301,'11',701,,7731,3,,,1,100,,7735,3,,,1,100,,7715,3,,,1,100,,7716,3,,,1,100,,7723,3,,,1,100,,7721,3,,,1,100,,7703,3,,,1,100,,7702,3,,,1,100,,7719,3,,,1,100,,7724,3,,,1,100,,7722,3,,,1,100,,7727,3,,,1,100,,7729,3,,,1
21301,'14',2001,,7746,3,,,1,100,,1745,3,,,1,100,,7748,3,,,1
21301,'18',2001,,7756,3,,,1,100,,7758,3,,,1,100,,7759,3,,,1
21301,'20',2001,,7767,3,,,1,100,,1697,3,,,1,100,,7769,3,,,1
21301,'4',701,,7802,3,,,1,100,,7806,3,,,1,100,,7785,3,,,1,100,,7786,3,,,1,100,,7794,3,,,1,100,,7791,3,,,1,100,,7773,3,,,1,100,,7772,3,,,1,100,,7789,3,,,1,100,,7795,3,,,1,100,,7792,3,,,1,100,,7798,3,,,1,100,,7800,3,,,1
21301,'8',2001,,7817,3,,,1,100,,7819,3,,,1,100,,7820,3,,,1
