11201,'14',724,,5238,17,0,14 15 16,1,100,,5237,17,0,14 15 16,1,100,,5242,17,0,14 15 16,1,100,,5233,17,0,14 15 16,1,100,,2656,17,0,14 15 16,1,100,,5243,17,0,14 15 16,1,100,,5234,17,0,14 15 16,1,100,,5235,17,0,14 15 16,1,100,,5248,17,0,14 15 16,1,100,,5239,17,0,14 15 16,1,100,,5244,17,0,14 15 16,1
11201,'18',724,,5259,17,0,14 15 16,1,100,,5258,17,0,14 15 16,1,100,,5263,17,0,14 15 16,1,100,,5251,17,0,14 15 16,1,100,,5252,17,0,14 15 16,1,100,,5264,17,0,14 15 16,1,100,,5253,17,0,14 15 16,1,100,,5254,17,0,14 15 16,1,100,,5270,17,0,14 15 16,1,100,,5260,17,0,14 15 16,1,100,,5265,17,0,14 15 16,1
11201,'20',724,,5290,17,0,14 15 16,1,100,,5274,17,0,14 15 16,1,100,,5292,17,0,14 15 16,1,100,,5273,17,0,14 15 16,1,100,,5275,17,0,14 15 16,1,100,,5283,17,0,14 15 16,1,100,,5276,17,0,14 15 16,1,100,,5277,17,0,14 15 16,1,100,,5287,17,0,14 15 16,1,100,,5279,17,0,14 15 16,1,100,,5284,17,0,14 15 16,1
11201,'8',724,,5312,17,0,14 15 16,1,100,,5294,17,0,14 15 16,1,100,,5314,17,0,14 15 16,1,100,,5293,17,0,14 15 16,1,100,,5295,17,0,14 15 16,1,100,,5304,17,0,14 15 16,1,100,,5296,17,0,14 15 16,1,100,,5297,17,0,14 15 16,1,100,,5309,17,0,14 15 16,1,100,,5300,17,0,14 15 16,1,100,,5305,17,0,14 15 16,1
20600,'11',740,,6836,11,,,1,70,,6823,11,,,1,30,,6840,11,,,1,70,,6839,11,,,1,30,,6820,11,,,1,70,,6821,11,,,1,30,,6835,11,,,1,71,,6816,11,,,1,29,,6830,11,,,1,70,,6818,11,,,1,30,,6815,11,,,1,70,,6826,11,,,1,30,,6831,11,,,1,71,,6838,11,,,1,29,,6827,11,,,1,70,,6833,11,,,1,30,,6817,11,,,1,70,,6819,11,,,1,30,,6832,11,,,1,70,,6828,11,,,1,30,,6824,11,,,1,70,,6837,11,,,1,31,,6822,11,,,1,69,,6834,11,,,1,30,,6829,11,,,1,70,,6825,11,,,1
20600,'14',1811,,6841,11,,,1,29,,6848,11,,,1,70,,6846,11,,,1,31,,6842,11,,,1,70,,6849,11,,,1,30,,6844,11,,,1,69,,6847,11,,,1,30,,477,11,,,1,70,,6845,11,,,1,30,,6843,11,,,1
20600,'18',1811,,6850,11,,,1,29,,6858,11,,,1,70,,6856,11,,,1,31,,6851,11,,,1,70,,6859,11,,,1,30,,6853,11,,,1,69,,6857,11,,,1,30,,6855,11,,,1,70,,6854,11,,,1,30,,6852,11,,,1
20600,'20',1811,,6860,11,,,1,29,,6867,11,,,1,70,,6865,11,,,1,31,,6861,11,,,1,70,,6868,11,,,1,30,,6863,11,,,1,69,,6866,11,,,1,30,,439,11,,,1,70,,6864,11,,,1,30,,6862,11,,,1
20600,'4',740,,6890,11,,,1,70,,6877,11,,,1,30,,6894,11,,,1,70,,6893,11,,,1,30,,6874,11,,,1,70,,6875,11,,,1,30,,6889,11,,,1,71,,6870,11,,,1,29,,6884,11,,,1,70,,6872,11,,,1,30,,6869,11,,,1,70,,6880,11,,,1,30,,6885,11,,,1,71,,6892,11,,,1,29,,6881,11,,,1,70,,6887,11,,,1,30,,6871,11,,,1,70,,6873,11,,,1,30,,6886,11,,,1,70,,6882,11,,,1,30,,6878,11,,,1,70,,6891,11,,,1,31,,6876,11,,,1,69,,6888,11,,,1,30,,6883,11,,,1,70,,6879,11,,,1
20600,'8',1811,,6895,11,,,1,29,,6903,11,,,1,70,,6901,11,,,1,31,,6896,11,,,1,70,,6904,11,,,1,30,,6898,11,,,1,69,,6902,11,,,1,30,,6900,11,,,1,70,,6899,11,,,1,30,,6897,11,,,1
