10700,'14',633,,1555,5,0,5 6,1,100,,4092,5,0,5 6,1,70,,4091,5,0,5 6,1,30,,4079,5,0,5 6,1,70,,1850,5,0,5 6,1,30,,4080,5,0,5 6,1,100,,4089,5,0,5 6,1,100,,4090,5,0,5 6,1,100,,4087,5,0,5 6,1,100,,4085,5,0,5 6,1,100,,4088,5,0,5 6,1,70,,4082,5,0,5 6,1,30,,479,5,0,5 6,1,70,,4084,5,0,5 6,1,30,,1123,5,0,5 6,1,70,,4083,5,0,5 6,1,30,,4081,5,0,5 6,1,70,,4086,5,0,5 6,1,30,,27,5,0,5 6,1
10700,'18',633,,4098,5,0,5 6,1,100,,4111,5,0,5 6,1,70,,4110,5,0,5 6,1,30,,4093,5,0,5 6,1,70,,4099,5,0,5 6,1,30,,4094,5,0,5 6,1,100,,4107,5,0,5 6,1,100,,4108,5,0,5 6,1,100,,4105,5,0,5 6,1,100,,4102,5,0,5 6,1,100,,4106,5,0,5 6,1,70,,4096,5,0,5 6,1,30,,4104,5,0,5 6,1,70,,4100,5,0,5 6,1,30,,4109,5,0,5 6,1,70,,4097,5,0,5 6,1,30,,4095,5,0,5 6,1,70,,4103,5,0,5 6,1,30,,4101,5,0,5 6,1
10700,'20',633,,1519,5,0,5 6,1,100,,4125,5,0,5 6,1,70,,4124,5,0,5 6,1,30,,4112,5,0,5 6,1,70,,1811,5,0,5 6,1,30,,4113,5,0,5 6,1,100,,4122,5,0,5 6,1,100,,4123,5,0,5 6,1,100,,4120,5,0,5 6,1,100,,4118,5,0,5 6,1,100,,4121,5,0,5 6,1,70,,4115,5,0,5 6,1,30,,441,5,0,5 6,1,70,,4117,5,0,5 6,1,30,,1098,5,0,5 6,1,70,,4116,5,0,5 6,1,30,,4114,5,0,5 6,1,70,,4119,5,0,5 6,1,30,,9,5,0,5 6,1
10700,'8',633,,4131,5,0,5 6,1,100,,4144,5,0,5 6,1,70,,4143,5,0,5 6,1,30,,4126,5,0,5 6,1,70,,4132,5,0,5 6,1,30,,4127,5,0,5 6,1,100,,4140,5,0,5 6,1,100,,4141,5,0,5 6,1,100,,4138,5,0,5 6,1,100,,4135,5,0,5 6,1,100,,4139,5,0,5 6,1,70,,4129,5,0,5 6,1,30,,4137,5,0,5 6,1,70,,4133,5,0,5 6,1,30,,4142,5,0,5 6,1,70,,4130,5,0,5 6,1,30,,4128,5,0,5 6,1,70,,4136,5,0,5 6,1,30,,4134,5,0,5 6,1
21000,'11',732,,7318,5,,,1,70,,7307,5,,,1,30,,7310,5,,,1,70,,7325,5,,,1,30,,7323,5,,,1,70,,7308,5,,,1,30,,7326,5,,,1,70,,7317,5,,,1,30,,7313,5,,,1,70,,7316,5,,,1,30,,7324,5,,,1,70,,7322,5,,,1,30,,7328,5,,,1,70,,7320,5,,,1,30,,7327,5,,,1,70,,7321,5,,,1,30,,7333,5,,,1,70,,7329,5,,,1,30,,7331,5,,,1,70,,7309,5,,,1,30,,7332,5,,,1,70,,7314,5,,,1,30,,7319,5,,,1,70,,7330,5,,,1,30,,7312,5,,,1,70,,7315,5,,,1,30,,7311,5,,,1
21000,'14',1902,,7336,5,,,1,30,,7338,5,,,1,70,,7341,5,,,1,30,,7334,5,,,1,70,,7339,5,,,1,30,,7335,5,,,1,70,,2757,5,,,1,30,,7340,5,,,1,70,,7337,5,,,1
21000,'18',1902,,7344,5,,,1,30,,7347,5,,,1,70,,7350,5,,,1,30,,7342,5,,,1,70,,7348,5,,,1,30,,7343,5,,,1,70,,7346,5,,,1,30,,7349,5,,,1,70,,7345,5,,,1
21000,'20',1902,,7353,5,,,1,30,,7355,5,,,1,70,,7358,5,,,1,30,,7351,5,,,1,70,,7356,5,,,1,30,,7352,5,,,1,70,,2675,5,,,1,30,,7357,5,,,1,70,,7354,5,,,1
21000,'4',732,,7370,5,,,1,70,,7359,5,,,1,30,,7362,5,,,1,70,,7377,5,,,1,30,,7375,5,,,1,70,,7360,5,,,1,30,,7378,5,,,1,70,,7369,5,,,1,30,,7365,5,,,1,70,,7368,5,,,1,30,,7376,5,,,1,70,,7374,5,,,1,30,,7380,5,,,1,70,,7372,5,,,1,30,,7379,5,,,1,70,,7373,5,,,1,30,,7385,5,,,1,70,,7381,5,,,1,30,,7383,5,,,1,70,,7361,5,,,1,30,,7384,5,,,1,70,,7366,5,,,1,30,,7371,5,,,1,70,,7382,5,,,1,30,,7364,5,,,1,70,,7367,5,,,1,30,,7363,5,,,1
21000,'8',1902,,7388,5,,,1,30,,7391,5,,,1,70,,7394,5,,,1,30,,7386,5,,,1,70,,7392,5,,,1,30,,7387,5,,,1,70,,7390,5,,,1,30,,7393,5,,,1,70,,7389,5,,,1
