10701,'14',559,,4183,2,0,9 3 10,1,100,,4178,2,0,9 3 10,1,70,,1433,2,0,9 3 10,1,30,,4164,2,0,9 3 10,1,70,,4181,2,0,9 3 10,1,30,,4166,2,0,9 3 10,1,100,,4188,2,0,9 3 10,1,100,,4148,2,0,9 3 10,1,100,,4154,2,0,9 3 10,1,100,,4173,2,0,9 3 10,1,100,,4191,2,0,9 3 10,1,70,,4196,2,0,9 3 10,1,30,,4152,2,0,9 3 10,1,70,,4169,2,0,9 3 10,1,30,,4197,2,0,9 3 10,1,70,,4168,2,0,9 3 10,1,30,,4177,2,0,9 3 10,1,70,,4145,2,0,9 3 10,1,30,,4187,2,0,9 3 10,1,100,,4189,2,0,9 3 10,1
10701,'18',559,,4244,2,0,9 3 10,1,100,,4237,2,0,9 3 10,1,70,,4229,2,0,9 3 10,1,30,,4221,2,0,9 3 10,1,70,,4241,2,0,9 3 10,1,30,,4223,2,0,9 3 10,1,100,,4248,2,0,9 3 10,1,100,,4205,2,0,9 3 10,1,100,,4211,2,0,9 3 10,1,100,,4231,2,0,9 3 10,1,100,,4251,2,0,9 3 10,1,70,,4256,2,0,9 3 10,1,30,,4209,2,0,9 3 10,1,70,,4226,2,0,9 3 10,1,30,,4257,2,0,9 3 10,1,70,,4225,2,0,9 3 10,1,30,,4235,2,0,9 3 10,1,70,,4202,2,0,9 3 10,1,30,,4247,2,0,9 3 10,1,100,,4249,2,0,9 3 10,1
10701,'20',559,,4299,2,0,9 3 10,1,100,,4295,2,0,9 3 10,1,70,,1390,2,0,9 3 10,1,30,,4281,2,0,9 3 10,1,70,,4298,2,0,9 3 10,1,30,,4283,2,0,9 3 10,1,100,,4305,2,0,9 3 10,1,100,,4265,2,0,9 3 10,1,100,,4271,2,0,9 3 10,1,100,,4290,2,0,9 3 10,1,100,,4308,2,0,9 3 10,1,70,,4313,2,0,9 3 10,1,30,,4269,2,0,9 3 10,1,70,,4286,2,0,9 3 10,1,30,,4314,2,0,9 3 10,1,70,,4285,2,0,9 3 10,1,30,,4294,2,0,9 3 10,1,70,,4262,2,0,9 3 10,1,30,,4304,2,0,9 3 10,1,100,,4306,2,0,9 3 10,1
10701,'8',559,,4361,2,0,9 3 10,1,100,,4354,2,0,9 3 10,1,70,,4346,2,0,9 3 10,1,30,,4338,2,0,9 3 10,1,70,,4358,2,0,9 3 10,1,30,,4340,2,0,9 3 10,1,100,,4365,2,0,9 3 10,1,100,,4322,2,0,9 3 10,1,100,,4328,2,0,9 3 10,1,100,,4348,2,0,9 3 10,1,100,,4368,2,0,9 3 10,1,70,,4373,2,0,9 3 10,1,30,,4326,2,0,9 3 10,1,70,,4343,2,0,9 3 10,1,30,,4374,2,0,9 3 10,1,70,,4342,2,0,9 3 10,1,30,,4352,2,0,9 3 10,1,70,,4319,2,0,9 3 10,1,30,,4364,2,0,9 3 10,1,100,,4366,2,0,9 3 10,1
21401,'11',740,,7872,11,,,1,100,,7880,11,,,1,100,,7876,11,,,1,100,,7871,11,,,1,100,,7873,11,,,1,100,,7879,11,,,1,100,,7878,11,,,1,100,,7869,11,,,1,100,,7875,11,,,1,100,,7868,11,,,1,100,,7877,11,,,1,100,,7874,11,,,1,100,,7870,11,,,1
21401,'14',1840,,7885,11,,,1,100,,7883,11,,,1,100,,7881,11,,,1,100,,7884,11,,,1,100,,7882,11,,,1
21401,'18',1840,,7890,11,,,1,100,,7888,11,,,1,100,,7886,11,,,1,100,,7889,11,,,1,100,,7887,11,,,1
21401,'20',1840,,7893,11,,,1,100,,81,11,,,1,100,,7891,11,,,1,100,,7892,11,,,1,100,,7894,11,,,1
21401,'4',740,,7899,11,,,1,100,,7907,11,,,1,100,,7903,11,,,1,100,,7898,11,,,1,100,,7900,11,,,1,100,,7906,11,,,1,100,,7905,11,,,1,100,,7896,11,,,1,100,,7902,11,,,1,100,,7895,11,,,1,100,,7904,11,,,1,100,,7901,11,,,1,100,,7897,11,,,1
21401,'8',1840,,7911,11,,,1,100,,7909,11,,,1,100,,7908,11,,,1,100,,7910,11,,,1,100,,7912,11,,,1
