10701,'14',600,,4183,4,0,9 3 10,1,100,,4178,4,0,9 3 10,1,30,,1433,4,0,9 3 10,1,70,,4164,4,0,9 3 10,1,30,,4181,4,0,9 3 10,1,70,,4166,4,0,9 3 10,1,100,,4188,4,0,9 3 10,1,100,,4148,4,0,9 3 10,1,100,,4154,4,0,9 3 10,1,100,,4173,4,0,9 3 10,1,100,,4191,4,0,9 3 10,1,30,,4196,4,0,9 3 10,1,70,,4152,4,0,9 3 10,1,30,,4169,4,0,9 3 10,1,70,,4197,4,0,9 3 10,1,30,,4168,4,0,9 3 10,1,70,,4177,4,0,9 3 10,1,30,,4145,4,0,9 3 10,1,70,,4187,4,0,9 3 10,1,100,,4189,4,0,9 3 10,1
10701,'18',600,,4244,4,0,9 3 10,1,100,,4237,4,0,9 3 10,1,30,,4229,4,0,9 3 10,1,70,,4221,4,0,9 3 10,1,30,,4241,4,0,9 3 10,1,70,,4223,4,0,9 3 10,1,100,,4248,4,0,9 3 10,1,100,,4205,4,0,9 3 10,1,100,,4211,4,0,9 3 10,1,100,,4231,4,0,9 3 10,1,100,,4251,4,0,9 3 10,1,30,,4256,4,0,9 3 10,1,70,,4209,4,0,9 3 10,1,30,,4226,4,0,9 3 10,1,70,,4257,4,0,9 3 10,1,30,,4225,4,0,9 3 10,1,70,,4235,4,0,9 3 10,1,30,,4202,4,0,9 3 10,1,70,,4247,4,0,9 3 10,1,100,,4249,4,0,9 3 10,1
10701,'20',600,,4299,4,0,9 3 10,1,100,,4295,4,0,9 3 10,1,30,,1390,4,0,9 3 10,1,70,,4281,4,0,9 3 10,1,30,,4298,4,0,9 3 10,1,70,,4283,4,0,9 3 10,1,100,,4305,4,0,9 3 10,1,100,,4265,4,0,9 3 10,1,100,,4271,4,0,9 3 10,1,100,,4290,4,0,9 3 10,1,100,,4308,4,0,9 3 10,1,30,,4313,4,0,9 3 10,1,70,,4269,4,0,9 3 10,1,30,,4286,4,0,9 3 10,1,70,,4314,4,0,9 3 10,1,30,,4285,4,0,9 3 10,1,70,,4294,4,0,9 3 10,1,30,,4262,4,0,9 3 10,1,70,,4304,4,0,9 3 10,1,100,,4306,4,0,9 3 10,1
10701,'8',600,,4361,4,0,9 3 10,1,100,,4354,4,0,9 3 10,1,30,,4346,4,0,9 3 10,1,70,,4338,4,0,9 3 10,1,30,,4358,4,0,9 3 10,1,70,,4340,4,0,9 3 10,1,100,,4365,4,0,9 3 10,1,100,,4322,4,0,9 3 10,1,100,,4328,4,0,9 3 10,1,100,,4348,4,0,9 3 10,1,100,,4368,4,0,9 3 10,1,30,,4373,4,0,9 3 10,1,70,,4326,4,0,9 3 10,1,30,,4343,4,0,9 3 10,1,70,,4374,4,0,9 3 10,1,30,,4342,4,0,9 3 10,1,70,,4352,4,0,9 3 10,1,30,,4319,4,0,9 3 10,1,70,,4364,4,0,9 3 10,1,100,,4366,4,0,9 3 10,1
21401,'11',741,,7872,13,,,1,100,,7880,13,,,1,100,,7876,13,,,1,100,,7871,13,,,1,100,,7873,13,,,1,100,,7879,13,,,1,100,,7878,13,,,1,100,,7869,13,,,1,100,,7875,13,,,1,100,,7868,13,,,1,100,,7877,13,,,1,100,,7874,13,,,1,100,,7870,13,,,1
21401,'14',1841,,7885,13,,,1,100,,7883,13,,,1,100,,7881,13,,,1,100,,7884,13,,,1,100,,7882,13,,,1
21401,'18',1841,,7890,13,,,1,100,,7888,13,,,1,100,,7886,13,,,1,100,,7889,13,,,1,100,,7887,13,,,1
21401,'20',1841,,7893,13,,,1,100,,81,13,,,1,100,,7891,13,,,1,100,,7892,13,,,1,100,,7894,13,,,1
21401,'4',741,,7899,13,,,1,100,,7907,13,,,1,100,,7903,13,,,1,100,,7898,13,,,1,100,,7900,13,,,1,100,,7906,13,,,1,100,,7905,13,,,1,100,,7896,13,,,1,100,,7902,13,,,1,100,,7895,13,,,1,100,,7904,13,,,1,100,,7901,13,,,1,100,,7897,13,,,1
21401,'8',1841,,7911,13,,,1,100,,7909,13,,,1,100,,7908,13,,,1,100,,7910,13,,,1,100,,7912,13,,,1
