10701,'14',555,,4195,2,0,5 6,1,100,,4151,2,0,5 6,1,70,,4179,2,0,5 6,1,30,,4160,2,0,5 6,1,70,,4198,2,0,5 6,1,30,,4201,2,0,5 6,1,100,,4176,2,0,5 6,1,100,,4170,2,0,5 6,1,100,,4171,2,0,5 6,1,100,,4199,2,0,5 6,1,100,,4158,2,0,5 6,1,70,,4200,2,0,5 6,1,30,,4175,2,0,5 6,1,70,,1246,2,0,5 6,1,30,,4157,2,0,5 6,1,70,,4182,2,0,5 6,1,30,,4172,2,0,5 6,1,70,,4146,2,0,5 6,1,30,,4192,2,0,5 6,1,100,,4186,2,0,5 6,1
10701,'18',555,,4255,2,0,5 6,1,100,,4208,2,0,5 6,1,70,,4238,2,0,5 6,1,30,,4217,2,0,5 6,1,70,,4258,2,0,5 6,1,30,,4261,2,0,5 6,1,100,,4234,2,0,5 6,1,100,,4227,2,0,5 6,1,100,,4228,2,0,5 6,1,100,,4259,2,0,5 6,1,100,,4215,2,0,5 6,1,70,,4260,2,0,5 6,1,30,,4233,2,0,5 6,1,70,,4239,2,0,5 6,1,30,,4214,2,0,5 6,1,70,,4242,2,0,5 6,1,30,,4230,2,0,5 6,1,70,,4203,2,0,5 6,1,30,,4252,2,0,5 6,1,100,,4246,2,0,5 6,1
10701,'20',555,,4312,2,0,5 6,1,100,,4268,2,0,5 6,1,70,,4296,2,0,5 6,1,30,,4277,2,0,5 6,1,70,,4315,2,0,5 6,1,30,,4318,2,0,5 6,1,100,,4293,2,0,5 6,1,100,,4287,2,0,5 6,1,100,,4288,2,0,5 6,1,100,,4316,2,0,5 6,1,100,,4275,2,0,5 6,1,70,,4317,2,0,5 6,1,30,,4292,2,0,5 6,1,70,,1233,2,0,5 6,1,30,,4274,2,0,5 6,1,70,,4300,2,0,5 6,1,30,,4289,2,0,5 6,1,70,,4263,2,0,5 6,1,30,,4309,2,0,5 6,1,100,,4303,2,0,5 6,1
10701,'8',555,,4372,2,0,5 6,1,100,,4325,2,0,5 6,1,70,,4355,2,0,5 6,1,30,,4334,2,0,5 6,1,70,,4375,2,0,5 6,1,30,,4378,2,0,5 6,1,100,,4351,2,0,5 6,1,100,,4344,2,0,5 6,1,100,,4345,2,0,5 6,1,100,,4376,2,0,5 6,1,100,,4332,2,0,5 6,1,70,,4377,2,0,5 6,1,30,,4350,2,0,5 6,1,70,,4356,2,0,5 6,1,30,,4331,2,0,5 6,1,70,,4359,2,0,5 6,1,30,,4347,2,0,5 6,1,70,,4320,2,0,5 6,1,30,,4369,2,0,5 6,1,100,,4363,2,0,5 6,1
21401,'11',736,,7872,2,,,1,100,,7880,2,,,1,100,,7876,2,,,1,100,,7871,2,,,1,100,,7873,2,,,1,100,,7879,2,,,1,100,,7878,2,,,1,100,,7869,2,,,1,100,,7875,2,,,1,100,,7868,2,,,1,100,,7877,2,,,1,100,,7874,2,,,1,100,,7870,2,,,1
21401,'14',1836,,7885,2,,,1,100,,7883,2,,,1,100,,7881,2,,,1,100,,7884,2,,,1,100,,7882,2,,,1
21401,'18',1836,,7890,2,,,1,100,,7888,2,,,1,100,,7886,2,,,1,100,,7889,2,,,1,100,,7887,2,,,1
21401,'20',1836,,7893,2,,,1,100,,81,2,,,1,100,,7891,2,,,1,100,,7892,2,,,1,100,,7894,2,,,1
21401,'4',736,,7899,2,,,1,100,,7907,2,,,1,100,,7903,2,,,1,100,,7898,2,,,1,100,,7900,2,,,1,100,,7906,2,,,1,100,,7905,2,,,1,100,,7896,2,,,1,100,,7902,2,,,1,100,,7895,2,,,1,100,,7904,2,,,1,100,,7901,2,,,1,100,,7897,2,,,1
21401,'8',1836,,7911,2,,,1,100,,7909,2,,,1,100,,7908,2,,,1,100,,7910,2,,,1,100,,7912,2,,,1
