10400,'14',634,,3370,6,0,11 12,1,70,,3372,6,0,11 12,1,30,,3371,6,0,11 12,1,70,,3375,6,0,11 12,1,30,,3373,6,0,11 12,1,70,,3365,6,0,11 12,1,30,,3366,6,0,11 12,1,70,,3384,6,0,11 12,1,30,,3383,6,0,11 12,1,70,,3385,6,0,11 12,1,30,,3368,6,0,11 12,1,70,,3378,6,0,11 12,1,30,,3380,6,0,11 12,1,70,,3382,6,0,11 12,1,30,,3381,6,0,11 12,1,70,,3386,6,0,11 12,1,30,,3376,6,0,11 12,1,70,,3374,6,0,11 12,1,30,,3377,6,0,11 12,1,70,,1660,6,0,11 12,1,30,,3369,6,0,11 12,1,70,,3367,6,0,11 12,1,30,,3379,6,0,11 12,1,70,,3388,6,0,11 12,1,30,,3387,6,0,11 12,1
10400,'18',634,,3394,6,0,11 12,1,70,,3396,6,0,11 12,1,30,,3395,6,0,11 12,1,70,,3399,6,0,11 12,1,30,,3397,6,0,11 12,1,70,,3389,6,0,11 12,1,30,,3390,6,0,11 12,1,70,,3409,6,0,11 12,1,30,,3408,6,0,11 12,1,70,,3410,6,0,11 12,1,30,,3392,6,0,11 12,1,70,,3402,6,0,11 12,1,30,,3404,6,0,11 12,1,70,,3407,6,0,11 12,1,30,,3405,6,0,11 12,1,70,,3411,6,0,11 12,1,30,,3400,6,0,11 12,1,70,,3398,6,0,11 12,1,30,,3401,6,0,11 12,1,70,,3406,6,0,11 12,1,30,,3393,6,0,11 12,1,70,,3391,6,0,11 12,1,30,,3403,6,0,11 12,1,70,,3413,6,0,11 12,1,30,,3412,6,0,11 12,1
10400,'20',634,,3419,6,0,11 12,1,70,,3421,6,0,11 12,1,30,,3420,6,0,11 12,1,70,,3424,6,0,11 12,1,30,,3422,6,0,11 12,1,70,,3414,6,0,11 12,1,30,,3415,6,0,11 12,1,70,,3432,6,0,11 12,1,30,,3431,6,0,11 12,1,70,,3433,6,0,11 12,1,30,,3417,6,0,11 12,1,70,,3426,6,0,11 12,1,30,,3428,6,0,11 12,1,70,,3430,6,0,11 12,1,30,,3429,6,0,11 12,1,70,,3434,6,0,11 12,1,30,,3425,6,0,11 12,1,70,,3423,6,0,11 12,1,30,,1230,6,0,11 12,1,70,,1614,6,0,11 12,1,30,,3418,6,0,11 12,1,70,,3416,6,0,11 12,1,30,,3427,6,0,11 12,1,70,,3436,6,0,11 12,1,30,,3435,6,0,11 12,1
10400,'8',634,,3442,6,0,11 12,1,70,,3444,6,0,11 12,1,30,,3443,6,0,11 12,1,70,,3447,6,0,11 12,1,30,,3445,6,0,11 12,1,70,,3437,6,0,11 12,1,30,,3438,6,0,11 12,1,70,,3457,6,0,11 12,1,30,,3456,6,0,11 12,1,70,,3458,6,0,11 12,1,30,,3440,6,0,11 12,1,70,,3450,6,0,11 12,1,30,,3452,6,0,11 12,1,70,,3455,6,0,11 12,1,30,,3453,6,0,11 12,1,70,,3459,6,0,11 12,1,30,,3448,6,0,11 12,1,70,,3446,6,0,11 12,1,30,,3449,6,0,11 12,1,70,,3454,6,0,11 12,1,30,,3441,6,0,11 12,1,70,,3439,6,0,11 12,1,30,,3451,6,0,11 12,1,70,,3461,6,0,11 12,1,30,,3460,6,0,11 12,1
20301,'14',2403,,375,7,0,11 12,1
20301,'18',2403,,6314,7,0,11 12,1
20301,'20',2403,,325,7,0,11 12,1
20301,'8',2403,,6362,7,0,11 12,1
20400,'11',735,,6391,7,,,1,70,,6384,7,,,1,30,,6389,7,,,1,70,,6373,7,,,1,30,,6390,7,,,1,70,,6374,7,,,1,30,,6399,7,,,1,70,,6380,7,,,1,30,,6387,7,,,1,70,,6383,7,,,1,30,,6398,7,,,1,70,,6394,7,,,1,30,,2564,7,,,1,70,,6397,7,,,1,30,,6395,7,,,1,70,,6388,7,,,1,30,,6381,7,,,1,70,,6393,7,,,1,30,,6396,7,,,1,70,,6377,7,,,1,30,,6382,7,,,1,70,,6386,7,,,1,30,,6375,7,,,1,70,,6376,7,,,1,30,,6385,7,,,1,70,,6379,7,,,1,30,,6378,7,,,1,70,,6392,7,,,1
20400,'14',1905,,6403,7,,,1,30,,6405,7,,,1,70,,6402,7,,,1,30,,6404,7,,,1,70,,6406,7,,,1,30,,1277,7,,,1,70,,6401,7,,,1,30,,206,7,,,1,70,,301,7,,,1,30,,6400,7,,,1
20400,'18',1905,,6412,7,,,1,30,,6415,7,,,1,70,,6411,7,,,1,30,,6414,7,,,1,70,,6416,7,,,1,30,,6410,7,,,1,70,,6409,7,,,1,30,,6408,7,,,1,70,,6413,7,,,1,30,,6407,7,,,1
20400,'20',1905,,6420,7,,,1,30,,6422,7,,,1,70,,6419,7,,,1,30,,6421,7,,,1,70,,6423,7,,,1,30,,1255,7,,,1,70,,6418,7,,,1,30,,187,7,,,1,70,,276,7,,,1,30,,6417,7,,,1
20400,'4',735,,6443,7,,,1,70,,6436,7,,,1,30,,6441,7,,,1,70,,6424,7,,,1,30,,6442,7,,,1,70,,6425,7,,,1,30,,6451,7,,,1,70,,6432,7,,,1,30,,6439,7,,,1,70,,6435,7,,,1,30,,6450,7,,,1,70,,6446,7,,,1,30,,6426,7,,,1,70,,6449,7,,,1,30,,6447,7,,,1,70,,6440,7,,,1,30,,6433,7,,,1,70,,6445,7,,,1,30,,6448,7,,,1,70,,6429,7,,,1,30,,6434,7,,,1,70,,6438,7,,,1,30,,6427,7,,,1,70,,6428,7,,,1,30,,6437,7,,,1,70,,6431,7,,,1,30,,6430,7,,,1,70,,6444,7,,,1
20400,'8',1905,,6457,7,,,1,30,,6460,7,,,1,70,,6456,7,,,1,30,,6459,7,,,1,70,,6461,7,,,1,30,,6455,7,,,1,70,,6454,7,,,1,30,,6453,7,,,1,70,,6458,7,,,1,30,,6452,7,,,1
