10201,'10',628,,12062,3,4,,1,2,,12073,1,0,7 1 8,1,28,,12069,3,4,,1,42,,12070,1,0,7 1 8,1,28,,12077,3,4,,1,2,,12105,1,0,7 1 8,1,28,,12106,3,4,,1,42,,12110,1,0,7 1 8,1,28,,12071,3,4,,1,2,,12109,1,0,7 1 8,1,28,,12076,3,4,,1,42,,12108,1,0,7 1 8,1,28,,8370,3,4,,1,2,,12083,1,0,7 1 8,1,28,,12097,3,4,,1,72,,12088,3,4,,1,98,,12085,3,4,,1,2,,12089,1,0,7 1 8,1,98,,12075,3,4,,1,2,,12100,1,0,7 1 8,1,98,,12096,3,4,,1,2,,12095,1,0,7 1 8,1,98,,12084,3,4,,1,2,,12061,1,0,7 1 8,1,28,,12066,3,4,,1,42,,12098,1,0,7 1 8,1,28,,12101,3,4,,1,2,,12112,1,0,7 1 8,1,28,,12113,3,4,,1,42,,9814,1,0,7 1 8,1,28,,12094,3,4,,1,2,,12080,1,0,7 1 8,1,28,,9089,3,4,,1,42,,12090,1,0,7 1 8,1,28,,12099,3,4,,1,2,,12103,1,0,7 1 8,1,28,,12065,3,4,,1,70,,12087,3,4,,1
10201,'13',628,,12115,3,4,,1,2,,12126,1,0,7 1 8,1,28,,12122,3,4,,1,42,,12123,1,0,7 1 8,1,28,,12130,3,4,,1,2,,12158,1,0,7 1 8,1,28,,12159,3,4,,1,42,,12163,1,0,7 1 8,1,28,,12124,3,4,,1,2,,12162,1,0,7 1 8,1,28,,12129,3,4,,1,42,,12160,1,0,7 1 8,1,28,,8337,3,4,,1,2,,12136,1,0,7 1 8,1,28,,12150,3,4,,1,72,,12141,3,4,,1,98,,12138,3,4,,1,2,,12142,1,0,7 1 8,1,98,,12128,3,4,,1,2,,12153,1,0,7 1 8,1,98,,12149,3,4,,1,2,,12148,1,0,7 1 8,1,98,,12137,3,4,,1,2,,12114,1,0,7 1 8,1,28,,12119,3,4,,1,42,,12151,1,0,7 1 8,1,28,,12154,3,4,,1,2,,12165,1,0,7 1 8,1,28,,12166,3,4,,1,42,,9768,1,0,7 1 8,1,28,,12147,3,4,,1,2,,12133,1,0,7 1 8,1,28,,9020,3,4,,1,42,,12143,1,0,7 1 8,1,28,,12152,3,4,,1,2,,12156,1,0,7 1 8,1,28,,12118,3,4,,1,70,,12140,3,4,,1
10401,'10',615,,12302,1,,,1,28,,12283,7,4,,1,2,,12316,1,,,1,68,,12281,7,4,,1,2,,12296,1,,,1,28,,9941,7,4,,1,2,,12300,1,,,1,68,,12299,7,4,,1,2,,12320,1,,,1,28,,12286,7,4,,1,2,,12285,1,,,1,68,,12308,7,4,,1,2,,12318,1,,,1,28,,12280,7,4,,1,2,,12310,1,,,1,68,,9433,7,4,,1,2,,12319,1,,,1,28,,12287,7,4,,1,2,,12295,1,,,1,68,,12289,7,4,,1,2,,12288,1,,,1,28,,12311,7,4,,1,2,,12305,1,,,1,68,,12315,7,4,,1,2,,12313,1,,,1,28,,12304,7,4,,1,2,,12294,1,,,1,68,,12292,7,4,,1,2,,12291,1,,,1,28,,12278,7,4,,1,2,,12284,1,,,1,68,,12301,7,4,,1,2,,12290,1,,,1,28,,12277,7,4,,1,2,,8413,1,,,1,68,,12279,7,4,,1,2,,12298,1,,,1,28,,12303,7,4,,1,2,,8540,1,,,1,68,,12293,7,4,,1,2,,12307,1,,,1,28,,12297,7,4,,1,2,,9423,1,,,1,68,,12314,7,4,,1,2,,12306,1,,,1,28,,12312,7,4,,1,2,,12317,1,,,1,68,,12282,7,4,,1,2,,4154,1,,,1,28,,12309,7,4,,1
10401,'13',615,,12345,1,,,1,28,,12327,7,4,,1,2,,12359,1,,,1,68,,12325,7,4,,1,2,,12339,1,,,1,28,,9899,7,4,,1,2,,12343,1,,,1,68,,12342,7,4,,1,2,,12363,1,,,1,28,,12330,7,4,,1,2,,12329,1,,,1,68,,12351,7,4,,1,2,,12361,1,,,1,28,,12324,7,4,,1,2,,12353,1,,,1,68,,9319,7,4,,1,2,,12362,1,,,1,28,,12331,7,4,,1,2,,12338,1,,,1,68,,10018,7,4,,1,2,,12332,1,,,1,28,,12354,7,4,,1,2,,12348,1,,,1,68,,12358,7,4,,1,2,,12356,1,,,1,28,,12347,7,4,,1,2,,12337,1,,,1,68,,12335,7,4,,1,2,,12334,1,,,1,28,,12322,7,4,,1,2,,12328,1,,,1,68,,12344,7,4,,1,2,,12333,1,,,1,28,,12321,7,4,,1,2,,8378,1,,,1,68,,12323,7,4,,1,2,,12341,1,,,1,28,,12346,7,4,,1,2,,8428,1,,,1,68,,12336,7,4,,1,2,,12350,1,,,1,28,,12340,7,4,,1,2,,9309,1,,,1,68,,12357,7,4,,1,2,,12349,1,,,1,28,,12355,7,4,,1,2,,12360,1,,,1,68,,12326,7,4,,1,2,,4271,1,,,1,28,,12352,7,4,,1
10800,'10',728,,12748,20,4,,1,30,,11022,20,4,,1,70,,12747,20,4,,1,30,,12742,20,4,,1,70,,12732,20,4,,1,30,,12722,20,4,,1,100,,12737,20,4,,1,100,,12740,20,4,,1,100,,12736,20,4,,1,100,,12727,20,4,,1,100,,12751,20,4,,1,70,,12730,20,4,,1,30,,12739,20,4,,1,70,,12725,20,4,,1,30,,12729,20,4,,1,70,,12723,20,4,,1,30,,12752,20,4,,1
10800,'13',728,,9541,20,4,,1,30,,10934,20,4,,1,70,,12781,20,4,,1,30,,10140,20,4,,1,70,,12774,20,4,,1,30,,12755,20,4,,1,100,,12770,20,4,,1,100,,12773,20,4,,1,100,,12769,20,4,,1,100,,12760,20,4,,1,100,,12783,20,4,,1,70,,12763,20,4,,1,30,,12772,20,4,,1,70,,12758,20,4,,1,30,,12762,20,4,,1,70,,12756,20,4,,1,30,,12784,20,4,,1
10801,'10',628,,12793,8,4,,1,2,,12789,1,,,1,28,,12797,8,4,,1,42,,12796,1,,,1,30,,12795,1,,,1,70,,12788,1,,,1,30,,12798,1,,,1,70,,10799,1,,,1,100,,12786,1,,,1,100,,12794,1,,,1,100,,12799,1,,,1,100,,12800,1,,,1,100,,12791,1,,,1,30,,12787,1,,,1,70,,12792,1,,,1,30,,12801,1,,,1,70,,4655,1,,,1,30,,12802,1,,,1,70,,12790,1,,,1
10801,'13',628,,12813,8,4,,1,2,,12811,1,,,1,28,,12815,8,4,,1,42,,12814,1,,,1,30,,12808,1,,,1,70,,12806,1,,,1,30,,10419,1,,,1,70,,12803,1,,,1,100,,12804,1,,,1,100,,12812,1,,,1,100,,12816,1,,,1,100,,12817,1,,,1,100,,12809,1,,,1,30,,12805,1,,,1,70,,12810,1,,,1,30,,12818,1,,,1,70,,4746,1,,,1,30,,12819,1,,,1,70,,12807,1,,,1
20301,'10',2410,,13642,20,4,,1
20301,'13',2410,,13653,20,4,,1
20401,'10',1845,,13731,1,,,1,69,,13741,7,4,,1,1,,13734,1,,,1,29,,13746,7,4,,1,1,,13742,1,,,1,69,,13732,7,4,,1,1,,13735,1,,,1,29,,6400,7,4,,1,1,,13733,1,,,1,69,,13736,7,4,,1,1,,13740,1,,,1,29,,13739,7,4,,1,1,,8634,1,,,1,69,,13745,7,4,,1,1,,13738,1,,,1,29,,13747,7,4,,1,1,,13743,1,,,1,69,,13737,7,4,,1,1,,10618,1,,,1,29,,13744,7,4,,1
20401,'13',1845,,13748,1,,,1,69,,13758,7,4,,1,1,,13751,1,,,1,29,,13763,7,4,,1,1,,13759,1,,,1,69,,13749,7,4,,1,1,,13753,1,,,1,29,,6417,7,4,,1,1,,13750,1,,,1,69,,13754,7,4,,1,1,,13757,1,,,1,29,,11306,7,4,,1,1,,13752,1,,,1,69,,13762,7,4,,1,1,,13756,1,,,1,29,,13764,7,4,,1,1,,13760,1,,,1,69,,13755,7,4,,1,1,,10533,1,,,1,29,,13761,7,4,,1
20401,'7',715,,13794,1,,,1,29,,13765,7,4,,1,1,,13796,1,,,1,69,,13788,7,4,,1,1,,13786,1,,,1,29,,13810,7,4,,1,1,,13766,1,,,1,69,,11937,7,4,,1,1,,13803,1,,,1,29,,13777,7,4,,1,1,,13767,1,,,1,69,,13772,7,4,,1,1,,13801,1,,,1,29,,13781,7,4,,1,1,,13774,1,,,1,69,,13811,7,4,,1,1,,13791,1,,,1,29,,13793,7,4,,1,1,,13812,1,,,1,69,,13775,7,4,,1,1,,13783,1,,,1,29,,11674,7,4,,1,1,,13769,1,,,1,69,,13770,7,4,,1,1,,13814,1,,,1,29,,13807,7,4,,1,1,,13809,1,,,1,69,,13771,7,4,,1,1,,13778,1,,,1,29,,13815,7,4,,1,1,,13816,1,,,1,69,,13789,7,4,,1,1,,13768,1,,,1,29,,13806,7,4,,1,1,,13802,1,,,1,69,,13782,7,4,,1,1,,13787,1,,,1,29,,13797,7,4,,1,1,,13785,1,,,1,69,,13805,7,4,,1,1,,13784,1,,,1,29,,13813,7,4,,1,1,,13800,1,,,1,69,,13795,7,4,,1,1,,13808,1,,,1,29,,13779,7,4,,1,1,,11966,1,,,1,69,,11233,7,4,,1,1,,13804,1,,,1,29,,13780,7,4,,1,1,,13790,1,,,1,69,,13799,7,4,,1,1,,13776,1,,,1,29,,13773,7,4,,1,1,,13798,1,,,1,69,,13792,7,4,,1
