10501,'14',633,,3819,14,,,1,100,,3820,14,,,1,70,,3828,14,,,1,30,,3816,14,,,1,70,,3798,14,,,1,30,,3806,14,,,1,70,,3826,14,,,1,30,,3812,14,,,1,100,,3796,14,,,1,100,,3811,14,,,1,100,,3814,14,,,1,100,,3794,14,,,1,100,,3813,14,,,1,70,,3823,14,,,1,30,,3822,14,,,1,70,,3821,14,,,1,30,,3818,14,,,1,70,,3829,14,,,1,30,,3825,14,,,1
10501,'18',633,,3857,14,,,1,100,,3858,14,,,1,70,,3866,14,,,1,30,,3854,14,,,1,70,,3834,14,,,1,30,,3843,14,,,1,70,,3864,14,,,1,30,,3849,14,,,1,100,,3832,14,,,1,100,,3848,14,,,1,100,,3852,14,,,1,100,,3830,14,,,1,100,,3850,14,,,1,70,,3861,14,,,1,30,,3860,14,,,1,70,,3859,14,,,1,30,,3856,14,,,1,70,,3867,14,,,1,30,,3863,14,,,1
10501,'20',633,,3893,14,,,1,100,,3894,14,,,1,70,,3902,14,,,1,30,,3890,14,,,1,70,,3872,14,,,1,30,,3880,14,,,1,70,,3900,14,,,1,30,,3886,14,,,1,100,,3870,14,,,1,100,,3885,14,,,1,100,,3888,14,,,1,100,,3868,14,,,1,100,,3887,14,,,1,70,,3897,14,,,1,30,,3896,14,,,1,70,,3895,14,,,1,30,,3892,14,,,1,70,,3903,14,,,1,30,,3899,14,,,1
10501,'8',633,,3931,14,,,1,100,,3932,14,,,1,70,,3940,14,,,1,30,,3928,14,,,1,70,,3908,14,,,1,30,,3917,14,,,1,70,,3938,14,,,1,30,,3923,14,,,1,100,,3906,14,,,1,100,,3922,14,,,1,100,,3926,14,,,1,100,,3904,14,,,1,100,,3924,14,,,1,70,,3935,14,,,1,30,,3934,14,,,1,70,,3933,14,,,1,30,,3930,14,,,1,70,,3941,14,,,1,30,,3937,14,,,1
20501,'11',732,,6751,14,,,1,100,,6752,14,,,1,100,,6738,14,,,1,100,,2515,14,,,1,100,,6753,14,,,1,100,,6750,14,,,1,100,,6740,14,,,1,100,,6748,14,,,1,100,,6730,14,,,1,100,,6735,14,,,1,100,,6734,14,,,1,100,,6732,14,,,1,100,,6742,14,,,1,100,,6747,14,,,1
20501,'14',1932,,6756,14,,,1,100,,6762,14,,,1,100,,6755,14,,,1,100,,6760,14,,,1
20501,'18',1932,,6764,14,,,1,100,,6770,14,,,1,100,,6763,14,,,1,100,,6768,14,,,1
20501,'20',1932,,6772,14,,,1,100,,6778,14,,,1,100,,6771,14,,,1,100,,6776,14,,,1
20501,'4',732,,6803,14,,,1,100,,6804,14,,,1,100,,6789,14,,,1,100,,6796,14,,,1,100,,6805,14,,,1,100,,6802,14,,,1,100,,6791,14,,,1,100,,6800,14,,,1,100,,6780,14,,,1,100,,6786,14,,,1,100,,6785,14,,,1,100,,6783,14,,,1,100,,6793,14,,,1,100,,6799,14,,,1
20501,'8',1932,,6808,14,,,1,100,,6814,14,,,1,100,,6807,14,,,1,100,,6812,14,,,1
