10500,'12',550,,8911,5,,,1,100,,8925,5,,,1,70,,8910,5,,,1,30,,8928,5,,,1,70,,8915,5,,,1,30,,8943,5,,,1,70,,8918,5,,,1,30,,8923,5,,,1,100,,8942,5,,,1,100,,8933,5,,,1,100,,8916,5,,,1,100,,8932,5,,,1,100,,8920,5,,,1,70,,8921,5,,,1,30,,8940,5,,,1,70,,8926,5,,,1,30,,8939,5,,,1,70,,8909,5,,,1,30,,8912,5,,,1
10500,'5',550,,8946,5,,,1,100,,8962,5,,,1,70,,8945,5,,,1,30,,8964,5,,,1,70,,8951,5,,,1,30,,8981,5,,,1,70,,8954,5,,,1,30,,8959,5,,,1,100,,8980,5,,,1,100,,8970,5,,,1,100,,8952,5,,,1,100,,8969,5,,,1,100,,8956,5,,,1,70,,8957,5,,,1,30,,8978,5,,,1,70,,8961,5,,,1,30,,8977,5,,,1,70,,8944,5,,,1,30,,8948,5,,,1
10500,'9',550,,8984,5,,,1,100,,8999,5,,,1,70,,8983,5,,,1,30,,9001,5,,,1,70,,8988,5,,,1,30,,9017,5,,,1,70,,8991,5,,,1,30,,8996,5,,,1,100,,9016,5,,,1,100,,9006,5,,,1,100,,8989,5,,,1,100,,9005,5,,,1,100,,8993,5,,,1,70,,8994,5,,,1,30,,9014,5,,,1,70,,8998,5,,,1,30,,9013,5,,,1,70,,8982,5,,,1,30,,8985,5,,,1
10501,'12',635,,9031,16,,,1,100,,9025,16,,,1,70,,3982,16,,,1,30,,9033,16,,,1,70,,9021,16,,,1,30,,9018,16,,,1,70,,9019,16,,,1,30,,9037,16,,,1,100,,9024,16,,,1,100,,9044,16,,,1,100,,9040,16,,,1,100,,9039,16,,,1,100,,9032,16,,,1,70,,9020,16,,,1,30,,9043,16,,,1,70,,8226,16,,,1,30,,9028,16,,,1,70,,9026,16,,,1,30,,9023,16,,,1
10501,'5',635,,9065,16,,,1,100,,9057,16,,,1,70,,9084,16,,,1,30,,9067,16,,,1,70,,9052,16,,,1,30,,9049,16,,,1,70,,9050,16,,,1,30,,9072,16,,,1,100,,9055,16,,,1,100,,9081,16,,,1,100,,9075,16,,,1,100,,9074,16,,,1,100,,9066,16,,,1,70,,9051,16,,,1,30,,9079,16,,,1,70,,9064,16,,,1,30,,9061,16,,,1,70,,9058,16,,,1,30,,9054,16,,,1
10501,'9',635,,9100,16,,,1,100,,9094,16,,,1,70,,3950,16,,,1,30,,9102,16,,,1,70,,9090,16,,,1,30,,9087,16,,,1,70,,9088,16,,,1,30,,9106,16,,,1,100,,9093,16,,,1,100,,9113,16,,,1,100,,9109,16,,,1,100,,9108,16,,,1,100,,9101,16,,,1,70,,9089,16,,,1,30,,9112,16,,,1,70,,8184,16,,,1,30,,9097,16,,,1,70,,9095,16,,,1,30,,9092,16,,,1
20500,'12',1850,,11027,5,,,1,100,,11025,5,,,1,100,,11028,5,,,1,100,,11029,5,,,1
20500,'5',1850,,11034,5,,,1,100,,11031,5,,,1,100,,11035,5,,,1,100,,11036,5,,,1
20500,'7',650,,11045,5,,,1,100,,11043,5,,,1,100,,11060,5,,,1,100,,11049,5,,,1,100,,11050,5,,,1,100,,11062,5,,,1,100,,11039,5,,,1,100,,11051,5,,,1,100,,11063,5,,,1,100,,11044,5,,,1,100,,11056,5,,,1,100,,7924,5,,,1,100,,11054,5,,,1,100,,11052,5,,,1
20500,'9',1850,,11066,5,,,1,100,,11064,5,,,1,100,,11067,5,,,1,100,,11068,5,,,1
20501,'12',1934,,11073,16,,,1,100,,4741,16,,,1,100,,11071,16,,,1,100,,11074,16,,,1
20501,'5',1934,,11081,16,,,1,100,,11080,16,,,1,100,,11077,16,,,1,100,,11082,16,,,1
20501,'7',734,,11087,16,,,1,100,,11096,16,,,1,100,,11099,16,,,1,100,,11094,16,,,1,100,,11090,16,,,1,100,,11108,16,,,1,100,,11089,16,,,1,100,,11088,16,,,1,100,,11106,16,,,1,100,,11093,16,,,1,100,,11092,16,,,1,100,,11104,16,,,1,100,,6281,16,,,1,100,,11100,16,,,1
20501,'9',1934,,11112,16,,,1,100,,4650,16,,,1,100,,11110,16,,,1,100,,11113,16,,,1
