20301,'14',2400,,375,2,0,11 12,1
20301,'18',2400,,6314,2,0,11 12,1
20301,'20',2400,,325,2,0,11 12,1
20301,'8',2400,,6362,2,0,11 12,1
20400,'11',731,,6391,2,,,1,70,,6384,2,,,1,30,,6389,2,,,1,70,,6373,2,,,1,30,,6390,2,,,1,70,,6374,2,,,1,30,,6399,2,,,1,70,,6380,2,,,1,30,,6387,2,,,1,70,,6383,2,,,1,30,,6398,2,,,1,70,,6394,2,,,1,30,,2564,2,,,1,70,,6397,2,,,1,30,,6395,2,,,1,70,,6388,2,,,1,30,,6381,2,,,1,70,,6393,2,,,1,30,,6396,2,,,1,70,,6377,2,,,1,30,,6382,2,,,1,70,,6386,2,,,1,30,,6375,2,,,1,70,,6376,2,,,1,30,,6385,2,,,1,70,,6379,2,,,1,30,,6378,2,,,1,70,,6392,2,,,1
20400,'14',1901,,6403,2,,,1,30,,6405,2,,,1,70,,6402,2,,,1,30,,6404,2,,,1,70,,6406,2,,,1,30,,1277,2,,,1,70,,6401,2,,,1,30,,206,2,,,1,70,,301,2,,,1,30,,6400,2,,,1
20400,'18',1901,,6412,2,,,1,30,,6415,2,,,1,70,,6411,2,,,1,30,,6414,2,,,1,70,,6416,2,,,1,30,,6410,2,,,1,70,,6409,2,,,1,30,,6408,2,,,1,70,,6413,2,,,1,30,,6407,2,,,1
20400,'20',1901,,6420,2,,,1,30,,6422,2,,,1,70,,6419,2,,,1,30,,6421,2,,,1,70,,6423,2,,,1,30,,1255,2,,,1,70,,6418,2,,,1,30,,187,2,,,1,70,,276,2,,,1,30,,6417,2,,,1
20400,'4',731,,6443,2,,,1,70,,6436,2,,,1,30,,6441,2,,,1,70,,6424,2,,,1,30,,6442,2,,,1,70,,6425,2,,,1,30,,6451,2,,,1,70,,6432,2,,,1,30,,6439,2,,,1,70,,6435,2,,,1,30,,6450,2,,,1,70,,6446,2,,,1,30,,6426,2,,,1,70,,6449,2,,,1,30,,6447,2,,,1,70,,6440,2,,,1,30,,6433,2,,,1,70,,6445,2,,,1,30,,6448,2,,,1,70,,6429,2,,,1,30,,6434,2,,,1,70,,6438,2,,,1,30,,6427,2,,,1,70,,6428,2,,,1,30,,6437,2,,,1,70,,6431,2,,,1,30,,6430,2,,,1,70,,6444,2,,,1
20400,'8',1901,,6457,2,,,1,30,,6460,2,,,1,70,,6456,2,,,1,30,,6459,2,,,1,70,,6461,2,,,1,30,,6455,2,,,1,70,,6454,2,,,1,30,,6453,2,,,1,70,,6458,2,,,1,30,,6452,2,,,1
