10301,'12',621,,8646,23,,,1,100,,8658,23,,,1,30,,6106,23,,,1,70,,7444,23,,,1,30,,8656,23,,,1,70,,8660,23,,,1,30,,8651,23,,,1,70,,8648,23,,,1,100,,8645,23,,,1,100,,8659,23,,,1,100,,8654,23,,,1,100,,8649,23,,,1,100,,8657,23,,,1,30,,8655,23,,,1,70,,8652,23,,,1,30,,3425,23,,,1,70,,8647,23,,,1,30,,8650,23,,,1,70,,1506,23,,,1,30,,8653,23,,,1
10301,'5',621,,8662,23,,,1,100,,8676,23,,,1,30,,8679,23,,,1,70,,8675,23,,,1,30,,8678,23,,,1,70,,8680,23,,,1,30,,8668,23,,,1,70,,8665,23,,,1,100,,8661,23,,,1,100,,8677,23,,,1,100,,8670,23,,,1,100,,8666,23,,,1,100,,8674,23,,,1,30,,8672,23,,,1,70,,8669,23,,,1,30,,8671,23,,,1,70,,8664,23,,,1,30,,8667,23,,,1,70,,8663,23,,,1,30,,8673,23,,,1
10301,'9',621,,8682,23,,,1,100,,8693,23,,,1,30,,8696,23,,,1,70,,7424,23,,,1,30,,8695,23,,,1,70,,8697,23,,,1,30,,8687,23,,,1,70,,8684,23,,,1,100,,8681,23,,,1,100,,8694,23,,,1,100,,8689,23,,,1,100,,8685,23,,,1,100,,8692,23,,,1,30,,8690,23,,,1,70,,8688,23,,,1,30,,3376,23,,,1,70,,8683,23,,,1,30,,8686,23,,,1,70,,1542,23,,,1,30,,8691,23,,,1
11000,'12',632,,9762,4,,,1,70,,9761,4,,,1,30,,3741,4,,,1,70,,9752,4,,,1,30,,9767,4,,,1,70,,9766,4,,,1,30,,9764,4,,,1,70,,3331,4,,,1,30,,9758,4,,,1,70,,9769,4,,,1,30,,9770,4,,,1,70,,9750,4,,,1,30,,4615,4,,,1,70,,9768,4,,,1,30,,9757,4,,,1,70,,9755,4,,,1,30,,9759,4,,,1,70,,9765,4,,,1,30,,9754,4,,,1,70,,9771,4,,,1,30,,9751,4,,,1,70,,9753,4,,,1,30,,9763,4,,,1,70,,9756,4,,,1,30,,9760,4,,,1
11000,'5',632,,9785,4,,,1,70,,9784,4,,,1,30,,9793,4,,,1,70,,9774,4,,,1,30,,9791,4,,,1,70,,9790,4,,,1,30,,9787,4,,,1,70,,9777,4,,,1,30,,9781,4,,,1,70,,9794,4,,,1,30,,9795,4,,,1,70,,9772,4,,,1,30,,9789,4,,,1,70,,9792,4,,,1,30,,9780,4,,,1,70,,9778,4,,,1,30,,9782,4,,,1,70,,9788,4,,,1,30,,9776,4,,,1,70,,9796,4,,,1,30,,9773,4,,,1,70,,9775,4,,,1,30,,9786,4,,,1,70,,9779,4,,,1,30,,9783,4,,,1
11000,'9',632,,9809,4,,,1,70,,9808,4,,,1,30,,3669,4,,,1,70,,9799,4,,,1,30,,9813,4,,,1,70,,9812,4,,,1,30,,9811,4,,,1,70,,3293,4,,,1,30,,9805,4,,,1,70,,9815,4,,,1,30,,9816,4,,,1,70,,9797,4,,,1,30,,4591,4,,,1,70,,9814,4,,,1,30,,9804,4,,,1,70,,9802,4,,,1,30,,9806,4,,,1,70,,4397,4,,,1,30,,9801,4,,,1,70,,9817,4,,,1,30,,9798,4,,,1,70,,9800,4,,,1,30,,9810,4,,,1,70,,9803,4,,,1,30,,9807,4,,,1
20301,'12',1918,,6995,18,0,9 3 10,1,30,,10815,18,0,9 3 10,1,70,,10809,18,0,9 3 10,1,30,,10816,18,0,9 3 10,1,70,,10813,18,0,9 3 10,1,30,,10811,18,0,9 3 10,1,70,,510,18,0,9 3 10,1,30,,10808,18,0,9 3 10,1,70,,10814,18,0,9 3 10,1,30,,10810,18,0,9 3 10,1
20301,'5',1918,,10819,18,0,9 3 10,1,30,,10826,18,0,9 3 10,1,70,,10818,18,0,9 3 10,1,30,,10827,18,0,9 3 10,1,70,,10823,18,0,9 3 10,1,30,,10821,18,0,9 3 10,1,70,,10824,18,0,9 3 10,1,30,,10817,18,0,9 3 10,1,70,,10825,18,0,9 3 10,1,30,,10820,18,0,9 3 10,1
20301,'7',718,,10834,18,0,9 3 10,1,30,,10836,18,0,9 3 10,1,70,,10851,18,0,9 3 10,1,30,,10843,18,0,9 3 10,1,70,,10840,18,0,9 3 10,1,30,,10852,18,0,9 3 10,1,70,,10837,18,0,9 3 10,1,30,,10842,18,0,9 3 10,1,70,,10830,18,0,9 3 10,1,30,,10841,18,0,9 3 10,1,70,,10848,18,0,9 3 10,1,30,,10845,18,0,9 3 10,1,70,,6941,18,0,9 3 10,1,30,,10844,18,0,9 3 10,1,70,,10847,18,0,9 3 10,1,30,,6490,18,0,9 3 10,1,70,,10838,18,0,9 3 10,1,30,,10835,18,0,9 3 10,1,70,,10829,18,0,9 3 10,1,30,,10833,18,0,9 3 10,1,70,,10846,18,0,9 3 10,1,30,,10849,18,0,9 3 10,1,70,,10850,18,0,9 3 10,1,30,,7663,18,0,9 3 10,1,70,,10831,18,0,9 3 10,1,30,,10839,18,0,9 3 10,1,70,,10832,18,0,9 3 10,1,30,,10828,18,0,9 3 10,1
20301,'9',1918,,6958,18,0,9 3 10,1,30,,10861,18,0,9 3 10,1,70,,10857,18,0,9 3 10,1,30,,10862,18,0,9 3 10,1,70,,10858,18,0,9 3 10,1,30,,10855,18,0,9 3 10,1,70,,10859,18,0,9 3 10,1,30,,10853,18,0,9 3 10,1,70,,10860,18,0,9 3 10,1,30,,10854,18,0,9 3 10,1
