10100,'12',704,,8325,8,,,1,30,,8324,8,,,1,70,,8334,8,,,1,30,,3120,8,,,1,70,,8326,8,,,1,30,,8327,8,,,1,70,,8333,8,,,1,100,,8322,8,,,1,100,,8336,8,,,1,100,,8335,8,,,1,100,,5276,8,,,1,100,,8332,8,,,1,30,,8330,8,,,1,70,,8328,8,,,1,30,,8337,8,,,1,70,,8331,8,,,1,30,,8329,8,,,1,70,,8323,8,,,1
10100,'5',704,,8343,8,,,1,30,,8342,8,,,1,70,,8352,8,,,1,30,,8341,8,,,1,70,,8344,8,,,1,30,,8345,8,,,1,70,,8351,8,,,1,100,,8338,8,,,1,100,,8354,8,,,1,100,,8353,8,,,1,100,,8340,8,,,1,100,,8350,8,,,1,30,,8348,8,,,1,70,,8346,8,,,1,30,,8355,8,,,1,70,,8349,8,,,1,30,,8347,8,,,1,70,,8339,8,,,1
10100,'9',704,,8358,8,,,1,30,,8357,8,,,1,70,,8367,8,,,1,30,,3012,8,,,1,70,,8359,8,,,1,30,,8360,8,,,1,70,,8366,8,,,1,100,,5004,8,,,1,100,,8369,8,,,1,100,,8368,8,,,1,100,,5234,8,,,1,100,,8365,8,,,1,30,,8363,8,,,1,70,,8361,8,,,1,30,,8370,8,,,1,70,,8364,8,,,1,30,,8362,8,,,1,70,,8356,8,,,1
11201,'12',723,,10065,14,,,1,100,,10054,14,,,1,100,,10047,14,,,1,100,,10052,14,,,1,100,,10049,14,,,1,100,,10053,14,,,1,100,,10063,14,,,1,100,,10050,14,,,1,100,,10062,14,,,1,100,,10058,14,,,1,100,,10059,14,,,1
11201,'5',723,,10087,14,,,1,100,,10075,14,,,1,100,,10074,14,,,1,100,,10084,14,,,1,100,,10068,14,,,1,100,,10073,14,,,1,100,,10086,14,,,1,100,,10071,14,,,1,100,,10085,14,,,1,100,,10081,14,,,1,100,,10082,14,,,1
11201,'9',723,,10100,14,,,1,100,,10090,14,,,1,100,,10105,14,,,1,100,,10095,14,,,1,100,,10091,14,,,1,100,,10096,14,,,1,100,,10107,14,,,1,100,,10092,14,,,1,100,,10106,14,,,1,100,,10102,14,,,1,100,,10103,14,,,1
20600,'12',1810,,11125,8,,,1,29,,11116,8,,,1,70,,11120,8,,,1,31,,11122,8,,,1,70,,11119,8,,,1,30,,11117,8,,,1,69,,11118,8,,,1,30,,11124,8,,,1,70,,11123,8,,,1,30,,11121,8,,,1
20600,'5',1810,,11134,8,,,1,29,,11126,8,,,1,70,,11135,8,,,1,31,,11131,8,,,1,70,,11129,8,,,1,30,,11127,8,,,1,69,,11128,8,,,1,30,,11133,8,,,1,70,,11132,8,,,1,30,,11130,8,,,1
20600,'7',739,,11158,8,,,1,70,,11155,8,,,1,30,,11156,8,,,1,70,,11137,8,,,1,30,,11147,8,,,1,70,,11138,8,,,1,30,,11149,8,,,1,71,,6301,8,,,1,29,,11150,8,,,1,70,,11144,8,,,1,30,,11139,8,,,1,70,,11160,8,,,1,30,,11159,8,,,1,71,,11153,8,,,1,29,,11141,8,,,1,70,,11154,8,,,1,30,,11140,8,,,1,70,,11136,8,,,1,30,,11146,8,,,1,70,,11145,8,,,1,30,,11148,8,,,1,70,,11151,8,,,1,31,,11143,8,,,1,69,,11152,8,,,1,30,,11157,8,,,1,70,,11142,8,,,1
20600,'9',1810,,11168,8,,,1,29,,11161,8,,,1,70,,11169,8,,,1,31,,11165,8,,,1,70,,11163,8,,,1,30,,11162,8,,,1,69,,4514,8,,,1,30,,11167,8,,,1,70,,11166,8,,,1,30,,11164,8,,,1
