10401,'14',624,,3472,12,,,1,30,,886,12,,,1,70,,3499,12,,,1,30,,1115,12,,,1,70,,3466,12,,,1,30,,3490,12,,,1,70,,3484,12,,,1,30,,3485,12,,,1,70,,481,12,,,1,30,,3473,12,,,1,70,,3477,12,,,1,30,,1282,12,,,1,70,,3486,12,,,1,30,,3464,12,,,1,70,,3479,12,,,1,30,,3483,12,,,1,70,,3492,12,,,1,30,,3497,12,,,1,70,,3478,12,,,1,30,,3489,12,,,1,70,,3471,12,,,1,30,,3491,12,,,1,70,,3496,12,,,1,30,,3462,12,,,1,70,,3469,12,,,1
10401,'18',624,,3518,12,,,1,30,,3509,12,,,1,70,,3549,12,,,1,30,,3538,12,,,1,70,,3510,12,,,1,30,,3540,12,,,1,70,,3532,12,,,1,30,,3533,12,,,1,70,,3535,12,,,1,30,,3519,12,,,1,70,,3523,12,,,1,30,,3528,12,,,1,70,,3534,12,,,1,30,,3507,12,,,1,70,,3525,12,,,1,30,,3531,12,,,1,70,,3542,12,,,1,30,,3547,12,,,1,70,,3524,12,,,1,30,,3539,12,,,1,70,,3517,12,,,1,30,,3541,12,,,1,70,,3546,12,,,1,30,,3505,12,,,1,70,,3515,12,,,1
10401,'20',624,,3565,12,,,1,30,,867,12,,,1,70,,3592,12,,,1,30,,1090,12,,,1,70,,3559,12,,,1,30,,3583,12,,,1,70,,3577,12,,,1,30,,3578,12,,,1,70,,443,12,,,1,30,,3566,12,,,1,70,,3570,12,,,1,30,,1261,12,,,1,70,,3579,12,,,1,30,,3557,12,,,1,70,,3572,12,,,1,30,,3576,12,,,1,70,,3585,12,,,1,30,,3590,12,,,1,70,,3571,12,,,1,30,,3582,12,,,1,70,,3564,12,,,1,30,,3584,12,,,1,70,,3589,12,,,1,30,,3555,12,,,1,70,,3562,12,,,1
10401,'8',624,,3611,12,,,1,30,,3602,12,,,1,70,,3642,12,,,1,30,,3631,12,,,1,70,,3603,12,,,1,30,,3633,12,,,1,70,,3625,12,,,1,30,,3626,12,,,1,70,,3628,12,,,1,30,,3612,12,,,1,70,,3616,12,,,1,30,,3621,12,,,1,70,,3627,12,,,1,30,,3600,12,,,1,70,,3618,12,,,1,30,,3624,12,,,1,70,,3635,12,,,1,30,,3640,12,,,1,70,,3617,12,,,1,30,,3632,12,,,1,70,,3610,12,,,1,30,,3634,12,,,1,70,,3639,12,,,1,30,,3598,12,,,1,70,,3608,12,,,1
20401,'11',723,,6480,12,,,1,30,,6470,12,,,1,70,,6512,12,,,1,30,,6514,12,,,1,70,,6496,12,,,1,30,,6508,12,,,1,70,,6464,12,,,1,30,,6492,12,,,1,70,,6472,12,,,1,30,,6468,12,,,1,70,,6477,12,,,1,30,,6497,12,,,1,70,,6515,12,,,1,30,,6489,12,,,1,70,,6502,12,,,1,30,,6479,12,,,1,70,,6516,12,,,1,30,,6506,12,,,1,70,,6485,12,,,1,30,,6501,12,,,1,70,,6503,12,,,1,30,,6493,12,,,1,70,,6500,12,,,1,30,,6478,12,,,1,70,,6487,12,,,1,30,,6471,12,,,1,70,,6469,12,,,1,30,,6463,12,,,1
20401,'14',1853,,6523,12,,,1,70,,6526,12,,,1,30,,6531,12,,,1,70,,6518,12,,,1,30,,767,12,,,1,70,,6528,12,,,1,30,,455,12,,,1,70,,6520,12,,,1,30,,6522,12,,,1,70,,6530,12,,,1
20401,'18',1853,,6543,12,,,1,70,,6546,12,,,1,30,,6551,12,,,1,70,,6537,12,,,1,30,,6540,12,,,1,70,,6548,12,,,1,30,,6534,12,,,1,70,,6539,12,,,1,30,,6542,12,,,1,70,,6550,12,,,1
20401,'20',1853,,6559,12,,,1,70,,6562,12,,,1,30,,6567,12,,,1,70,,6555,12,,,1,30,,707,12,,,1,70,,6564,12,,,1,30,,417,12,,,1,70,,813,12,,,1,30,,6558,12,,,1,70,,6566,12,,,1
20401,'4',723,,6588,12,,,1,30,,6578,12,,,1,70,,6621,12,,,1,30,,6623,12,,,1,70,,6604,12,,,1,30,,6617,12,,,1,70,,6572,12,,,1,30,,6600,12,,,1,70,,6580,12,,,1,30,,6576,12,,,1,70,,6585,12,,,1,30,,6605,12,,,1,70,,6624,12,,,1,30,,6597,12,,,1,70,,6611,12,,,1,30,,6587,12,,,1,70,,6625,12,,,1,30,,6615,12,,,1,70,,6593,12,,,1,30,,6610,12,,,1,70,,6612,12,,,1,30,,6601,12,,,1,70,,6609,12,,,1,30,,6586,12,,,1,70,,6595,12,,,1,30,,6579,12,,,1,70,,6577,12,,,1,30,,6571,12,,,1
20401,'8',1853,,6635,12,,,1,70,,6638,12,,,1,30,,6643,12,,,1,70,,6629,12,,,1,30,,6632,12,,,1,70,,6640,12,,,1,30,,6626,12,,,1,70,,6631,12,,,1,30,,6634,12,,,1,70,,6642,12,,,1
