10101,'12',644,,8375,7,,,1,70,,8371,7,,,1,30,,8379,7,,,1,70,,8383,7,,,1,30,,8382,7,,,1,70,,8386,7,,,1,30,,8376,7,,,1,100,,8380,7,,,1,100,,8373,7,,,1,100,,8372,7,,,1,100,,8384,7,,,1,101,,8387,7,,,1,70,,8374,7,,,1,30,,8381,7,,,1,70,,8385,7,,,1,30,,8378,7,,,1,70,,8377,7,,,1,30,,5551,7,,,1
10101,'5',644,,8392,7,,,1,70,,8388,7,,,1,30,,8396,7,,,1,70,,8400,7,,,1,30,,8399,7,,,1,70,,8404,7,,,1,30,,8393,7,,,1,100,,8397,7,,,1,100,,8390,7,,,1,100,,8389,7,,,1,100,,8401,7,,,1,101,,8405,7,,,1,70,,8391,7,,,1,30,,8398,7,,,1,70,,8403,7,,,1,30,,8395,7,,,1,70,,8394,7,,,1,30,,8402,7,,,1
10101,'9',644,,8410,7,,,1,70,,8406,7,,,1,30,,8414,7,,,1,70,,8418,7,,,1,30,,8417,7,,,1,70,,8421,7,,,1,30,,8411,7,,,1,100,,8415,7,,,1,100,,8408,7,,,1,100,,8407,7,,,1,100,,8419,7,,,1,101,,8422,7,,,1,70,,8409,7,,,1,30,,8416,7,,,1,70,,8420,7,,,1,30,,8413,7,,,1,70,,8412,7,,,1,30,,5480,7,,,1
11101,'12',620,,9967,4,,,1,30,,9958,4,,,1,70,,9963,4,,,1,30,,9964,4,,,1,70,,9959,4,,,1,30,,9954,4,,,1,70,,9968,4,,,1,30,,9961,4,,,1,70,,9960,4,,,1,30,,9956,4,,,1,70,,9950,4,,,1,30,,9957,4,,,1,70,,9955,4,,,1,30,,9969,4,,,1,70,,9966,4,,,1,30,,9948,4,,,1,70,,9952,4,,,1,30,,9965,4,,,1,70,,3419,4,,,1,30,,6994,4,,,1,70,,9951,4,,,1,30,,9949,4,,,1,70,,9953,4,,,1,30,,4114,4,,,1,70,,9962,4,,,1
11101,'5',620,,9993,4,,,1,30,,9982,4,,,1,70,,9989,4,,,1,30,,9991,4,,,1,70,,9983,4,,,1,30,,9978,4,,,1,70,,9994,4,,,1,30,,9987,4,,,1,70,,9984,4,,,1,30,,9971,4,,,1,70,,9974,4,,,1,30,,9986,4,,,1,70,,9979,4,,,1,30,,9975,4,,,1,70,,9977,4,,,1,30,,9990,4,,,1,70,,9976,4,,,1,30,,9980,4,,,1,70,,9985,4,,,1,30,,9981,4,,,1,70,,9988,4,,,1,30,,9992,4,,,1,70,,9970,4,,,1,30,,9972,4,,,1,70,,9973,4,,,1
11101,'9',620,,10015,4,,,1,30,,10004,4,,,1,70,,10011,4,,,1,30,,10013,4,,,1,70,,10005,4,,,1,30,,5329,4,,,1,70,,10016,4,,,1,30,,10008,4,,,1,70,,10006,4,,,1,30,,3009,4,,,1,70,,9996,4,,,1,30,,10000,4,,,1,70,,10001,4,,,1,30,,9997,4,,,1,70,,10009,4,,,1,30,,10007,4,,,1,70,,9998,4,,,1,30,,7182,4,,,1,70,,10002,4,,,1,30,,9999,4,,,1,70,,10010,4,,,1,30,,10014,4,,,1,70,,10003,4,,,1,30,,10012,4,,,1,70,,9995,4,,,1
21101,'12',1850,,11563,4,,,1,70,,2910,4,,,1,30,,11561,4,,,1,70,,2670,4,,,1,30,,11559,4,,,1,70,,11560,4,,,1,30,,11562,4,,,1,70,,11558,4,,,1,30,,109,4,,,1
21101,'5',1850,,11568,4,,,1,70,,11567,4,,,1,30,,11569,4,,,1,70,,11570,4,,,1,30,,11565,4,,,1,70,,11566,4,,,1,30,,11572,4,,,1,70,,11564,4,,,1,30,,11571,4,,,1
21101,'7',720,,11580,4,,,1,30,,11590,4,,,1,70,,11588,4,,,1,30,,11598,4,,,1,70,,11591,4,,,1,30,,11586,4,,,1,70,,11581,4,,,1,30,,11593,4,,,1,70,,11597,4,,,1,30,,11594,4,,,1,70,,11592,4,,,1,30,,11576,4,,,1,70,,11596,4,,,1,30,,11575,4,,,1,70,,11587,4,,,1,30,,11584,4,,,1,70,,11582,4,,,1,30,,11599,4,,,1,70,,11577,4,,,1,30,,11579,4,,,1,70,,11574,4,,,1,30,,11595,4,,,1,70,,11585,4,,,1,30,,11573,4,,,1,70,,11578,4,,,1,30,,11583,4,,,1,70,,11589,4,,,1
21101,'9',1850,,11603,4,,,1,70,,2876,4,,,1,30,,11604,4,,,1,70,,2752,4,,,1,30,,11601,4,,,1,70,,11602,4,,,1,30,,11605,4,,,1,70,,11600,4,,,1,30,,166,4,,,1
