10301,'14',615,,3306,14,,,1,100,,25,14,,,1,30,,3307,14,,,1,70,,3297,14,,,1,30,,3301,14,,,1,70,,3303,14,,,1,30,,3295,14,,,1,70,,3292,14,,,1,100,,3290,14,,,1,100,,3294,14,,,1,100,,3302,14,,,1,100,,3291,14,,,1,100,,3293,14,,,1,30,,3299,14,,,1,70,,3300,14,,,1,30,,541,14,,,1,70,,3304,14,,,1,30,,3305,14,,,1,70,,3296,14,,,1,30,,3298,14,,,1
10301,'18',615,,3326,14,,,1,100,,3313,14,,,1,30,,3327,14,,,1,70,,3317,14,,,1,30,,3321,14,,,1,70,,3323,14,,,1,30,,3315,14,,,1,70,,3310,14,,,1,100,,3308,14,,,1,100,,3314,14,,,1,100,,3322,14,,,1,100,,3309,14,,,1,100,,3311,14,,,1,30,,3319,14,,,1,70,,3320,14,,,1,30,,3312,14,,,1,70,,3324,14,,,1,30,,3325,14,,,1,70,,3316,14,,,1,30,,3318,14,,,1
10301,'20',615,,3343,14,,,1,100,,7,14,,,1,30,,3333,14,,,1,70,,3334,14,,,1,30,,3344,14,,,1,70,,3339,14,,,1,30,,3340,14,,,1,70,,3330,14,,,1,100,,3328,14,,,1,100,,3332,14,,,1,100,,3338,14,,,1,100,,3329,14,,,1,100,,3331,14,,,1,30,,3336,14,,,1,70,,3337,14,,,1,30,,503,14,,,1,70,,3341,14,,,1,30,,3342,14,,,1,70,,1140,14,,,1,30,,3335,14,,,1
10301,'8',615,,3363,14,,,1,100,,3350,14,,,1,30,,3352,14,,,1,70,,3354,14,,,1,30,,3364,14,,,1,70,,3359,14,,,1,30,,3360,14,,,1,70,,3347,14,,,1,100,,3345,14,,,1,100,,3351,14,,,1,100,,3358,14,,,1,100,,3346,14,,,1,100,,3348,14,,,1,30,,3356,14,,,1,70,,3357,14,,,1,30,,3349,14,,,1,70,,3361,14,,,1,30,,3362,14,,,1,70,,3353,14,,,1,30,,3355,14,,,1
20301,'11',711,,6302,9,0,9 3 10,1,30,,6297,9,0,9 3 10,1,70,,6289,9,0,9 3 10,1,30,,6283,9,0,9 3 10,1,70,,6292,9,0,9 3 10,1,30,,6287,9,0,9 3 10,1,70,,6284,9,0,9 3 10,1,30,,6291,9,0,9 3 10,1,70,,6286,9,0,9 3 10,1,30,,6303,9,0,9 3 10,1,70,,6282,9,0,9 3 10,1,30,,2455,9,0,9 3 10,1,70,,6281,9,0,9 3 10,1,30,,6294,9,0,9 3 10,1,70,,6298,9,0,9 3 10,1,30,,6300,9,0,9 3 10,1,70,,6288,9,0,9 3 10,1,30,,6285,9,0,9 3 10,1,70,,6295,9,0,9 3 10,1,30,,6304,9,0,9 3 10,1,70,,2277,9,0,9 3 10,1,30,,6299,9,0,9 3 10,1,70,,2286,9,0,9 3 10,1,30,,6301,9,0,9 3 10,1,70,,6293,9,0,9 3 10,1,30,,6290,9,0,9 3 10,1,70,,6296,9,0,9 3 10,1,30,,6280,9,0,9 3 10,1
20301,'14',1911,,925,9,0,9 3 10,1,30,,6308,9,0,9 3 10,1,70,,6311,9,0,9 3 10,1,30,,6313,9,0,9 3 10,1,70,,6306,9,0,9 3 10,1,30,,6305,9,0,9 3 10,1,70,,6310,9,0,9 3 10,1,30,,6309,9,0,9 3 10,1,70,,6312,9,0,9 3 10,1,30,,6307,9,0,9 3 10,1
20301,'18',1911,,6319,9,0,9 3 10,1,30,,6317,9,0,9 3 10,1,70,,6322,9,0,9 3 10,1,30,,6324,9,0,9 3 10,1,70,,6316,9,0,9 3 10,1,30,,6315,9,0,9 3 10,1,70,,6321,9,0,9 3 10,1,30,,6320,9,0,9 3 10,1,70,,6323,9,0,9 3 10,1,30,,6318,9,0,9 3 10,1
20301,'20',1911,,913,9,0,9 3 10,1,30,,6328,9,0,9 3 10,1,70,,6331,9,0,9 3 10,1,30,,6333,9,0,9 3 10,1,70,,6326,9,0,9 3 10,1,30,,6325,9,0,9 3 10,1,70,,6330,9,0,9 3 10,1,30,,6329,9,0,9 3 10,1,70,,6332,9,0,9 3 10,1,30,,6327,9,0,9 3 10,1
20301,'4',711,,6359,9,0,9 3 10,1,30,,6354,9,0,9 3 10,1,70,,6346,9,0,9 3 10,1,30,,6337,9,0,9 3 10,1,70,,6349,9,0,9 3 10,1,30,,6342,9,0,9 3 10,1,70,,6338,9,0,9 3 10,1,30,,6348,9,0,9 3 10,1,70,,6341,9,0,9 3 10,1,30,,6360,9,0,9 3 10,1,70,,6336,9,0,9 3 10,1,30,,6344,9,0,9 3 10,1,70,,6335,9,0,9 3 10,1,30,,6351,9,0,9 3 10,1,70,,6355,9,0,9 3 10,1,30,,6357,9,0,9 3 10,1,70,,6343,9,0,9 3 10,1,30,,6340,9,0,9 3 10,1,70,,6352,9,0,9 3 10,1,30,,6361,9,0,9 3 10,1,70,,6339,9,0,9 3 10,1,30,,6356,9,0,9 3 10,1,70,,6345,9,0,9 3 10,1,30,,6358,9,0,9 3 10,1,70,,6350,9,0,9 3 10,1,30,,6347,9,0,9 3 10,1,70,,6353,9,0,9 3 10,1,30,,6334,9,0,9 3 10,1
20301,'8',1911,,6367,9,0,9 3 10,1,30,,6365,9,0,9 3 10,1,70,,6370,9,0,9 3 10,1,30,,6372,9,0,9 3 10,1,70,,6364,9,0,9 3 10,1,30,,6363,9,0,9 3 10,1,70,,6369,9,0,9 3 10,1,30,,6368,9,0,9 3 10,1,70,,6371,9,0,9 3 10,1,30,,6366,9,0,9 3 10,1
