10101,'12',645,,8375,9,,,1,70,,8371,9,,,1,30,,8379,9,,,1,70,,8383,9,,,1,30,,8382,9,,,1,70,,8386,9,,,1,30,,8376,9,,,1,100,,8380,9,,,1,100,,8373,9,,,1,100,,8372,9,,,1,100,,8384,9,,,1,101,,8387,9,,,1,70,,8374,9,,,1,30,,8381,9,,,1,70,,8385,9,,,1,30,,8378,9,,,1,70,,8377,9,,,1,30,,5551,9,,,1
10101,'5',645,,8392,9,,,1,70,,8388,9,,,1,30,,8396,9,,,1,70,,8400,9,,,1,30,,8399,9,,,1,70,,8404,9,,,1,30,,8393,9,,,1,100,,8397,9,,,1,100,,8390,9,,,1,100,,8389,9,,,1,100,,8401,9,,,1,101,,8405,9,,,1,70,,8391,9,,,1,30,,8398,9,,,1,70,,8403,9,,,1,30,,8395,9,,,1,70,,8394,9,,,1,30,,8402,9,,,1
10101,'9',645,,8410,9,,,1,70,,8406,9,,,1,30,,8414,9,,,1,70,,8418,9,,,1,30,,8417,9,,,1,70,,8421,9,,,1,30,,8411,9,,,1,100,,8415,9,,,1,100,,8408,9,,,1,100,,8407,9,,,1,100,,8419,9,,,1,101,,8422,9,,,1,70,,8409,9,,,1,30,,8416,9,,,1,70,,8420,9,,,1,30,,8413,9,,,1,70,,8412,9,,,1,30,,5480,9,,,1
11101,'12',621,,9967,6,,,1,30,,9958,6,,,1,70,,9963,6,,,1,30,,9964,6,,,1,70,,9959,6,,,1,30,,9954,6,,,1,70,,9968,6,,,1,30,,9961,6,,,1,70,,9960,6,,,1,30,,9956,6,,,1,70,,9950,6,,,1,30,,9957,6,,,1,70,,9955,6,,,1,30,,9969,6,,,1,70,,9966,6,,,1,30,,9948,6,,,1,71,,9952,6,,,1,30,,9965,6,,,1,70,,3419,6,,,1,30,,6994,6,,,1,70,,9951,6,,,1,30,,9949,6,,,1,70,,9953,6,,,1,30,,4114,6,,,1,70,,9962,6,,,1
11101,'5',621,,9993,6,,,1,30,,9982,6,,,1,70,,9989,6,,,1,30,,9991,6,,,1,70,,9983,6,,,1,30,,9978,6,,,1,70,,9994,6,,,1,30,,9987,6,,,1,70,,9984,6,,,1,30,,9971,6,,,1,70,,9974,6,,,1,30,,9986,6,,,1,70,,9979,6,,,1,30,,9975,6,,,1,70,,9977,6,,,1,30,,9990,6,,,1,71,,9976,6,,,1,30,,9980,6,,,1,70,,9985,6,,,1,30,,9981,6,,,1,70,,9988,6,,,1,30,,9992,6,,,1,70,,9970,6,,,1,30,,9972,6,,,1,70,,9973,6,,,1
11101,'9',621,,10015,6,,,1,30,,10004,6,,,1,70,,10011,6,,,1,30,,10013,6,,,1,70,,10005,6,,,1,30,,5329,6,,,1,70,,10016,6,,,1,30,,10008,6,,,1,70,,10006,6,,,1,30,,3009,6,,,1,70,,9996,6,,,1,30,,10000,6,,,1,70,,10001,6,,,1,30,,9997,6,,,1,70,,10009,6,,,1,30,,10007,6,,,1,71,,9998,6,,,1,30,,7182,6,,,1,70,,10002,6,,,1,30,,9999,6,,,1,70,,10010,6,,,1,30,,10014,6,,,1,70,,10003,6,,,1,30,,10012,6,,,1,70,,9995,6,,,1
21101,'12',1851,,11563,6,,,1,70,,2910,6,,,1,30,,11561,6,,,1,70,,2670,6,,,1,30,,11559,6,,,1,70,,11560,6,,,1,30,,11562,6,,,1,70,,11558,6,,,1,30,,109,6,,,1
21101,'5',1851,,11568,6,,,1,70,,11567,6,,,1,30,,11569,6,,,1,70,,11570,6,,,1,30,,11565,6,,,1,70,,11566,6,,,1,30,,11572,6,,,1,70,,11564,6,,,1,30,,11571,6,,,1
21101,'7',721,,11580,6,,,1,30,,11590,6,,,1,70,,11588,6,,,1,30,,11598,6,,,1,70,,11591,6,,,1,30,,11586,6,,,1,70,,11581,6,,,1,30,,11593,6,,,1,70,,11597,6,,,1,30,,11594,6,,,1,70,,11592,6,,,1,30,,11576,6,,,1,70,,11596,6,,,1,30,,11575,6,,,1,70,,11587,6,,,1,30,,11584,6,,,1,70,,11582,6,,,1,30,,11599,6,,,1,70,,11577,6,,,1,30,,11579,6,,,1,70,,11574,6,,,1,30,,11595,6,,,1,70,,11585,6,,,1,30,,11573,6,,,1,70,,11578,6,,,1,30,,11583,6,,,1,70,,11589,6,,,1
21101,'9',1851,,11603,6,,,1,70,,2876,6,,,1,30,,11604,6,,,1,70,,2752,6,,,1,30,,11601,6,,,1,70,,11602,6,,,1,30,,11605,6,,,1,70,,11600,6,,,1,30,,166,6,,,1
