10400,'14',632,,3370,5,0,11 12,1,70,,3372,5,0,11 12,1,30,,3371,5,0,11 12,1,70,,3375,5,0,11 12,1,30,,3373,5,0,11 12,1,70,,3365,5,0,11 12,1,30,,3366,5,0,11 12,1,70,,3384,5,0,11 12,1,30,,3383,5,0,11 12,1,70,,3385,5,0,11 12,1,30,,3368,5,0,11 12,1,70,,3378,5,0,11 12,1,30,,3380,5,0,11 12,1,70,,3382,5,0,11 12,1,30,,3381,5,0,11 12,1,70,,3386,5,0,11 12,1,30,,3376,5,0,11 12,1,70,,3374,5,0,11 12,1,30,,3377,5,0,11 12,1,70,,1660,5,0,11 12,1,30,,3369,5,0,11 12,1,70,,3367,5,0,11 12,1,30,,3379,5,0,11 12,1,70,,3388,5,0,11 12,1,30,,3387,5,0,11 12,1
10400,'18',632,,3394,5,0,11 12,1,70,,3396,5,0,11 12,1,30,,3395,5,0,11 12,1,70,,3399,5,0,11 12,1,30,,3397,5,0,11 12,1,70,,3389,5,0,11 12,1,30,,3390,5,0,11 12,1,70,,3409,5,0,11 12,1,30,,3408,5,0,11 12,1,70,,3410,5,0,11 12,1,30,,3392,5,0,11 12,1,70,,3402,5,0,11 12,1,30,,3404,5,0,11 12,1,70,,3407,5,0,11 12,1,30,,3405,5,0,11 12,1,70,,3411,5,0,11 12,1,30,,3400,5,0,11 12,1,70,,3398,5,0,11 12,1,30,,3401,5,0,11 12,1,70,,3406,5,0,11 12,1,30,,3393,5,0,11 12,1,70,,3391,5,0,11 12,1,30,,3403,5,0,11 12,1,70,,3413,5,0,11 12,1,30,,3412,5,0,11 12,1
10400,'20',632,,3419,5,0,11 12,1,70,,3421,5,0,11 12,1,30,,3420,5,0,11 12,1,70,,3424,5,0,11 12,1,30,,3422,5,0,11 12,1,70,,3414,5,0,11 12,1,30,,3415,5,0,11 12,1,70,,3432,5,0,11 12,1,30,,3431,5,0,11 12,1,70,,3433,5,0,11 12,1,30,,3417,5,0,11 12,1,70,,3426,5,0,11 12,1,30,,3428,5,0,11 12,1,70,,3430,5,0,11 12,1,30,,3429,5,0,11 12,1,70,,3434,5,0,11 12,1,30,,3425,5,0,11 12,1,70,,3423,5,0,11 12,1,30,,1230,5,0,11 12,1,70,,1614,5,0,11 12,1,30,,3418,5,0,11 12,1,70,,3416,5,0,11 12,1,30,,3427,5,0,11 12,1,70,,3436,5,0,11 12,1,30,,3435,5,0,11 12,1
10400,'8',632,,3442,5,0,11 12,1,70,,3444,5,0,11 12,1,30,,3443,5,0,11 12,1,70,,3447,5,0,11 12,1,30,,3445,5,0,11 12,1,70,,3437,5,0,11 12,1,30,,3438,5,0,11 12,1,70,,3457,5,0,11 12,1,30,,3456,5,0,11 12,1,70,,3458,5,0,11 12,1,30,,3440,5,0,11 12,1,70,,3450,5,0,11 12,1,30,,3452,5,0,11 12,1,70,,3455,5,0,11 12,1,30,,3453,5,0,11 12,1,70,,3459,5,0,11 12,1,30,,3448,5,0,11 12,1,70,,3446,5,0,11 12,1,30,,3449,5,0,11 12,1,70,,3454,5,0,11 12,1,30,,3441,5,0,11 12,1,70,,3439,5,0,11 12,1,30,,3451,5,0,11 12,1,70,,3461,5,0,11 12,1,30,,3460,5,0,11 12,1
20301,'14',2402,,375,6,0,11 12,1
20301,'18',2402,,6314,6,0,11 12,1
20301,'20',2402,,325,6,0,11 12,1
20301,'8',2402,,6362,6,0,11 12,1
20400,'11',733,,6391,6,,,1,70,,6384,6,,,1,30,,6389,6,,,1,70,,6373,6,,,1,30,,6390,6,,,1,70,,6374,6,,,1,30,,6399,6,,,1,70,,6380,6,,,1,30,,6387,6,,,1,70,,6383,6,,,1,30,,6398,6,,,1,70,,6394,6,,,1,30,,2564,6,,,1,70,,6397,6,,,1,30,,6395,6,,,1,70,,6388,6,,,1,30,,6381,6,,,1,70,,6393,6,,,1,30,,6396,6,,,1,70,,6377,6,,,1,30,,6382,6,,,1,70,,6386,6,,,1,30,,6375,6,,,1,70,,6376,6,,,1,30,,6385,6,,,1,70,,6379,6,,,1,30,,6378,6,,,1,70,,6392,6,,,1
20400,'14',1903,,6403,6,,,1,30,,6405,6,,,1,70,,6402,6,,,1,30,,6404,6,,,1,70,,6406,6,,,1,30,,1277,6,,,1,70,,6401,6,,,1,30,,206,6,,,1,70,,301,6,,,1,30,,6400,6,,,1
20400,'18',1903,,6412,6,,,1,30,,6415,6,,,1,70,,6411,6,,,1,30,,6414,6,,,1,70,,6416,6,,,1,30,,6410,6,,,1,70,,6409,6,,,1,30,,6408,6,,,1,70,,6413,6,,,1,30,,6407,6,,,1
20400,'20',1903,,6420,6,,,1,30,,6422,6,,,1,70,,6419,6,,,1,30,,6421,6,,,1,70,,6423,6,,,1,30,,1255,6,,,1,70,,6418,6,,,1,30,,187,6,,,1,70,,276,6,,,1,30,,6417,6,,,1
20400,'4',733,,6443,6,,,1,70,,6436,6,,,1,30,,6441,6,,,1,70,,6424,6,,,1,30,,6442,6,,,1,70,,6425,6,,,1,30,,6451,6,,,1,70,,6432,6,,,1,30,,6439,6,,,1,70,,6435,6,,,1,30,,6450,6,,,1,70,,6446,6,,,1,30,,6426,6,,,1,70,,6449,6,,,1,30,,6447,6,,,1,70,,6440,6,,,1,30,,6433,6,,,1,70,,6445,6,,,1,30,,6448,6,,,1,70,,6429,6,,,1,30,,6434,6,,,1,70,,6438,6,,,1,30,,6427,6,,,1,70,,6428,6,,,1,30,,6437,6,,,1,70,,6431,6,,,1,30,,6430,6,,,1,70,,6444,6,,,1
20400,'8',1903,,6457,6,,,1,30,,6460,6,,,1,70,,6456,6,,,1,30,,6459,6,,,1,70,,6461,6,,,1,30,,6455,6,,,1,70,,6454,6,,,1,30,,6453,6,,,1,70,,6458,6,,,1,30,,6452,6,,,1
