10500,'13',605,,425,17,4,,1,100,,444,17,4,,1,30,,417,17,4,,1,70,,452,17,4,,1,30,,447,17,4,,1,70,,428,17,4,,1,30,,430,17,4,,1,70,,442,17,4,,1,100,,427,17,4,,1,100,,445,17,4,,1,100,,423,17,4,,1,100,,418,17,4,,1,100,,415,17,4,,1,30,,435,17,4,,1,70,,424,17,4,,1,30,,439,17,4,,1,70,,416,17,4,,1,30,,450,17,4,,1,70,,431,17,4,,1
10500,'9',605,,463,17,4,,1,100,,482,17,4,,1,30,,455,17,4,,1,70,,490,17,4,,1,30,,485,17,4,,1,70,,466,17,4,,1,30,,468,17,4,,1,70,,480,17,4,,1,100,,465,17,4,,1,100,,483,17,4,,1,100,,461,17,4,,1,100,,456,17,4,,1,100,,453,17,4,,1,30,,473,17,4,,1,70,,462,17,4,,1,30,,477,17,4,,1,70,,454,17,4,,1,30,,488,17,4,,1,70,,469,17,4,,1
10501,'13',615,,513,1,0,14 15 16,1,100,,491,1,0,14 15 16,1,30,,494,1,0,14 15 16,1,70,,503,1,0,14 15 16,1,30,,496,1,0,14 15 16,1,70,,509,1,0,14 15 16,1,30,,523,1,0,14 15 16,1,70,,524,1,0,14 15 16,1,100,,522,1,0,14 15 16,1,100,,508,1,0,14 15 16,1,100,,517,1,0,14 15 16,1,100,,512,1,0,14 15 16,1,100,,528,1,0,14 15 16,1,30,,499,1,0,14 15 16,1,70,,493,1,0,14 15 16,1,30,,516,1,0,14 15 16,1,70,,492,1,0,14 15 16,1,30,,520,1,0,14 15 16,1,70,,497,1,0,14 15 16,1
10501,'9',615,,551,1,0,14 15 16,1,100,,529,1,0,14 15 16,1,30,,532,1,0,14 15 16,1,70,,541,1,0,14 15 16,1,30,,534,1,0,14 15 16,1,70,,547,1,0,14 15 16,1,30,,561,1,0,14 15 16,1,70,,562,1,0,14 15 16,1,100,,560,1,0,14 15 16,1,100,,546,1,0,14 15 16,1,100,,555,1,0,14 15 16,1,100,,550,1,0,14 15 16,1,100,,566,1,0,14 15 16,1,30,,537,1,0,14 15 16,1,70,,531,1,0,14 15 16,1,30,,554,1,0,14 15 16,1,70,,530,1,0,14 15 16,1,30,,558,1,0,14 15 16,1,70,,535,1,0,14 15 16,1
10901,'13',608,,942,2,4,,1,2,,943,1,,,1,3,,975,3,4,,1,2,,951,1,,,1,93,,948,2,4,,1,2,,971,1,,,1,3,,974,3,4,,1,2,,973,1,,,1,93,,962,2,4,,1,2,,945,1,,,1,3,,936,3,4,,1,2,,967,1,,,1,93,,929,2,4,,1,2,,965,1,,,1,3,,941,3,4,,1,2,,947,1,,,1,93,,970,2,4,,1,2,,968,1,,,1,3,,959,3,4,,1,2,,961,1,,,1,93,,930,2,4,,1,2,,960,1,,,1,3,,955,3,4,,1,2,,957,1,,,1,93,,958,2,4,,1,2,,946,1,,,1,3,,949,3,4,,1,2,,938,1,,,1,93,,933,2,4,,1,2,,963,1,,,1,3,,932,3,4,,1,2,,953,1,,,1,93,,935,2,4,,1,2,,976,1,,,1,3,,966,3,4,,1,2,,944,1,,,1,93,,939,2,4,,1,2,,954,1,,,1,3,,950,3,4,,1,2,,931,1,,,1,93,,952,2,4,,1,2,,969,1,,,1,3,,937,3,4,,1,2,,940,1,,,1,93,,956,2,4,,1,2,,934,1,,,1,3,,964,3,4,,1,2,,972,1,,,1
10901,'9',608,,990,2,4,,1,2,,991,1,,,1,3,,1023,3,4,,1,2,,999,1,,,1,93,,996,2,4,,1,2,,1019,1,,,1,3,,1022,3,4,,1,2,,1021,1,,,1,93,,1010,2,4,,1,2,,993,1,,,1,3,,984,3,4,,1,2,,1015,1,,,1,93,,977,2,4,,1,2,,1013,1,,,1,3,,989,3,4,,1,2,,995,1,,,1,93,,1018,2,4,,1,2,,1016,1,,,1,3,,1007,3,4,,1,2,,1009,1,,,1,93,,978,2,4,,1,2,,1008,1,,,1,3,,1003,3,4,,1,2,,1005,1,,,1,93,,1006,2,4,,1,2,,994,1,,,1,3,,997,3,4,,1,2,,986,1,,,1,93,,981,2,4,,1,2,,1011,1,,,1,3,,980,3,4,,1,2,,1001,1,,,1,93,,983,2,4,,1,2,,1024,1,,,1,3,,1014,3,4,,1,2,,992,1,,,1,93,,987,2,4,,1,2,,1002,1,,,1,3,,998,3,4,,1,2,,979,1,,,1,93,,1000,2,4,,1,2,,1017,1,,,1,3,,985,3,4,,1,2,,988,1,,,1,93,,1004,2,4,,1,2,,982,1,,,1,3,,1012,3,4,,1,2,,1020,1,,,1
11300,'13',639,,1326,28,4,,1,1,,1320,1,,,1,3,,1330,3,4,,1,96,,1318,28,4,,1,1,,1331,1,,,1,3,,1329,3,4,,1,96,,1297,28,4,,1,1,,1311,1,,,1,3,,1324,3,4,,1,96,,1308,28,4,,1,1,,1306,1,,,1,3,,1317,3,4,,1,96,,1313,28,4,,1,1,,1293,1,,,1,3,,1315,3,4,,1,96,,1295,28,4,,1,1,,1328,1,,,1,3,,1307,3,4,,1,96,,1304,28,4,,1,1,,1314,1,,,1,3,,1323,3,4,,1,96,,1298,28,4,,1,1,,1300,1,,,1,3,,1327,3,4,,1,96,,1294,28,4,,1,1,,1325,1,,,1,3,,1302,3,4,,1,96,,1305,28,4,,1,1,,1299,1,,,1,3,,1301,3,4,,1,96,,1310,28,4,,1,1,,1296,1,,,1,3,,1321,3,4,,1,96,,1322,28,4,,1,1,,1309,1,,,1,3,,1319,3,4,,1,96,,1312,28,4,,1,1,,1303,1,,,1,3,,1316,3,4,,1
11300,'9',639,,1359,28,4,,1,1,,1356,1,,,1,3,,1364,3,4,,1,96,,1354,28,4,,1,1,,1367,1,,,1,3,,1362,3,4,,1,96,,1341,28,4,,1,1,,1349,1,,,1,3,,1357,3,4,,1,96,,1348,28,4,,1,1,,1346,1,,,1,3,,1353,3,4,,1,96,,1351,28,4,,1,1,,1332,1,,,1,3,,1352,3,4,,1,96,,1340,28,4,,1,1,,1361,1,,,1,3,,1347,3,4,,1,96,,1370,28,4,,1,1,,1336,1,,,1,3,,1363,3,4,,1,96,,1342,28,4,,1,1,,1345,1,,,1,3,,1360,3,4,,1,96,,1365,28,4,,1,1,,1343,1,,,1,3,,1339,3,4,,1,96,,1355,28,4,,1,1,,1335,1,,,1,3,,1358,3,4,,1,96,,1350,28,4,,1,1,,1334,1,,,1,3,,1337,3,4,,1,96,,1333,28,4,,1,1,,1368,1,,,1,3,,1338,3,4,,1,96,,1366,28,4,,1,1,,1344,1,,,1,3,,1369,3,4,,1
11301,'13',645,,1381,1,0,14 15 16,1,100,,1382,1,0,14 15 16,1,100,,1407,1,0,14 15 16,1,100,,1403,1,0,14 15 16,1,100,,1402,1,0,14 15 16,1,100,,1408,1,0,14 15 16,1,100,,1392,1,0,14 15 16,1,100,,1399,1,0,14 15 16,1,100,,1372,1,0,14 15 16,1,100,,1391,1,0,14 15 16,1,100,,1388,1,0,14 15 16,1,100,,1384,1,0,14 15 16,1,100,,1383,1,0,14 15 16,1
11301,'9',645,,1422,1,0,14 15 16,1,100,,1423,1,0,14 15 16,1,100,,1445,1,0,14 15 16,1,100,,1440,1,0,14 15 16,1,100,,1439,1,0,14 15 16,1,100,,1446,1,0,14 15 16,1,100,,1427,1,0,14 15 16,1,100,,1438,1,0,14 15 16,1,100,,1436,1,0,14 15 16,1,100,,1449,1,0,14 15 16,1,100,,1413,1,0,14 15 16,1,100,,1426,1,0,14 15 16,1,100,,1424,1,0,14 15 16,1
20500,'13',1904,,2002,14,4,,1,100,,2005,14,4,,1,100,,2004,14,4,,1,100,,2006,14,4,,1
20500,'6',704,,2035,14,4,,1,100,,2030,14,4,,1,100,,2031,14,4,,1,100,,2032,14,4,,1,100,,2010,14,4,,1,100,,2020,14,4,,1,100,,2017,14,4,,1,100,,2024,14,4,,1,100,,2027,14,4,,1,100,,2019,14,4,,1,100,,2029,14,4,,1,100,,2025,14,4,,1,100,,2023,14,4,,1,100,,2022,14,4,,1
20500,'9',1904,,2038,14,4,,1,100,,2041,14,4,,1,100,,2040,14,4,,1,100,,2042,14,4,,1
20501,'13',1915,,2046,1,,,1,100,,2048,1,,,1,100,,2051,1,,,1,100,,2047,1,,,1
20501,'6',715,,2053,1,,,1,100,,2071,1,,,1,100,,2067,1,,,1,100,,2079,1,,,1,100,,2078,1,,,1,100,,2076,1,,,1,100,,2055,1,,,1,100,,2070,1,,,1,100,,2059,1,,,1,100,,2072,1,,,1,100,,2073,1,,,1,100,,2056,1,,,1,100,,2074,1,,,1,100,,2065,1,,,1
20501,'9',1915,,2082,1,,,1,100,,2084,1,,,1,100,,2087,1,,,1,100,,2083,1,,,1
20901,'13',1809,,2258,2,4,,1,1,,2255,1,,,1,3,,2269,3,4,,1,2,,2256,1,,,1,94,,2268,2,4,,1,1,,2253,1,,,1,3,,2260,3,4,,1,2,,2259,1,,,1,94,,2254,2,4,,1,1,,2251,1,,,1,3,,2261,3,4,,1,2,,2267,1,,,1,94,,2252,2,4,,1,1,,2262,1,,,1,3,,2270,3,4,,1,2,,2264,1,,,1,94,,2265,2,4,,1,1,,2257,1,,,1,3,,2266,3,4,,1,2,,2263,1,,,1
20901,'6',709,,2322,2,4,,1,1,,2310,1,,,1,3,,2324,3,4,,1,2,,2296,1,,,1,94,,2292,2,4,,1,1,,2287,1,,,1,3,,2319,3,4,,1,2,,2278,1,,,1,94,,2295,2,4,,1,1,,2284,1,,,1,3,,2274,3,4,,1,2,,2311,1,,,1,94,,2309,2,4,,1,1,,2272,1,,,1,3,,2308,3,4,,1,2,,2282,1,,,1,94,,2286,2,4,,1,1,,2303,1,,,1,3,,2320,3,4,,1,2,,2302,1,,,1,94,,2318,2,4,,1,1,,2323,1,,,1,3,,2301,3,4,,1,2,,2289,1,,,1,94,,2281,2,4,,1,1,,2280,1,,,1,3,,2283,3,4,,1,2,,2293,1,,,1,94,,2300,2,4,,1,1,,2276,1,,,1,3,,2291,3,4,,1,2,,2326,1,,,1,94,,2312,2,4,,1,1,,2304,1,,,1,3,,2307,3,4,,1,2,,2314,1,,,1,94,,2290,2,4,,1,1,,2325,1,,,1,3,,2275,3,4,,1,2,,2316,1,,,1,94,,2285,2,4,,1,1,,2273,1,,,1,3,,2298,3,4,,1,2,,2294,1,,,1,94,,2299,2,4,,1,1,,2279,1,,,1,3,,2306,3,4,,1,2,,2321,1,,,1,94,,2277,2,4,,1,1,,2305,1,,,1,3,,2288,3,4,,1,2,,2271,1,,,1,94,,2297,2,4,,1,1,,2317,1,,,1,3,,2313,3,4,,1,2,,2315,1,,,1
20901,'9',1809,,2334,2,4,,1,1,,2331,1,,,1,3,,2345,3,4,,1,2,,2332,1,,,1,94,,2340,2,4,,1,1,,2327,1,,,1,3,,2337,3,4,,1,2,,2335,1,,,1,94,,2341,2,4,,1,1,,2328,1,,,1,3,,2342,3,4,,1,2,,2346,1,,,1,94,,2343,2,4,,1,1,,2333,1,,,1,3,,2329,3,4,,1,2,,2330,1,,,1,94,,2336,2,4,,1,1,,2338,1,,,1,3,,2344,3,4,,1,2,,2339,1,,,1
21300,'13',1938,,2532,28,4,,1,100,,2530,28,4,,1,100,,2533,28,4,,1,100,,2531,28,4,,1
21300,'6',738,,2542,28,4,,1,100,,2534,28,4,,1,100,,2538,28,4,,1,100,,2537,28,4,,1,100,,2540,28,4,,1,100,,2543,28,4,,1,100,,2545,28,4,,1,100,,2535,28,4,,1,100,,2539,28,4,,1,100,,2541,28,4,,1,100,,2536,28,4,,1,100,,2546,28,4,,1,100,,2544,28,4,,1
21300,'9',1938,,2549,28,4,,1,100,,2547,28,4,,1,100,,2550,28,4,,1,100,,2548,28,4,,1
21301,'13',1945,,2556,1,,,1,100,,2554,1,,,1,100,,2561,1,,,1,100,,2553,1,,,1
21301,'6',745,,2573,1,,,1,100,,2589,1,,,1,100,,2591,1,,,1,100,,2579,1,,,1,100,,2574,1,,,1,100,,2563,1,,,1,100,,2582,1,,,1,100,,2587,1,,,1,100,,2577,1,,,1,100,,2566,1,,,1,100,,2597,1,,,1,100,,2586,1,,,1,100,,2601,1,,,1
21301,'9',1945,,2607,1,,,1,100,,2605,1,,,1,100,,2612,1,,,1,100,,2604,1,,,1
