10500,'10',548,,9938,3,,,1,100,,12397,3,,,1,70,,12390,3,,,1,30,,12375,3,,,1,70,,12376,3,,,1,30,,12398,3,,,1,70,,12372,3,,,1,30,,12393,3,,,1,100,,12370,3,,,1,100,,12364,3,,,1,100,,12367,3,,,1,100,,12389,3,,,1,100,,8760,3,,,1,70,,12369,3,,,1,30,,12377,3,,,1,70,,12384,3,,,1,30,,12373,3,,,1,70,,12391,3,,,1,30,,12399,3,,,1
10500,'13',548,,12413,3,,,1,100,,12434,3,,,1,70,,12427,3,,,1,30,,12411,3,,,1,70,,12412,3,,,1,30,,12435,3,,,1,70,,12408,3,,,1,30,,12430,3,,,1,100,,12406,3,,,1,100,,12400,3,,,1,100,,12403,3,,,1,100,,12426,3,,,1,100,,8711,3,,,1,70,,12405,3,,,1,30,,12414,3,,,1,70,,12421,3,,,1,30,,12409,3,,,1,70,,12428,3,,,1,30,,12436,3,,,1
11301,'10',600,,13255,3,,,1,100,,10009,3,,,1,100,,13262,3,,,1,100,,7972,3,,,1,100,,13250,3,,,1,100,,13259,3,,,1,100,,13254,3,,,1,100,,13242,3,,,1,100,,13265,3,,,1,100,,13243,3,,,1,100,,13261,3,,,1,100,,13253,3,,,1,100,,13269,3,,,1,100,,13274,3,,,1
11301,'13',600,,13299,3,,,1,100,,13294,3,,,1,100,,13306,3,,,1,100,,13284,3,,,1,100,,13292,3,,,1,100,,13303,3,,,1,100,,13298,3,,,1,100,,13297,3,,,1,100,,13308,3,,,1,100,,13288,3,,,1,100,,13286,3,,,1,100,,13277,3,,,1,100,,13291,3,,,1,100,,13314,3,,,1
20500,'10',1848,,13819,3,,,1,100,,13817,3,,,1,100,,13820,3,,,1,100,,13823,3,,,1
20500,'13',1848,,13827,3,,,1,100,,13825,3,,,1,100,,13828,3,,,1,100,,13830,3,,,1
20500,'7',648,,13835,3,,,1,100,,13832,3,,,1,100,,13845,3,,,1,100,,13842,3,,,1,100,,13856,3,,,1,100,,13852,3,,,1,100,,13844,3,,,1,100,,13850,3,,,1,100,,13839,3,,,1,100,,13851,3,,,1,100,,13849,3,,,1,100,,13837,3,,,1,100,,11244,3,,,1,100,,13846,3,,,1
21301,'10',1959,,10605,3,,,1,100,,14342,3,,,1,100,,11978,3,,,1,100,,14339,3,,,1
21301,'13',1959,,10520,3,,,1,100,,14351,3,,,1,100,,11877,3,,,1,100,,14348,3,,,1
21301,'7',659,,14376,3,,,1,100,,14371,3,,,1,100,,14362,3,,,1,100,,14366,3,,,1,100,,10974,3,,,1,100,,14365,3,,,1,100,,14360,3,,,1,100,,14355,3,,,1,100,,14361,3,,,1,100,,14378,3,,,1,100,,14357,3,,,1,100,,14354,3,,,1,100,,14369,3,,,1,100,,14375,3,,,1
