10100,'14',702,,2603,4,,,1,30,,2868,4,,,1,70,,1656,4,,,1,30,,2872,4,,,1,70,,2869,4,,,1,30,,2880,4,,,1,70,,2878,4,,,1,100,,2873,4,,,1,100,,2881,4,,,1,100,,2877,4,,,1,100,,2876,4,,,1,100,,2867,4,,,1,30,,2875,4,,,1,70,,2879,4,,,1,30,,2882,4,,,1,70,,2870,4,,,1,30,,2871,4,,,1,70,,2874,4,,,1
10100,'18',702,,2890,4,,,1,30,,2884,4,,,1,70,,2895,4,,,1,30,,2888,4,,,1,70,,2885,4,,,1,30,,2898,4,,,1,70,,2896,4,,,1,100,,2889,4,,,1,100,,2899,4,,,1,100,,2894,4,,,1,100,,2893,4,,,1,100,,2883,4,,,1,30,,2892,4,,,1,70,,2897,4,,,1,30,,2900,4,,,1,70,,2886,4,,,1,30,,2887,4,,,1,70,,2891,4,,,1
10100,'20',702,,2552,4,,,1,30,,2902,4,,,1,70,,1610,4,,,1,30,,2906,4,,,1,70,,2903,4,,,1,30,,2914,4,,,1,70,,2912,4,,,1,100,,2907,4,,,1,100,,2915,4,,,1,100,,2911,4,,,1,100,,2910,4,,,1,100,,2901,4,,,1,30,,2909,4,,,1,70,,2913,4,,,1,30,,2916,4,,,1,70,,2904,4,,,1,30,,2905,4,,,1,70,,2908,4,,,1
10100,'8',702,,2924,4,,,1,30,,2918,4,,,1,70,,2929,4,,,1,30,,2922,4,,,1,70,,2919,4,,,1,30,,2932,4,,,1,70,,2930,4,,,1,100,,2923,4,,,1,100,,2933,4,,,1,100,,2928,4,,,1,100,,2927,4,,,1,100,,2917,4,,,1,30,,2926,4,,,1,70,,2931,4,,,1,30,,2934,4,,,1,70,,2920,4,,,1,30,,2921,4,,,1,70,,2925,4,,,1
10600,'14',638,,3956,4,,,1,100,,3951,4,,,1,70,,850,4,,,1,30,,3952,4,,,1,70,,3955,4,,,1,30,,3945,4,,,1,100,,3954,4,,,1,100,,3953,4,,,1,100,,3944,4,,,1,100,,3949,4,,,1,100,,3948,4,,,1,70,,3943,4,,,1,30,,3946,4,,,1,70,,3942,4,,,1,32,,1074,4,,,1,68,,3950,4,,,1,32,,3947,4,,,1
10600,'18',638,,3973,4,,,1,100,,3967,4,,,1,70,,3963,4,,,1,30,,3968,4,,,1,70,,3971,4,,,1,30,,3960,4,,,1,100,,3970,4,,,1,100,,3969,4,,,1,100,,3959,4,,,1,100,,3965,4,,,1,100,,3964,4,,,1,70,,3958,4,,,1,30,,3961,4,,,1,70,,3957,4,,,1,32,,3972,4,,,1,68,,3966,4,,,1,32,,3962,4,,,1
10600,'20',638,,3988,4,,,1,100,,3983,4,,,1,70,,820,4,,,1,30,,3984,4,,,1,70,,3987,4,,,1,30,,3977,4,,,1,100,,3986,4,,,1,100,,3985,4,,,1,100,,3976,4,,,1,100,,3981,4,,,1,100,,3980,4,,,1,70,,3975,4,,,1,30,,3978,4,,,1,70,,3974,4,,,1,32,,1049,4,,,1,68,,3982,4,,,1,32,,3979,4,,,1
10600,'8',638,,4005,4,,,1,100,,3999,4,,,1,70,,3995,4,,,1,30,,4000,4,,,1,70,,4003,4,,,1,30,,3992,4,,,1,100,,4002,4,,,1,100,,4001,4,,,1,100,,3991,4,,,1,100,,3997,4,,,1,100,,3996,4,,,1,70,,3990,4,,,1,30,,3993,4,,,1,70,,3989,4,,,1,32,,4004,4,,,1,68,,3998,4,,,1,32,,3994,4,,,1
20600,'11',737,,6836,4,,,1,70,,6823,4,,,1,30,,6840,4,,,1,70,,6839,4,,,1,30,,6820,4,,,1,70,,6821,4,,,1,30,,6835,4,,,1,71,,6816,4,,,1,29,,6830,4,,,1,70,,6818,4,,,1,30,,6815,4,,,1,70,,6826,4,,,1,30,,6831,4,,,1,71,,6838,4,,,1,29,,6827,4,,,1,70,,6833,4,,,1,30,,6817,4,,,1,70,,6819,4,,,1,30,,6832,4,,,1,70,,6828,4,,,1,30,,6824,4,,,1,70,,6837,4,,,1,31,,6822,4,,,1,69,,6834,4,,,1,30,,6829,4,,,1,70,,6825,4,,,1
20600,'14',1808,,6841,4,,,1,29,,6848,4,,,1,70,,6846,4,,,1,31,,6842,4,,,1,70,,6849,4,,,1,30,,6844,4,,,1,69,,6847,4,,,1,30,,477,4,,,1,70,,6845,4,,,1,30,,6843,4,,,1
20600,'18',1808,,6850,4,,,1,29,,6858,4,,,1,70,,6856,4,,,1,31,,6851,4,,,1,70,,6859,4,,,1,30,,6853,4,,,1,69,,6857,4,,,1,30,,6855,4,,,1,70,,6854,4,,,1,30,,6852,4,,,1
20600,'20',1808,,6860,4,,,1,29,,6867,4,,,1,70,,6865,4,,,1,31,,6861,4,,,1,70,,6868,4,,,1,30,,6863,4,,,1,69,,6866,4,,,1,30,,439,4,,,1,70,,6864,4,,,1,30,,6862,4,,,1
20600,'4',737,,6890,4,,,1,70,,6877,4,,,1,30,,6894,4,,,1,70,,6893,4,,,1,30,,6874,4,,,1,70,,6875,4,,,1,30,,6889,4,,,1,71,,6870,4,,,1,29,,6884,4,,,1,70,,6872,4,,,1,30,,6869,4,,,1,70,,6880,4,,,1,30,,6885,4,,,1,71,,6892,4,,,1,29,,6881,4,,,1,70,,6887,4,,,1,30,,6871,4,,,1,70,,6873,4,,,1,30,,6886,4,,,1,70,,6882,4,,,1,30,,6878,4,,,1,70,,6891,4,,,1,31,,6876,4,,,1,69,,6888,4,,,1,30,,6883,4,,,1,70,,6879,4,,,1
20600,'8',1808,,6895,4,,,1,29,,6903,4,,,1,70,,6901,4,,,1,31,,6896,4,,,1,70,,6904,4,,,1,30,,6898,4,,,1,69,,6902,4,,,1,30,,6900,4,,,1,70,,6899,4,,,1,30,,6897,4,,,1
